230721.42
180005.02
122084.9
78559.48
47293.785
26652.05
14296.828
7732.916
4689.4854
3298.9058
2699.203
2311.522
1997.7723
1745.6898
1585.111
1409.4517
1227.2563
1064.7671
965.04535
885.85077
800.41095
740.69806
678.63965
623.7649
588.8294
553.90216
521.7112
495.48425
463.0104
443.26718
417.37753
398.49615
379.5648
366.5993
355.3657
345.54965
332.92526
322.1776
307.03885
299.24777
288.78183
279.06058
273.9818
269.7757
265.05237
263.4095
255.28757
251.45428
243.54378
235.18465
230.15192
225.76045
224.32005
219.89122
216.5162
213.76614
213.15962
209.39272
207.33672
203.21341
201.66803
200.04721
198.49673
197.13585
195.39534
193.37144
188.95915
186.8797
186.02391
183.8216
180.71075
179.55898
177.19522
175.88954
175.75215
174.97745
174.69534
173.07057
172.57378
172.02676
171.86653
171.86653
168.64128
167.66953
166.54796
166.18448
164.56346
164.07137
163.7523
163.7523
163.5419
163.5419
163.5419
163.5419
163.5419
162.92558
162.92558
162.66231
161.36876
161.36876
161.36876
160.94832
160.196
160.196
160.196
160.196
160.196
160.196
160.196
159.95001
159.95001
159.65135
159.0394
158.38226
157.87201
157.87201
157.87201
157.87201
157.87201
157.87201
157.87201
157.87201
157.82057
157.82057
157.82057
157.82057
156.8833
156.8833
156.8833
156.8833
156.8833
155.45746
155.45746
155.45746
155.29306
154.37685
153.61246
153.61246
153.54942
153.54942
153.54942
153.54942
153.54942
153.54942
153.54942
152.71336
152.71336
152.71336
152.71336
152.71336
152.71336
151.80539
151.80539
151.80539
151.72592
151.72592
151.72592
151.3938
151.3938
151.3938
151.3938
151.20576
150.85931
150.2543
149.22603
148.88744
148.88744
148.33131
148.30605
148.23341
148.23341
148.22076
147.9462
147.7527
147.7527
147.7527
147.67207
147.67207
147.67207
147.67207
147.07631
147.07631
147.07631
147.07631
147.07631
146.65077
146.65077
146.51569
146.36108
146.36108
146.36108
146.36108
146.36108
146.36108
146.36108
146.15326
146.15326
146.15326
145.88792
145.88792
145.88792
145.35841
145.35841
145.35841
145.35841
145.35841
145.35841
145.11615
145.11615
145.11615
144.53084
144.53084
144.53084
143.66652
143.66652
143.66652
143.66652
143.66652
143.66652
143.66652
143.66652
143.66652
143.66652
143.27818
141.84149
141.84149
141.84149
141.84149
141.84149
141.84149
141.21025
141.21025
141.21025
141.21025
141.21025
141.21025
141.21025
141.21025
141.21025
141.21025
140.69165
140.27095
140.27095
140.27095
140.27095
138.98529
138.35599
138.35599
138.35599
138.35599
138.1367
138.1367
138.1367
138.1367
138.1367
138.1367
138.1367
138.1367
138.1367
138.1367
138.1367
138.1367
138.1367
138.1367
138.1367
138.1367
138.1367
138.1367
138.1367
138.1367
138.1367
138.1367
137.66617
137.66617
137.66617
137.11488
137.11488
137.11488
137.05476
137.05476
137.05476
137.05476
137.05476
136.89595
136.24886
135.76012
135.37831
135.37831
135.37831
135.37831
135.37831
135.37831
135.37831
135.37831
135.03505
135.03505
135.03505
135.03505
135.03505
134.73909
134.73909
134.73909
134.73909
134.73909
134.73909
134.73909
134.73909
134.66202
134.66202
134.33342
134.33342
134.33342
134.26778
134.26778
133.44115
133.44115
133.40031
133.04738
133.04738
132.91301
132.75453
132.75453
132.04732
132.04732
132.04732
132.04732
132.04732
132.03831
132.03831
132.03831
132.03831
132.01334
132.01334
132.01334
132.01334
132.01334
132.01334
132.01334
132.01334
132.01334
132.01334
132.01334
132.01334
132.01334
132.01334
132.01334
132.01334
132.01334
131.79855
131.79855
131.79855
131.79855
131.79855
131.79855
131.79855
131.02902
131.02902
131.02902
130.69307
130.6689
130.6689
130.27661
130.27661
130.27661
130.27661
130.27661
130.27661
130.27661
130.27661
130.27661
130.27661
130.27661
130.27661
130.27661
130.27661
130.27661
130.09741
130.09741
130.09741
130.03926
130.03926
130.03926
130.03926
130.03926
130.03926
130.03926
130.03926
130.03926
130.03926
130.03926
130.03926
130.03926
130.03926
130.03926
130.03926
130.03926
130.03926
130.03926
130.03926
130.03926
130.03926
129.59862
129.59862
129.59862
129.59862
129.59862
129.59862
129.59862
129.59862
129.59862
129.59862
129.59862
129.59862
129.59862
129.59862
129.59862
129.59862
129.59862
129.59862
129.59862
129.59862
129.59862
129.59862
129.59862
129.59862
129.59862
129.05362
129.05362
129.05362
129.05362
129.05362
129.05362
129.05362
129.05362
129.05362
129.05362
129.05362
128.14258
128.14258
128.14258
128.14258
128.14258
128.14258
128.14258
128.14258
128.14258
128.14258
128.14258
128.14258
128.14258
128.14258
128.14258
128.14258
128.14258
128.14258
128.14258
128.14258
128.14258
126.88865
126.88865
126.88865
126.88865
126.88865
126.88865
126.88865
126.88865
126.88865
126.88865
126.246284
126.246284
126.246284
126.246284
126.246284
126.246284
126.246284
126.246284
126.246284
126.246284
126.246284
126.246284
126.246284
126.106255
126.106255
126.09664
126.09664
126.09664
126.09664
126.09664
126.09664
126.09664
126.09664
126.09664
126.09664
126.09664
126.09664
126.09664
126.09664
126.09664
126.09664
125.20033
125.20033
124.37498
123.850006
123.850006
123.850006
123.850006
123.850006
123.850006
123.850006
123.850006
123.850006
123.850006
123.850006
123.850006
123.850006
123.850006
123.850006
123.850006
123.850006
123.850006
123.850006
123.850006
123.850006
123.850006
123.850006
123.850006
123.850006
123.850006
122.96033
122.96033
122.96033
122.96033
122.96033
122.96033
122.96033
122.96033
122.96033
122.96033
122.96033
122.96033
122.96033
122.96033
122.31053
122.31053
122.31053
122.0236
122.0236
122.0236
122.0236
122.0236
122.0236
122.0236
122.0236
122.0236
122.0236
122.0236
122.0236
122.0236
121.26313
121.26313
121.26313
121.26313
121.26313
121.26313
121.14463
121.14463
121.14463
121.14463
121.14463
121.14463
121.14463
121.14463
121.14463
121.14463
121.14463
121.14463
121.14463
121.14463
121.14463
121.14463
121.14463
121.14463
121.14463
121.14463
121.14463
121.14463
121.14463
121.14463
121.14463
121.14463
121.14463
121.14463
121.14463
121.14463
121.14463
121.14463
121.14463
121.14463
121.14463
121.14463
121.14463
121.14463
121.14463
120.96518
120.96518
120.96518
120.96518
120.96518
120.96518
120.96518
120.96518
120.96518
120.96518
120.96518
120.96518
120.96518
120.96518
120.96518
120.96518
120.96518
120.96518
120.96518
120.96518
120.96518
120.96518
120.96518
120.96518
120.96518
119.84291
119.84291
119.84291
119.84291
119.84291
119.84291
119.84291
119.2805
119.2805
119.2805
119.2805
119.2805
119.2805
119.2805
119.2805
119.2805
119.2805
119.2805
119.2805
119.2805
119.2805
119.2805
119.2805
119.2805
119.2805
119.2805
119.2805
119.2805
119.2805
119.2805
119.2805
119.2805
119.2805
119.2805
119.2805
119.2805
119.2805
119.2805
119.2805
119.2805
119.2805
119.2805
119.2805
119.2805
119.2805
119.2805
119.2805
119.2805
119.2805
119.2805
119.2805
119.2805
119.2805
119.2805
119.2805
119.2805
119.2805
119.2805
119.2805
119.2805
119.2805
119.2805
119.2805
119.2805
119.2805
119.2805
119.2805
119.05196
119.05196
119.05196
119.05196
119.05196
119.05196
119.05196
119.05196
119.05196
119.05196
119.05196
119.05196
119.05196
119.05196
119.05196
119.05196
119.05196
119.05196
119.05196
119.05196
119.05196
119.05196
119.05196
119.05196
118.95464
118.84301
118.84301
118.84301
118.84301
118.84301
118.84301
118.84301
118.84301
118.84301
118.84301
118.84301
117.98612
117.98612
117.98612
117.98612
117.98612
117.98612
117.98612
117.98612
117.98612
117.98612
117.98612
117.98612
117.98612
117.98612
117.98612
117.98612
117.98612
117.98612
117.98612
117.98612
117.98612
117.98612
117.98612
117.98612
117.98612
117.98612
117.98612
117.98612
117.98612
117.98612
117.98612
117.98612
117.98612
117.98612
117.98612
117.98612
117.98612
117.98612
117.98612
117.98612
117.98612
117.98612
117.98612
117.98612
117.98612
117.98612
117.98612
117.98612
117.98612
117.57798
117.57798
117.57798
117.57798
117.57798
117.57798
117.57798
117.57798
117.57798
117.57798
117.57798
117.57798
117.57798
117.12549
117.12549
117.12549
117.12549
117.12549
117.12549
117.12549
117.12549
117.12549
117.12549
117.12549
117.12549
117.12549
117.12549
117.12549
117.12549
117.12549
117.12549
117.12549
117.12549
117.12549
117.12549
117.12549
116.53385
116.53385
116.53385
116.53385
116.53385
116.53385
116.53385
116.53385
116.53385
116.53385
116.53385
116.53385
116.53385
116.53385
116.492744
116.492744
116.492744
116.492744
116.492744
116.492744
116.492744
115.79882
115.79882
115.79882
115.79882
115.79882
115.79882
115.79882
115.759895
115.759895
115.759895
115.759895
115.759895
115.759895
115.759895
115.759895
115.759895
115.759895
115.759895
115.759895
115.759895
115.759895
115.759895
115.759895
115.759895
115.759895
115.759895
115.759895
115.759895
115.759895
115.759895
115.759895
115.74143
115.74143
115.74143
115.74143
115.74143
115.74143
115.74143
115.74143
115.74143
115.74143
115.74143
115.74143
115.74143
115.74143
115.74143
115.74143
115.459854
115.459854
115.459854
115.459854
115.459854
115.459854
115.459854
115.459854
115.459854
115.459854
115.459854
115.459854
115.459854
115.459854
115.459854
115.459854
115.459854
115.459854
115.459854
115.459854
115.459854
115.459854
115.459854
115.459854
115.459854
115.459854
115.459854
115.459854
115.459854
115.459854
115.459854
115.459854
115.459854
115.459854
115.459854
115.459854
115.459854
115.459854
115.459854
115.459854
115.459854
115.459854
115.459854
115.459854
115.459854
115.459854
115.459854
115.459854
115.459854
115.459854
115.459854
115.459854
115.459854
115.459854
115.459854
115.459854
115.459854
115.459854
115.459854
115.459854
115.459854
115.459854
115.459854
115.459854
115.459854
115.459854
115.459854
115.459854
115.459854
115.459854
115.459854
115.459854
115.459854
115.459854
115.459854
115.459854
115.459854
115.459854
115.459854
115.459854
115.459854
115.459854
115.459854
115.459854
115.459854
115.459854
115.459854
115.459854
115.459854
115.459854
115.459854
115.459854
115.459854
115.459854
115.459854
115.459854
115.459854
115.459854
115.459854
115.459854
115.459854
115.459854
115.459854
115.459854
115.459854
115.459854
115.459854
115.459854
115.459854
115.459854
115.459854
115.459854
115.459854
115.459854
115.459854
115.459854
115.459854
115.459854
115.459854
115.459854
115.459854
115.459854
115.459854
115.459854
115.459854
115.459854
115.459854
115.459854
115.459854
115.459854
115.459854
115.459854
115.459854
115.459854
115.459854
115.459854
115.44671
115.44671
114.69744
114.69744
114.69744
114.69744
114.69744
114.69744
114.69744
114.69744
114.69744
114.69744
114.69744
114.69744
114.69744
114.69744
114.69744
114.69744
114.69744
114.69744
114.69744
114.69744
114.69744
114.69744
114.69744
114.69744
114.69744
114.69744
114.69744
114.066826
114.066826
114.066826
114.066826
114.066826
114.066826
114.066826
114.066826
114.066826
114.066826
114.066826
114.066826
114.066826
114.066826
114.066826
114.066826
114.066826
114.066826
114.066826
114.066826
114.066826
114.066826
114.066826
114.066826
114.066826
114.066826
114.066826
114.066826
114.066826
114.066826
114.066826
114.066826
114.066826
114.066826
114.066826
114.066826
114.066826
114.066826
114.066826
114.066826
114.066826
114.066826
114.066826
114.066826
114.066826
114.066826
114.066826
114.066826
114.066826
114.066826
114.066826
114.066826
114.066826
114.066826
114.066826
114.066826
114.066826
114.066826
114.066826
114.066826
114.066826
114.066826
114.066826
114.066826
114.066826
114.066826
114.066826
114.066826
114.066826
114.066826
114.066826
113.96944
113.96944
113.96944
113.96944
113.8478
113.8478
113.8478
113.8478
113.8478
113.8478
113.8478
113.8478
113.8478
113.8478
113.8478
113.8478
113.8478
113.8478
113.8478
113.8478
113.8478
113.8478
113.8478
113.8478
113.8478
113.8478
113.8478
113.8478
113.8478
113.8478
113.8478
113.8478
113.8478
113.8478
113.8478
113.63169
113.63169
113.63169
113.520454
113.520454
113.520454
113.520454
113.520454
113.520454
113.520454
113.520454
113.520454
113.520454
113.520454
113.520454
113.520454
113.520454
113.520454
113.520454
113.520454
113.520454
113.520454
113.520454
113.520454
113.520454
113.520454
113.51025
113.51025
113.51025
113.51025
113.51025
113.51025
113.51025
113.51025
113.48693
113.48693
113.48693
113.48693
113.48693
113.48693
113.48693
113.48693
113.48693
113.48693
113.48693
113.48693
113.48693
113.48693
113.48693
113.48693
113.48693
113.48693
113.48693
113.48693
113.48693
113.48693
113.48693
113.48693
113.48693
113.48693
113.48693
113.48693
113.48693
113.48693
113.48693
113.48693
113.48693
113.48693
113.48693
113.48693
113.48693
113.48693
113.48693
113.418625
113.418625
113.418625
113.418625
113.418625
113.418625
113.418625
113.418625
113.418625
113.418625
113.418625
113.418625
113.418625
113.418625
113.418625
113.418625
113.418625
113.418625
113.418625
113.418625
113.418625
113.418625
113.418625
113.418625
113.418625
113.418625
113.418625
113.418625
113.418625
113.418625
113.418625
113.418625
113.418625
113.418625
113.418625
113.418625
113.418625
113.418625
113.418625
113.418625
113.418625
113.418625
113.418625
113.418625
113.418625
113.418625
112.97336
112.97336
112.97336
112.97336
112.97336
112.97336
112.97336
112.97336
112.97336
112.97336
112.97336
112.97336
112.97336
112.97336
112.97336
112.97336
112.97336
112.97336
112.97336
112.97336
112.97336
112.97336
112.97336
112.97336
112.97336
112.97336
112.97336
112.97336
112.97336
112.97336
112.97336
112.97336
112.97336
112.97336
112.97336
112.97336
112.97336
112.97336
112.97336
112.97336
112.97336
112.97336
112.97336
112.97336
112.97336
112.97336
112.97336
112.97336
112.97336
112.97336
112.97336
112.97336
112.97336
112.97336
112.97336
112.97336
112.97336
112.97336
112.97336
112.97336
112.339516
112.339516
112.339516
112.339516
112.339516
112.339516
112.339516
112.339516
112.339516
112.339516
112.339516
112.339516
112.339516
112.339516
112.339516
112.339516
112.339516
112.339516
112.339516
112.339516
112.339516
112.339516
112.339516
112.339516
112.339516
112.339516
112.339516
112.339516
112.339516
112.339516
112.339516
112.339516
112.339516
112.339516
112.339516
112.339516
112.339516
112.339516
112.339516
112.339516
112.339516
112.339516
112.339516
112.339516
112.339516
112.339516
112.339516
112.339516
112.339516
112.339516
112.339516
112.339516
112.339516
112.339516
112.339516
112.339516
112.339516
112.339516
112.339516
112.339516
112.339516
112.339516
112.339516
112.339516
112.339516
112.339516
112.339516
112.339516
112.339516
112.339516
112.339516
112.339516
112.339516
112.339516
112.339516
112.339516
112.339516
112.339516
112.339516
112.339516
112.339516
112.339516
112.339516
112.339516
112.339516
112.339516
112.339516
112.339516
112.339516
112.339516
112.339516
112.339516
112.339516
112.339516
112.339516
112.339516
112.339516
112.339516
112.339516
112.339516
112.339516
112.339516
112.339516
112.339516
112.339516
112.16136
112.16136
112.16136
112.16136
112.16136
112.16136
112.16136
112.16136
112.16136
112.16136
112.16136
112.16136
112.16136
112.16136
112.16136
112.16136
112.16136
112.16136
112.16136
112.16136
112.16136
112.16136
112.16136
112.16136
112.16136
112.16136
112.16136
112.02635
112.02635
112.02635
112.02635
112.02635
112.02635
112.02635
112.02635
112.02635
112.02635
112.02635
112.02635
112.02635
112.02635
112.02635
112.02635
112.02635
112.02635
112.02635
112.02635
112.02635
112.02635
112.02635
112.02635
112.02635
112.02635
112.02635
112.02635
112.02635
112.02635
112.02635
112.02635
112.02635
112.02635
112.02635
112.02635
112.02635
112.02635
112.02635
112.02635
112.02635
112.02635
112.02635
112.02635
112.02635
112.02635
112.02635
112.02635
112.02635
112.02635
112.02635
112.02635
112.02635
112.02635
111.96395
111.96395
111.96395
111.96395
111.96395
111.96395
111.96395
111.96395
111.96395
111.96395
111.96395
111.96395
111.96395
111.96395
111.96395
111.96395
111.96395
111.96395
111.96395
111.96395
111.96395
111.96395
111.96395
111.96395
111.96395
111.96395
111.96395
111.96395
111.96395
111.96395
111.96395
111.96395
111.96395
111.96395
111.96395
111.96395
111.96395
111.96395
111.96395
111.96395
111.96395
111.96395
111.96395
111.96395
111.96395
111.96395
111.96395
111.96395
111.96395
111.96395
111.96395
111.96395
111.96395
111.96395
111.96395
111.96395
111.96395
111.96395
111.96395
111.96395
111.96395
111.96395
111.96395
111.96395
111.96395
111.96395
111.96395
111.96395
111.96395
111.96395
111.96395
111.96395
111.96395
111.96395
111.96395
111.93945
111.93945
111.93945
111.93945
111.93945
111.93945
111.93945
111.93945
111.93945
111.93945
111.93945
111.93945
111.93945
111.93945
111.93945
111.85957
111.85957
111.85957
111.85957
111.85957
111.85957
111.85957
111.85957
111.85957
111.85957
111.85957
111.85957
111.85957
111.85957
111.85957
111.85957
111.85957
111.85957
111.85957
111.85957
111.65431
111.65431
111.65431
111.65431
111.65431
111.65431
111.65431
111.65431
111.65431
111.65431
111.65431
111.65431
111.65431
111.65431
111.65431
111.65431
111.65431
111.65431
111.65431
111.65431
111.65431
111.37718
111.37718
111.37718
111.37718
111.37718
111.37718
111.37718
111.37718
111.37718
111.37718
111.37718
111.37718
111.37718
111.37718
111.37718
111.37718
111.37718
111.37718
111.37718
111.37718
111.37718
111.37718
111.37718
111.37718
111.37718
111.37718
111.37718
111.37718
111.37718
111.37718
111.37718
111.37718
111.37718
111.37718
111.37718
111.37718
111.37718
111.37718
111.37718
111.37718
111.37718
111.37718
111.37718
111.37718
111.37718
111.37718
111.37718
111.37718
111.37718
111.37718
111.37718
111.37718
111.37718
111.37718
111.37718
111.37718
111.37718
111.37718
111.37718
111.37718
111.37718
111.37718
111.37718
111.37718
111.37718
111.37718
111.37718
111.37718
111.37718
111.37718
111.37718
111.37718
111.37718
111.37718
111.37718
111.37718
111.37718
111.37718
111.37718
111.37718
111.37718
111.37718
111.37718
111.37718
111.37718
111.37718
111.37718
111.37718
111.37718
111.37718
111.37718
111.37718
111.37718
111.37718
111.37718
111.37718
111.37718
111.37718
111.37718
111.37718
111.37718
111.37718
111.37718
111.37718
111.37718
111.37718
111.37718
111.37718
111.37718
111.37718
111.37718
111.37718
111.37718
111.37718
111.37718
111.37718
111.37718
111.37718
111.37718
111.37718
111.37718
111.37718
111.37718
111.37718
111.37718
111.37718
111.37718
111.37718
111.37718
111.37718
111.37718
111.37718
111.37718
111.37718
111.37718
111.37718
111.37718
111.37718
111.37718
111.37718
111.37718
111.37718
111.37718
111.37718
111.37718
111.37718
111.37718
111.37718
111.37718
111.37718
111.37718
111.37718
111.37718
111.37718
111.37718
111.37718
111.37718
111.37718
111.37718
111.37718
111.37718
111.37718
111.37718
111.37718
111.37718
111.37718
111.37718
111.37718
111.37718
111.37718
111.37718
111.37718
111.37718
111.37718
111.37718
111.37718
111.37718
111.37718
111.37718
111.37718
111.37718
111.37718
111.37718
111.37718
111.37718
111.37718
111.37718
111.37718
111.37718
111.37718
111.37718
111.37718
111.37718
111.37718
111.37718
111.37718
111.37718
111.37718
111.37718
111.37718
111.37718
111.37718
111.37718
111.37718
111.37718
111.37718
111.37718
111.37718
111.37718
111.37718
111.37718
111.37718
111.37718
111.37718
111.37718
111.37718
111.37718
111.37718
111.37718
111.37718
111.37718
111.37718
111.37718
111.37718
111.37718
111.37718
111.37718
111.37718
111.37718
111.37718
111.37718
111.37718
111.37718
111.37718
111.37718
111.12835
111.12835
111.12835
111.12835
111.12835
111.12835
111.12835
111.12835
111.12835
111.12835
111.12835
111.12835
111.12835
111.12835
111.12835
111.12835
111.12835
111.12835
111.12835
111.12835
111.12835
111.12835
111.12835
111.12835
111.12835
111.12835
111.12835
111.12835
111.12835
111.12835
111.12835
111.12835
111.12835
111.12835
111.12835
111.12835
111.12835
111.12835
111.12835
111.12835
111.07553
111.07553
111.07553
111.07553
111.07553
111.07553
111.05014
111.05014
111.05014
110.93913
110.93913
110.93913
110.93913
110.93913
110.93913
110.93913
110.93913
110.93913
110.93913
110.93913
110.93913
110.93913
110.93913
110.93913
110.93913
110.93913
110.93913
110.93913
110.93913
110.93913
110.93913
110.93913
110.93913
110.93913
110.93913
110.93913
110.93913
110.93913
110.93913
110.93913
110.93913
110.93913
110.93913
110.93913
110.93913
110.93913
110.93913
110.93913
110.93913
110.93913
110.93913
110.93913
110.93913
110.93913
110.93913
110.93913
110.93913
110.93913
110.660805
110.660805
110.660805
110.660805
110.660805
110.660805
110.660805
110.660805
110.660805
110.660805
110.660805
110.660805
110.660805
110.660805
110.660805
110.660805
110.660805
110.660805
110.660805
110.660805
110.660805
110.660805
110.660805
110.660805
110.660805
110.633835
110.633835
110.633835
110.633835
110.633835
110.633835
110.633835
110.633835
110.633835
110.633835
110.633835
110.633835
110.633835
110.633835
110.633835
110.633835
110.633835
110.633835
110.633835
110.633835
110.633835
110.633835
110.633835
110.633835
110.633835
110.633835
110.633835
110.633835
110.633835
110.633835
110.633835
110.633835
110.633835
110.633835
110.633835
110.633835
110.633835
110.633835
110.633835
110.633835
110.633835
110.633835
110.633835
110.633835
110.633835
110.633835
110.633835
110.633835
110.633835
110.633835
110.633835
110.633835
110.633835
110.633835
110.633835
110.633835
110.633835
110.633835
110.633835
110.633835
110.633835
110.633835
110.633835
110.633835
110.633835
110.633835
110.633835
110.633835
110.633835
110.633835
110.633835
110.633835
110.633835
110.633835
110.633835
110.633835
110.633835
110.633835
110.535355
110.535355
110.535355
110.535355
110.535355
110.535355
110.535355
110.535355
110.535355
110.535355
110.535355
110.535355
110.535355
110.535355
110.535355
110.535355
110.535355
110.535355
110.535355
110.535355
110.535355
110.535355
110.535355
110.535355
110.535355
110.535355
110.535355
110.535355
110.535355
110.535355
110.535355
110.535355
110.535355
110.535355
110.535355
110.535355
110.535355
110.535355
110.535355
110.535355
110.535355
110.535355
110.535355
110.535355
110.535355
110.535355
110.535355
110.535355
110.535355
110.535355
110.535355
110.535355
110.535355
110.333954
110.333954
110.333954
110.333954
110.333954
110.333954
110.333954
110.333954
110.333954
110.333954
110.333954
110.333954
110.333954
110.333954
110.333954
110.333954
110.333954
110.333954
110.333954
110.333954
110.333954
110.333954
110.333954
110.333954
110.333954
110.333954
110.333954
110.333954
110.333954
110.333954
110.333954
110.333954
110.333954
110.333954
110.333954
110.333954
110.333954
110.333954
110.333954
110.333954
110.333954
110.333954
110.333954
110.333954
110.333954
110.333954
110.333954
110.333954
110.333954
110.333954
110.333954
110.333954
110.333954
110.333954
110.333954
110.333954
110.333954
110.333954
110.333954
110.333954
110.333954
110.27663
110.27663
110.27663
110.27663
110.27663
110.27663
110.27663
110.27663
110.27663
110.27663
110.27663
110.27663
110.27663
110.27663
110.27663
110.27663
110.27663
110.27663
110.27663
110.27663
110.27663
110.27663
110.27663
110.27663
110.27663
110.27663
110.27663
110.27663
110.27663
110.25343
110.25343
110.25343
110.25343
110.25343
110.25343
110.25343
110.25343
110.25343
110.25343
110.25343
110.25343
110.25343
110.25343
110.25343
110.25343
110.25343
110.25343
110.25343
110.25343
110.25343
110.25343
110.25343
110.25343
110.25343
110.25343
110.25343
110.25343
110.25343
110.25343
110.25343
110.25343
110.25343
110.25343
110.25343
110.25343
110.25343
110.25343
110.25343
110.25343
110.25343
110.25343
110.25343
110.25343
110.25343
110.25343
110.25343
110.25343
110.25343
110.25343
110.25343
110.25343
110.25343
110.25343
109.58875
109.58875
109.58875
109.58875
109.58875
109.58875
109.58875
109.58875
109.58875
109.58875
109.58875
109.58875
109.58875
109.58875
109.58875
109.58875
109.58875
109.58875
109.58875
109.58875
109.58875
109.58875
109.58875
109.58875
109.58875
109.58875
109.58875
109.58875
109.58875
109.58875
109.58875
109.58875
109.58875
109.58875
109.58875
109.58875
109.58875
109.58875
109.58875
109.58875
109.58875
109.58875
109.58875
109.58875
109.58875
109.58875
109.58875
109.58875
109.58875
109.58875
109.58875
109.58875
109.58875
109.58875
109.58875
109.58875
109.58875
109.58875
109.58875
109.58875
109.58875
109.58875
109.58875
109.58875
109.58875
109.58875
109.58875
109.58875
109.3916
109.3916
109.3916
109.3916
109.3916
109.3916
109.3916
109.3916
109.3916
109.3916
109.3916
109.3916
109.3916
109.3916
109.3916
109.3916
109.3916
109.3916
109.3916
109.3916
109.3916
109.3916
109.3916
109.3916
109.3916
109.3916
109.3916
109.3916
109.3916
109.3916
109.3916
109.3916
109.3916
109.3916
109.3916
109.3916
109.3916
109.3916
109.3916
109.3916
109.3916
109.3916
109.3916
109.3916
109.3916
109.3916
109.3916
109.3916
109.350655
109.350655
109.350655
109.350655
109.350655
109.350655
109.350655
109.350655
109.350655
109.350655
109.350655
109.350655
109.350655
109.350655
109.350655
109.350655
109.350655
109.350655
109.350655
109.350655
109.350655
109.350655
109.350655
109.350655
109.350655
109.350655
109.350655
109.350655
109.350655
109.350655
109.350655
109.350655
109.350655
109.350655
109.350655
109.350655
109.350655
109.350655
109.350655
109.350655
109.350655
109.350655
108.8962
108.8962
108.8962
108.8962
108.8962
108.8962
108.8962
108.8962
108.8962
108.8962
108.8962
108.8962
108.8962
108.8962
108.8962
108.8962
108.8962
108.8962
108.8962
108.8962
108.8962
108.8962
108.8962
108.8962
108.8962
108.8962
108.8962
108.8962
108.8962
108.8962
108.8962
108.8962
108.8962
108.8962
108.8962
108.8962
108.8962
108.8962
108.8962
108.8962
108.8962
108.8962
108.8962
108.8962
108.8962
108.8962
108.8962
108.8962
108.8962
108.8962
108.8962
108.8962
108.8962
108.8962
108.8962
108.8962
108.8962
108.8962
108.8962
108.8962
108.8962
108.8962
108.8962
108.8962
108.8962
108.8962
108.8962
108.8962
108.8962
108.8962
108.8962
108.8962
108.8962
108.8962
108.8962
108.8962
108.8962
108.8962
108.8962
108.8962
108.8962
108.8962
108.8962
108.8962
108.8962
108.8962
108.8962
108.8962
108.8962
108.8962
108.8962
108.8962
108.8962
108.8962
108.8962
108.8962
108.8962
108.8962
108.8962
108.8962
108.8962
108.8962
108.8962
108.8962
108.8962
108.8962
108.8962
108.8962
108.8962
108.8962
108.8962
108.8962
108.8962
108.8962
108.8962
108.8962
108.8962
108.8962
108.8962
108.8962
108.8962
108.8962
108.8962
108.8962
108.8962
108.8962
108.8962
108.8962
108.8962
108.8962
108.8962
108.8962
108.8962
108.8962
108.48594
108.48594
108.48594
108.48594
108.48594
108.48594
108.48594
108.48594
108.48594
108.48594
108.48594
108.48594
108.48594
108.48594
108.48594
108.48594
108.48594
108.48594
108.48594
108.48594
108.48594
108.48594
108.48594
108.48594
108.48594
108.48594
108.48594
108.48594
108.35813
108.35813
108.35813
108.35813
108.35813
108.35813
108.35813
108.35813
108.35813
108.35813
108.35813
108.35813
108.35813
108.35813
108.35813
108.35813
108.35813
108.35813
108.35813
108.35813
108.35813
108.35813
108.35813
108.35813
108.35813
108.35813
108.09949
108.09949
108.09949
108.09949
108.09949
108.09949
108.09949
108.09949
108.09949
108.09949
108.09949
108.09949
108.09949
108.09949
108.09949
108.09949
108.09949
108.09949
108.09949
108.09949
108.09949
108.09949
108.09949
108.09949
108.09949
108.09949
108.09949
108.09949
108.09949
108.09949
108.09949
108.09949
108.09949
108.09949
108.09949
108.09949
108.09949
108.09949
108.09949
108.09949
108.09949
108.09949
108.09949
108.09949
108.09949
108.09949
108.09949
108.09949
108.09949
108.09949
108.09949
108.09949
108.09949
108.09949
108.09949
108.09949
108.09949
108.09949
108.09949
108.09949
108.09949
108.09949
108.09949
108.09949
108.09949
108.09949
108.09949
108.09949
108.09949
108.09949
108.09949
108.09949
108.09949
108.09949
108.09949
108.09949
108.09949
108.09949
108.09949
108.09949
108.09949
108.09949
108.09949
108.09949
108.09949
108.09949
108.09949
108.09949
108.09949
108.09949
108.09949
108.09949
108.09949
108.09949
108.09949
108.09949
108.09949
108.09949
108.09949
108.09949
108.09949
108.09949
108.09949
108.09949
108.09949
108.09949
108.09949
108.09949
108.09949
108.09949
108.09949
108.09949
108.09949
108.09949
108.09949
108.09949
108.09949
108.09949
108.09949
108.09949
108.09949
108.09949
108.09949
108.09949
108.09949
108.09949
108.09949
108.09949
108.09949
108.09949
108.09949
108.09949
108.09949
108.09949
108.09949
108.09949
108.09949
108.09949
108.09949
108.09949
108.09949
108.09949
108.09949
108.09949
108.09949
108.09949
108.09949
108.09949
108.09949
108.09949
108.09949
108.09949
108.09949
108.09949
108.09949
108.09949
108.09949
108.09949
108.09949
108.09949
108.09949
108.09949
108.09949
108.09949
108.09949
108.09949
108.09949
108.09949
108.09949
108.09949
108.09949
108.09949
108.09949
108.09949
108.09949
108.09949
108.09949
108.09949
108.09949
108.09949
108.09949
108.09949
108.09949
108.09949
108.09949
108.09949
108.09949
108.09949
108.09949
108.09949
108.09949
108.09949
108.09949
108.09949
108.09949
108.09949
108.09949
108.09949
108.09949
108.09949
108.09949
108.09949
108.09949
108.09949
108.09949
108.09949
108.09949
108.09949
108.09949
108.09949
108.09949
108.09949
108.09949
108.09949
108.09949
108.09949
108.09949
108.09949
108.09949
108.09949
108.09949
108.09949
108.09949
108.09949
108.09949
108.09949
108.09949
108.09949
108.09949
108.09949
108.09949
108.09949
108.09949
108.09949
108.09949
108.09949
108.09949
108.09949
108.09949
108.09949
108.09949
108.09949
108.09949
108.09949
108.09949
108.09949
108.09949
108.09949
108.09949
108.09949
108.09949
108.09949
108.09949
108.09949
108.09949
108.09949
108.09949
108.09949
108.09949
108.09949
108.09949
108.09949
108.09949
108.09949
108.09949
108.09949
108.09949
108.09949
108.09949
108.09949
108.09949
108.09949
108.09949
108.09949
108.09949
108.09949
108.09949
108.09949
108.09949
108.09949
108.09949
108.09949
108.09949
108.09949
108.09949
108.09949
108.09949
108.09949
108.09949
108.09949
108.09949
108.09949
108.09949
108.09949
108.09949
108.09949
108.09949
108.09949
108.09949
108.09949
108.09949
108.09949
108.09949
108.09949
108.09949
108.09949
108.09949
108.09949
108.09949
108.09949
108.09949
108.09949
108.09949
108.09949
108.09949
108.09949
108.09949
108.09949
108.09949
108.09949
108.09949
108.09949
108.09949
108.09949
108.09949
108.09949
108.09949
108.09949
108.09949
108.09949
108.09949
108.09949
108.09949
108.09949
108.09949
108.09949
108.09949
108.09949
108.09949
108.09949
108.09949
108.09949
108.09949
108.09949
108.09949
108.09949
108.09949
108.09949
108.09949
108.09949
108.09949
108.09949
108.09949
108.09949
108.09949
108.09949
108.09949
108.09949
108.09949
108.09949
108.09949
108.09949
108.09949
108.09949
108.09949
108.09949
108.09949
108.09949
108.09949
108.09949
108.09949
108.09949
108.09949
108.09949
108.09949
108.09949
108.09949
108.09949
108.09949
108.09949
108.09949
108.09949
108.09949
108.09949
108.09949
108.09949
108.09949
108.09949
108.09949
108.09949
108.09949
108.09949
108.09949
108.09949
108.09949
108.09949
108.09949
108.09949
108.09949
108.09949
108.09949
108.09949
108.09949
108.09949
108.09949
108.09949
108.09949
108.09949
108.09949
108.09949
108.09949
108.09949
108.09949
108.09949
108.09949
108.09949
108.09949
108.09949
108.09949
108.09949
108.09949
108.09949
108.09949
108.09949
108.09949
108.09949
108.09949
108.09949
107.93865
107.93865
107.93865
107.93865
107.93865
107.93865
107.93865
107.93865
107.93865
107.93865
107.93865
107.93865
107.93865
107.93865
107.93865
107.93865
107.93865
107.93865
107.93865
107.93865
107.93865
107.93865
107.93865
107.93865
107.93865
107.93865
107.93865
107.93865
107.93865
107.93865
107.93865
107.93865
107.93865
107.93865
107.93865
107.93865
107.93865
107.93865
107.93865
107.93865
107.93865
107.93865
107.93865
107.93865
107.93865
107.91629
107.91629
107.91629
107.91629
107.91629
107.91629
107.91629
107.91629
107.91629
107.91629
107.91629
107.91629
107.91629
107.91629
107.91629
107.91629
107.91629
107.91629
107.91629
107.91629
107.91629
107.91629
107.91629
107.91629
107.91629
107.91629
107.91629
107.91629
107.91629
107.91629
107.91629
107.91629
107.91629
107.91629
107.86547
107.86547
107.86547
107.86547
107.86547
107.86547
107.86547
107.86547
107.86547
107.86547
107.86547
107.86547
107.86547
107.86547
107.86547
107.86547
107.86547
107.86547
107.86547
107.86547
107.86547
107.86547
107.86547
107.86547
107.86547
107.86547
107.86547
107.86547
107.86547
107.86547
107.86547
107.86547
107.86547
107.86547
107.86547
107.86547
107.86547
107.86547
107.86547
107.86547
107.86547
107.86547
107.86547
107.86547
107.86547
107.86547
107.86547
107.86547
107.86547
107.86547
107.86547
107.86547
107.86547
107.86547
107.86547
107.86547
107.86547
107.86547
107.86547
107.86547
107.86547
107.86547
107.86547
107.86547
107.86547
107.86547
107.61323
107.61323
107.61323
107.61323
107.61323
107.61323
107.61323
107.61323
107.61323
107.61323
107.61323
107.61323
107.61323
107.61323
107.61323
107.61323
107.61323
107.61323
107.61323
107.61323
107.61323
107.61323
107.61323
107.61323
107.61323
107.61323
107.61323
107.61323
107.61323
107.61323
107.61323
107.61323
107.61323
107.61323
107.61323
107.61323
107.61323
107.61323
107.61323
107.61323
107.61323
107.61323
107.61323
107.61323
107.61323
107.61323
107.61323
107.61323
107.61323
107.61323
107.61323
107.61323
107.61323
107.61323
107.61323
107.61323
107.61323
107.61323
107.15953
107.15953
107.15953
107.15953
107.15953
107.15953
107.15953
107.15953
107.15953
107.15953
107.15953
107.15953
107.15953
107.15953
107.15953
107.15953
107.15953
107.15953
107.15953
107.15953
107.15953
107.15953
107.15953
107.15953
107.15953
107.15953
107.15953
107.15953
107.15953
107.15953
107.15953
107.15953
107.15953
107.15953
107.15953
107.15953
107.15953
107.15953
107.15953
107.15953
107.15953
107.15953
107.15953
107.15953
107.15953
107.15953
107.15953
107.029274
107.029274
107.029274
107.029274
107.029274
107.029274
107.029274
107.029274
107.029274
107.029274
107.029274
107.029274
107.029274
107.029274
107.029274
107.029274
107.029274
107.029274
107.029274
107.029274
107.029274
107.029274
107.029274
107.029274
107.029274
107.029274
107.029274
107.029274
107.029274
107.029274
107.029274
107.029274
107.029274
107.029274
107.029274
107.029274
107.029274
107.029274
107.029274
107.029274
107.029274
107.029274
107.029274
107.029274
107.029274
107.029274
107.029274
107.029274
107.029274
107.029274
107.029274
107.029274
107.029274
107.029274
107.029274
107.029274
107.029274
107.029274
107.029274
107.029274
107.029274
107.029274
107.029274
107.029274
107.029274
107.029274
107.029274
107.029274
107.029274
107.029274
107.029274
107.029274
107.029274
107.029274
107.029274
107.029274
107.029274
107.029274
107.029274
107.029274
107.029274
107.029274
107.029274
107.029274
107.029274
107.029274
107.029274
107.029274
106.673805
106.673805
106.673805
106.673805
106.673805
106.673805
106.673805
106.673805
106.673805
106.673805
106.673805
106.673805
106.673805
106.673805
106.673805
106.673805
106.673805
106.673805
106.673805
106.673805
106.673805
106.673805
106.673805
106.673805
106.673805
106.673805
106.673805
106.673805
106.673805
106.673805
106.673805
106.673805
106.673805
106.673805
106.673805
106.673805
106.673805
106.673805
106.673805
106.673805
106.673805
106.673805
106.673805
106.673805
106.673805
106.673805
106.673805
106.673805
106.45796
106.45796
106.45796
106.45796
106.45796
106.45796
106.45796
106.45796
106.45796
106.45796
106.45796
106.45796
106.45796
106.45796
106.45796
106.45796
106.45796
106.45796
106.45796
106.45796
106.45796
106.45796
106.45796
106.45796
106.45796
106.45796
106.45796
106.45796
106.45796
106.45796
106.45796
106.45796
106.45796
106.45796
106.45796
106.45796
106.45796
106.45796
106.45796
106.45796
106.45796
106.45796
106.45796
106.45796
106.45796
106.45796
106.45796
106.45796
106.45796
106.45796
106.45796
106.45796
106.45796
106.45796
106.45796
106.45796
106.45796
106.45796
106.45796
106.45796
106.45796
106.45796
106.45796
106.45796
106.45796
106.45796
106.45796
106.420425
106.420425
106.420425
106.420425
106.420425
106.420425
106.420425
106.420425
106.420425
106.420425
106.420425
106.420425
106.420425
106.420425
106.420425
106.420425
106.420425
106.420425
106.420425
106.420425
106.420425
106.420425
106.420425
106.420425
106.420425
106.420425
106.420425
106.420425
106.420425
106.420425
106.420425
106.420425
106.420425
106.420425
106.420425
106.420425
106.420425
106.420425
106.420425
106.420425
106.420425
106.420425
106.420425
106.420425
106.420425
106.420425
106.420425
106.420425
106.420425
106.420425
106.420425
106.420425
106.420425
106.420425
106.420425
106.420425
106.420425
106.420425
106.420425
106.420425
106.420425
106.420425
106.420425
106.420425
106.420425
106.420425
106.420425
106.420425
106.420425
106.420425
106.420425
106.420425
106.420425
106.420425
106.420425
106.420425
106.420425
106.420425
106.420425
106.420425
106.420425
106.420425
106.420425
106.420425
106.420425
106.420425
106.420425
106.420425
106.420425
106.420425
106.420425
106.420425
106.420425
106.420425
106.420425
106.420425
106.420425
106.311195
106.311195
106.311195
106.311195
106.311195
106.311195
106.311195
106.311195
106.311195
106.311195
106.311195
106.311195
106.311195
106.311195
106.311195
106.311195
106.311195
106.311195
106.311195
106.311195
106.311195
106.311195
106.311195
106.311195
106.311195
106.311195
106.311195
106.311195
106.311195
106.311195
106.311195
106.311195
106.311195
106.311195
106.311195
106.311195
106.311195
106.311195
106.311195
106.311195
106.311195
106.311195
106.311195
106.311195
106.311195
106.311195
105.87561
105.87561
105.87561
105.87561
105.87561
105.87561
105.87561
105.87561
105.87561
105.87561
105.87561
105.87561
105.87561
105.87561
105.87561
105.87561
105.87561
105.87561
105.87561
105.87561
105.87561
105.87561
105.87561
105.87561
105.87561
105.87561
105.87561
105.87561
105.87561
105.87561
105.87561
105.87561
105.87561
105.87561
105.87561
105.87561
105.87561
105.87561
105.87561
105.87561
105.87561
105.87561
105.87561
105.87561
105.87561
105.87561
105.87561
105.87561
105.87561
105.87561
105.87561
105.87561
105.87561
105.87561
105.87561
105.87561
105.87561
105.87561
105.87561
105.87561
105.87561
105.87561
105.87561
105.87561
105.87561
105.87561
105.87561
105.87561
105.87561
105.87561
105.87561
105.87561
105.87561
105.87561
105.87561
105.87561
105.87561
105.87561
105.87561
105.87561
105.87561
105.87561
105.87561
105.87561
105.87561
105.87561
105.87561
105.87561
105.87561
105.87561
105.87561
105.87561
105.87561
105.87561
105.87561
105.87561
105.87561
105.87561
105.87561
105.71026
105.71026
105.71026
105.71026
105.71026
105.71026
105.71026
105.71026
105.71026
105.71026
105.71026
105.71026
105.71026
105.71026
105.71026
105.71026
105.71026
105.71026
105.71026
105.71026
105.71026
105.71026
105.71026
105.71026
105.71026
105.71026
105.71026
105.71026
105.71026
105.71026
105.71026
105.71026
105.71026
105.71026
105.71026
105.71026
105.71026
105.71026
105.71026
105.71026
105.71026
105.71026
105.71026
105.71026
105.71026
105.71026
105.71026
105.71026
105.71026
105.71026
105.71026
105.71026
105.71026
105.71026
105.71026
105.71026
105.71026
105.71026
105.71026
105.71026
105.71026
105.71026
105.71026
105.71026
105.71026
105.71026
105.71026
105.71026
105.71026
105.71026
105.71026
105.71026
105.71026
105.71026
105.71026
105.71026
105.71026
105.71026
105.71026
105.71026
105.71026
105.71026
105.71026
105.71026
105.71026
105.71026
105.71026
105.71026
105.71026
105.71026
105.71026
105.71026
105.71026
105.71026
105.71026
105.71026
105.71026
105.71026
105.71026
105.71026
105.71026
105.71026
105.71026
105.71026
105.71026
105.71026
105.71026
105.71026
105.71026
105.71026
105.71026
105.71026
105.71026
105.71026
105.71026
105.71026
105.71026
105.71026
105.71026
105.71026
105.71026
105.71026
105.71026
105.71026
105.71026
105.71026
105.71026
105.71026
105.11439
105.11439
105.11439
105.11439
105.11439
105.11439
105.11439
105.11439
105.11439
105.11439
105.11439
105.11439
105.11439
105.11439
105.11439
105.11439
105.11439
105.11439
105.11439
105.11439
105.11439
105.11439
105.11439
105.11439
105.11439
105.11439
105.11439
105.11439
105.11439
105.11439
105.11439
105.11439
105.11439
105.11439
105.11439
105.11439
105.11439
105.11439
105.11439
105.11439
105.11439
105.11439
105.11439
105.11439
105.11439
105.11439
105.11439
105.11439
105.11439
105.06663
105.06663
105.06663
105.06663
105.06663
105.06663
105.06663
105.06663
105.06663
105.06663
105.06663
105.06663
105.06663
105.06663
105.06663
105.06663
105.06663
105.06663
105.06663
105.06663
105.06663
105.06663
105.06663
105.06663
105.06663
105.06663
105.06663
105.06663
105.06663
105.06663
105.06663
105.06663
105.06663
105.06663
105.06663
105.06663
105.06663
105.06663
105.06663
105.06663
105.06663
105.06663
105.06663
105.06663
105.06663
105.06663
105.06663
105.06663
105.06663
105.06663
105.06663
105.06663
105.06663
105.06663
105.06663
105.06663
105.06663
105.06663
105.06663
105.06663
105.06663
105.06663
105.06663
105.06663
105.06663
105.06663
105.06663
105.06663
105.06663
105.06663
105.06663
105.06663
105.06663
105.06663
105.06663
105.06663
105.06663
105.06663
105.06663
105.06663
105.06663
105.06663
105.06663
105.06663
105.06663
105.06663
105.06663
105.06663
105.06663
105.06663
105.06663
105.06663
105.06663
105.06663
105.06663
105.06663
105.06663
105.06663
105.06663
105.06663
105.06663
105.06663
105.06663
105.06663
105.06663
105.06663
105.06663
105.06663
105.06663
105.06663
105.06663
105.06663
105.06663
105.06663
105.06663
105.06663
105.06663
105.06663
105.06663
105.06663
105.06663
105.06663
105.06663
105.06663
105.06663
105.06663
105.06663
105.06663
105.06663
105.06663
105.06663
105.06663
105.06663
105.06663
105.06663
105.06663
105.06663
105.06663
105.06663
105.06663
105.06663
105.06663
105.06663
105.06663
104.77525
104.77525
104.77525
104.77525
104.77525
104.77525
104.77525
104.77525
104.77525
104.77525
104.77525
104.77525
104.77525
104.77525
104.77525
104.77525
104.77525
104.77525
104.77525
104.77525
104.77525
104.77525
104.77525
104.77525
104.77525
104.77525
104.77525
104.77525
104.77525
104.77525
104.77525
104.77525
104.77525
104.77525
104.77525
104.77525
104.77525
104.77525
104.77525
104.77525
104.77525
104.77525
104.77525
104.77525
104.77525
104.77525
104.77525
104.77525
104.77525
104.77525
104.77525
104.77525
104.77525
104.77525
104.77525
104.77525
104.77525
104.77525
104.77525
104.77525
104.77525
104.77525
104.77525
104.77525
104.77525
104.77525
104.77525
104.77525
104.77525
104.77525
104.77525
104.77525
104.77525
104.77525
104.77525
104.77525
104.77525
104.77525
104.77525
104.77525
104.77525
104.77525
104.77525
104.77525
104.77525
104.77525
104.77525
104.77525
104.77525
104.77525
104.77525
104.77525
104.77525
104.77525
104.77525
104.77525
104.77525
104.77525
104.77525
104.77525
104.77525
104.77525
104.77525
104.77525
104.77525
104.77525
104.77525
104.77525
104.77525
104.77525
104.77525
104.77525
104.77525
104.77525
104.77525
104.77525
104.77525
104.77525
104.77525
104.77525
104.77525
104.77525
104.77525
104.77525
104.77525
104.77525
104.77525
104.77525
104.77525
104.77525
104.77525
104.77525
104.77525
104.77525
104.77525
104.77525
104.77525
104.77525
104.77525
104.77525
104.77525
104.77525
104.77525
104.77525
104.77525
104.77525
104.77525
104.77525
104.77525
104.77525
104.77525
104.77525
104.77525
104.77525
104.77525
104.77525
104.77525
104.77525
104.77525
104.77525
104.77525
104.77525
104.77525
104.77525
104.77525
104.77525
104.77525
104.77525
104.77525
104.77525
104.77525
104.77525
104.77525
104.77525
104.77525
104.77525
104.77525
104.77525
104.77525
104.77525
104.77525
104.77525
104.77525
104.77525
104.77525
104.77525
104.77525
104.77525
104.77525
104.77525
104.77525
104.77525
104.77525
104.77525
104.77525
104.58715
104.58715
104.58715
104.58715
104.58715
104.58715
104.58715
104.58715
104.58715
104.58715
104.58715
104.58715
104.58715
104.58715
104.58715
104.58715
104.58715
104.58715
104.58715
104.58715
104.58715
104.58715
104.58715
104.58715
104.58715
104.58715
104.58715
104.58715
104.58715
104.58715
104.58715
104.58715
104.58715
104.58715
104.58715
104.58715
104.58715
104.58715
104.58715
104.58715
104.58715
104.58715
104.58715
104.58715
104.58715
104.58715
104.58715
104.58715
104.58715
104.58715
104.58715
104.58715
104.58715
104.58715
104.58715
104.58715
104.58715
104.58715
104.58715
104.58715
104.58715
104.58715
104.58715
104.58715
104.58715
104.58715
104.58715
104.58715
104.58715
104.58715
104.58715
104.58715
104.58715
104.58715
104.58715
104.58715
104.58715
104.58715
104.58715
104.58715
104.58715
104.58715
104.58715
104.58715
104.58715
104.58715
104.58715
104.58715
104.58715
104.58715
104.58715
104.58715
104.58715
104.58715
104.58715
104.58715
104.58715
104.58715
104.58715
104.58715
104.58715
104.58715
104.58715
104.58715
104.58715
104.58715
104.58715
104.58715
104.58715
104.58715
104.58715
104.58715
104.58715
104.58715
104.58715
104.58715
104.58715
104.58715
104.58715
104.58715
104.58715
104.58715
104.58715
104.58715
104.58715
104.58715
104.58715
104.58715
104.58715
104.58715
104.58715
104.58715
104.58715
104.58715
104.58715
104.58715
104.58715
104.58715
104.58715
104.58715
104.58715
104.58715
104.58715
104.58715
104.58715
104.58715
104.58715
104.58715
104.58715
104.58715
104.58715
104.58715
104.58715
104.58715
104.58715
104.58715
104.58715
104.58715
104.58715
104.58715
104.58715
104.58715
104.58715
104.58715
104.58715
104.58715
104.58715
104.58715
104.58715
104.58715
104.58715
104.58715
104.39004
104.39004
104.39004
104.39004
104.39004
104.39004
104.39004
104.39004
104.39004
104.39004
104.39004
104.39004
104.39004
104.39004
104.39004
104.39004
104.39004
104.39004
104.39004
104.39004
104.39004
104.39004
104.39004
104.39004
104.39004
104.39004
104.39004
104.39004
104.39004
104.39004
104.39004
104.08125
104.08125
104.08125
104.08125
104.08125
104.08125
104.08125
104.08125
104.08125
104.08125
104.08125
104.08125
103.73641
103.73641
103.73641
103.73641
103.73641
103.73641
103.73641
103.73641
103.73641
103.73641
103.73641
103.73641
103.73641
103.73641
103.73641
103.73641
103.73641
103.73641
103.73641
103.73641
103.73641
103.73641
103.73641
103.73641
103.73641
103.73641
103.73641
103.73641
103.73641
103.73641
103.73641
103.73641
103.73641
103.73641
103.73641
103.73641
103.73641
103.73641
103.73641
103.73641
103.73641
103.73641
103.73641
103.73641
103.73641
103.73641
103.73641
103.73641
103.73641
103.73641
103.73641
103.73641
103.73641
103.73641
103.73641
103.73641
103.73641
103.73641
103.73641
103.73641
103.73641
103.73641
103.73641
103.73641
103.73641
103.73641
103.73641
103.73641
103.73641
103.73641
103.73641
103.73641
103.73641
103.73641
103.73641
103.73641
103.73641
103.73641
103.73641
103.73641
103.73641
103.73641
103.73641
103.73641
103.73641
103.73641
103.73641
103.73641
103.73641
103.73641
103.73641
103.73641
103.73641
103.73641
103.73641
103.73641
103.73641
103.73641
103.73641
103.73641
103.73641
103.73641
103.73641
103.73641
103.73641
103.73641
103.73641
103.73641
103.73641
103.73641
103.73641
103.73641
103.73641
103.73641
103.73641
103.73641
103.73641
103.73641
103.73641
103.73641
103.73641
103.73641
103.73641
103.73641
103.73641
103.73641
103.73641
103.73641
103.73641
103.73641
103.73641
103.73641
103.73641
103.73641
103.73641
103.73641
103.73641
103.73641
103.73641
103.73641
103.73641
103.73641
103.73641
103.73641
103.73641
103.73641
103.73641
103.73641
103.73641
103.73641
103.73641
103.73641
103.73641
103.73641
103.73641
103.73641
103.73641
103.73641
103.73641
103.73641
103.73641
103.73641
103.73641
103.73641
103.73641
103.73641
103.73641
103.73641
103.73641
103.73641
103.73641
103.73641
103.73641
103.73641
103.73641
103.73641
103.73641
103.73641
103.73641
103.73641
103.73641
103.73641
103.73641
103.73641
103.73641
103.73641
103.73641
103.73641
103.73641
103.73641
103.73641
103.73641
103.73641
103.73641
103.73641
103.73641
103.73641
103.73641
103.73641
103.73641
103.73641
103.73641
103.73641
103.73641
103.73641
103.73641
103.73641
103.55814
103.55814
103.55814
103.55814
103.55814
103.55814
103.55814
103.55814
103.55814
103.55814
103.55814
103.55814
103.55814
103.55814
103.55814
103.55814
103.55814
103.55814
103.55814
103.55814
103.55814
103.55814
103.55814
103.55814
103.55814
103.55814
103.55814
103.55814
103.55814
103.40248
103.40248
103.40248
103.40248
103.40248
103.40248
103.40248
103.40248
103.40248
103.40248
103.40248
103.40248
103.40248
103.40248
103.40248
103.40248
103.40248
103.40248
103.40248
103.40248
103.40248
103.40248
103.40248
103.40248
103.40248
103.40248
103.40248
103.40248
103.40248
103.40248
103.40248
103.40248
103.40248
103.40248
103.40248
103.40248
103.40248
103.40248
103.40248
103.40248
103.40248
103.40248
103.40248
103.40248
103.40248
103.40248
103.40248
103.40248
103.40248
103.40248
103.40248
103.40248
103.40248
103.40248
103.40248
103.40248
103.40248
103.40248
103.40248
103.40248
103.40248
103.40248
103.40248
103.40248
103.40248
103.40248
103.40248
103.40248
103.40248
103.40248
103.40248
103.40248
103.40248
103.40248
103.40248
103.40248
103.40248
103.40248
103.40248
103.40248
103.40248
103.40248
103.40248
103.40248
103.40248
103.40248
103.40248
103.40248
103.40248
103.40248
103.40248
103.40248
103.40248
103.40248
103.40248
103.40248
103.40248
103.40248
103.40248
103.40248
103.40248
103.40248
103.40248
103.40248
103.40248
103.40248
103.40248
103.40248
103.40248
103.40248
103.40248
103.40248
103.40248
103.40248
103.40248
103.40248
103.40248
103.40248
103.40248
103.40248
103.40248
103.40248
103.40248
103.40248
103.40248
103.40248
103.40248
103.40248
103.40248
103.334816
103.334816
103.334816
103.334816
103.334816
103.334816
103.334816
103.334816
103.334816
103.334816
103.334816
103.334816
103.334816
103.334816
103.334816
103.334816
103.334816
103.334816
103.334816
103.334816
103.334816
103.334816
103.334816
103.334816
103.334816
103.334816
103.334816
103.334816
103.334816
103.334816
103.334816
103.334816
103.334816
103.334816
103.334816
103.334816
103.334816
103.334816
103.334816
103.334816
103.334816
103.334816
103.334816
103.334816
103.334816
103.334816
103.334816
103.334816
103.334816
103.334816
103.334816
103.334816
103.334816
103.334816
103.334816
103.334816
103.334816
103.334816
103.334816
103.334816
103.334816
103.334816
103.334816
103.334816
103.334816
103.334816
103.334816
103.334816
103.334816
103.334816
103.334816
103.334816
103.334816
103.334816
103.334816
103.334816
103.334816
103.334816
103.334816
103.334816
103.334816
103.334816
103.334816
103.334816
103.334816
103.334816
103.334816
103.334816
103.334816
103.334816
103.334816
103.334816
103.334816
103.334816
103.334816
103.334816
103.334816
103.334816
103.334816
103.334816
103.334816
103.334816
103.334816
103.334816
103.334816
103.334816
103.334816
103.31192
103.31192
103.31192
103.31192
103.31192
103.31192
103.31192
103.31192
103.31192
103.31192
103.31192
103.31192
103.31192
103.31192
103.31192
103.31192
103.31192
103.31192
103.31192
103.31192
103.31192
103.31192
103.31192
103.31192
103.31192
103.31192
103.31192
103.31192
103.11926
103.11926
103.11926
103.11926
103.11926
103.11926
103.11926
103.11926
103.11926
103.11926
103.11926
103.11926
103.11926
103.11926
103.11926
103.11926
103.11926
103.11926
103.11926
103.11926
103.11926
103.11926
103.11926
103.11926
103.11926
103.11926
103.11926
103.11926
103.11926
103.11926
103.11926
103.11926
103.11926
103.11926
103.11926
103.11926
103.11926
103.11926
103.11926
103.11926
103.11926
103.11926
103.11926
103.11926
103.11926
103.11926
103.11926
103.11926
103.11926
103.11926
103.11926
103.11926
103.11926
103.11926
103.11926
103.11926
103.11926
103.11926
103.11926
103.11926
103.11926
103.11926
103.11926
103.11926
103.11926
103.11926
103.11926
103.11926
103.11926
103.11926
103.11926
103.11926
103.11926
103.11926
103.11926
103.11926
103.11926
103.11926
103.11926
103.11926
103.11926
103.11926
103.11926
103.11926
103.11926
103.11926
103.11926
103.11926
103.11926
103.11926
103.11926
103.11926
103.11926
103.11926
103.11926
103.11926
103.11926
103.11926
103.11926
103.11926
103.11926
103.11926
103.11926
103.11926
103.11926
103.11926
103.11926
103.11926
103.11926
103.11926
103.11926
103.11926
103.11926
103.11926
103.11926
103.11926
103.11926
103.11926
103.11926
103.11926
103.11926
103.11926
103.11926
103.11926
103.11926
103.11926
103.11926
103.11926
103.11926
103.11926
103.11926
103.11926
103.11926
103.11926
103.11926
103.11926
103.11926
103.11926
103.11926
103.11926
103.11926
103.11926
103.11926
103.11926
103.11926
103.11926
103.11926
103.11926
103.11926
103.11926
103.11926
103.11926
103.11926
103.11926
103.11926
103.11926
103.11926
103.11926
103.11926
103.11926
103.11926
103.11926
103.11926
103.11926
103.11926
103.11926
103.11926
103.11926
103.11926
103.11926
103.11926
103.11926
103.11926
103.11926
103.11926
103.11926
103.11926
103.11926
103.11926
103.11926
103.11926
103.11926
103.11926
103.11926
103.11926
103.11926
103.11926
103.11926
103.11926
103.11926
103.11926
103.11926
103.11926
103.11926
103.11926
103.11926
103.11926
103.11926
103.11926
103.11926
103.11926
103.11926
103.11926
103.11926
103.11926
103.11926
103.11926
103.11926
103.11926
103.11926
103.11926
103.11926
103.11926
103.11926
103.11926
103.11926
103.11926
103.11926
103.11926
103.11926
103.11926
103.11926
103.11926
103.11926
103.11926
103.11926
103.11926
103.11926
103.11926
103.11926
103.11926
103.11926
103.11926
103.11926
103.11926
103.11926
103.11926
102.97603
102.97603
102.97603
102.97603
102.97603
102.97603
102.97603
102.97603
102.97603
102.97603
102.97603
102.97603
102.97603
102.97603
102.97603
102.97603
102.97603
102.97603
102.97603
102.97603
102.97603
102.97603
102.97603
102.97603
102.97603
102.97603
102.97603
102.97603
102.97603
102.97603
102.97603
102.97603
102.97603
102.97603
102.97603
102.97603
102.97603
102.97603
102.97603
102.97603
102.97603
102.97603
102.97603
102.97603
102.97603
102.97603
102.97603
102.97603
102.97603
102.97603
102.97603
102.97603
102.97603
102.97603
102.97603
102.97603
102.97603
102.97603
102.97603
102.97603
102.97603
102.97603
102.97603
102.97603
102.97603
102.97603
102.97603
102.97603
102.97603
102.97603
102.97603
102.97603
102.97603
102.97603
102.97603
102.97603
102.97603
102.97603
102.97603
102.97603
102.97603
102.97603
102.97603
102.97603
102.97603
102.97603
102.97603
102.97603
102.97603
102.97603
102.97603
102.97603
102.97603
102.97603
102.97603
102.97603
102.97603
102.97603
102.97603
102.97603
102.13855
102.13855
102.13855
102.13855
102.13855
102.13855
102.13855
102.13855
102.13855
102.13855
102.13855
102.13855
102.13855
102.13855
102.13855
102.13855
102.13855
102.13855
102.13855
102.13855
102.13855
102.13855
102.13855
102.13855
102.13855
102.13855
102.13855
102.13855
102.13855
102.13855
102.13855
102.13855
102.13855
102.13855
102.13855
102.13855
102.13855
102.13855
102.13855
102.13855
102.13855
102.13855
102.13855
102.13855
102.13855
102.13855
102.13855
102.13855
102.13855
102.13855
102.13855
102.13855
102.13855
102.13855
102.13855
102.13855
102.13855
102.13855
102.13855
102.13855
102.13855
102.13855
102.13855
102.13855
102.13855
102.13855
102.13855
102.13855
102.13855
102.13855
102.13855
102.13855
102.13855
102.13855
102.13855
102.13855
102.13855
102.13855
102.13855
102.13855
102.13855
102.13855
102.13855
102.13855
102.13855
102.13855
102.13855
102.13855
102.13855
102.13855
102.13855
102.13855
102.13855
102.13855
102.13855
102.13855
102.13855
102.13855
102.13855
102.13855
102.13855
102.13855
102.13855
102.13855
102.13855
102.13855
102.13855
102.13855
102.13855
102.13855
102.13855
102.13855
102.13855
102.13855
102.13855
102.13855
102.13855
102.13855
102.13855
102.13855
102.13855
102.13855
102.02138
102.02138
102.02138
102.02138
102.02138
102.02138
102.02138
102.02138
102.02138
102.02138
102.02138
102.02138
102.02138
102.02138
102.02138
102.02138
102.02138
102.02138
102.02138
102.02138
102.02138
102.02138
102.02138
102.02138
102.02138
102.02138
102.02138
102.02138
102.02138
102.02138
102.02138
102.02138
102.02138
102.02138
102.02138
102.02138
102.02138
102.02138
102.02138
102.02138
102.02138
102.02138
102.02138
102.02138
102.02138
102.02138
102.02138
102.02138
102.02138
102.02138
102.02138
102.02138
102.02138
102.02138
102.02138
102.02138
102.02138
102.02138
102.02138
102.02138
102.02138
102.02138
102.02138
102.02138
102.02138
102.02138
102.02138
102.02138
102.02138
102.02138
102.02138
102.02138
102.02138
102.02138
102.02138
102.02138
102.02138
102.02138
102.02138
102.02138
102.02138
102.02138
102.02138
102.02138
102.02138
102.02138
102.02138
102.02138
102.02138
102.02138
102.02138
102.02138
102.02138
102.02138
102.02138
102.02138
102.02138
101.97154
101.97154
101.97154
101.97154
101.97154
101.97154
101.97154
101.97154
101.97154
101.97154
101.97154
101.97154
101.97154
101.97154
101.97154
101.97154
101.97154
101.97154
101.97154
101.97154
101.97154
101.97154
101.97154
101.97154
101.97154
101.97154
101.97154
101.97154
101.97154
101.97154
101.97154
101.97154
101.97154
101.97154
101.97154
101.97154
101.97154
101.97154
101.97154
101.97154
101.97154
101.97154
101.97154
101.97154
101.97154
101.97154
101.97154
101.97154
101.97154
101.97154
101.97154
101.97154
101.97154
101.97154
101.97154
101.97154
101.97154
101.97154
101.97154
101.97154
101.97154
101.97154
101.97154
101.97154
101.97154
101.97154
101.97154
101.97154
101.97154
101.97154
101.97154
101.97154
101.97154
101.97154
101.97154
101.97154
101.97154
101.97154
101.97154
101.97154
101.97154
101.97154
101.97154
101.97154
101.97154
101.97154
101.97154
101.97154
101.97154
101.97154
101.97154
101.97154
101.97154
101.97154
101.97154
101.97154
101.97154
101.97154
101.97154
101.97154
101.97154
101.71338
101.71338
101.71338
101.71338
101.71338
101.71338
101.71338
101.71338
101.71338
101.71338
101.71338
101.71338
101.71338
101.71338
101.71338
101.71338
101.71338
101.71338
101.71338
101.71338
101.71338
101.71338
101.71338
101.71338
101.71338
101.71338
101.71338
101.71338
101.71338
101.71338
101.71338
101.71338
101.71338
101.71338
101.71338
101.71338
101.71338
101.71338
101.71338
101.71338
101.71338
101.71338
101.71338
101.71338
101.71338
101.71338
101.71338
101.71338
101.71338
101.71338
101.71338
101.71338
101.71338
101.71338
101.71338
101.71338
101.71338
101.71338
101.71338
101.71338
101.71338
101.71338
101.71338
101.71338
101.71338
101.71338
101.71338
101.71338
101.71338
101.71338
101.71338
101.71338
101.71338
101.71338
101.71338
101.71338
101.71338
101.71338
101.71338
101.71338
101.71338
101.71338
101.71338
101.71338
101.71338
101.71338
101.71338
101.71338
101.71338
101.71338
101.71338
101.71338
101.71338
101.71338
101.71338
101.71338
101.71338
101.71338
101.71338
101.71338
101.71338
101.71338
101.71338
101.71338
101.71338
101.71338
101.71338
101.71338
101.71338
101.71338
101.71338
101.71338
101.71338
101.71338
101.71338
101.71338
101.71338
101.71338
101.71338
101.71338
101.71338
101.71338
101.71338
101.71338
101.71338
101.71338
101.71338
101.71338
101.71338
101.71338
101.71338
101.71338
101.71338
101.71338
101.71338
101.71338
101.71338
101.71338
101.71338
101.71338
101.71338
101.71338
101.71338
101.71338
101.71338
101.71338
101.71338
101.71338
101.71338
101.71338
101.71338
101.71338
101.71338
101.71338
101.71338
101.71338
101.71338
101.71338
101.71338
101.71338
101.71338
101.71338
101.71338
101.71338
101.71338
101.71338
101.71338
101.71338
101.71338
101.71338
101.71338
101.71338
101.71338
101.71338
101.71338
101.71338
101.71338
101.71338
101.71338
101.71338
101.71338
101.71338
101.25783
101.25783
101.25783
101.25783
101.25783
101.25783
101.25783
101.25783
101.25783
101.25783
101.25783
101.25783
101.25783
101.25783
101.25783
101.25783
101.25783
101.25783
101.25783
101.25783
101.25783
101.25783
101.25783
101.25783
101.25783
101.25783
101.25783
101.25783
101.25783
101.25783
101.25783
101.25783
101.25783
101.25783
101.25783
101.25783
101.25783
101.25783
101.25783
101.25783
101.25783
101.25783
101.25783
101.25783
101.25783
101.25783
101.25783
101.25783
101.25783
101.25783
101.25783
101.25783
101.25783
101.25783
101.25783
101.25783
101.25783
101.25783
101.25783
101.25783
101.25783
101.25783
101.25783
101.25783
101.25783
101.25783
101.25783
101.25783
101.25783
101.25783
101.25783
101.25783
101.25783
101.25783
101.25783
101.25783
101.25783
101.25783
101.25783
101.25783
101.25783
101.25783
101.25783
101.25783
101.25783
101.25783
101.25783
101.25783
101.25783
101.25783
101.25783
101.25783
101.25783
101.25783
101.25783
101.25783
101.25783
101.25783
101.25783
101.25783
101.25783
101.25783
101.25783
101.25783
101.25783
101.25783
101.25783
101.25783
101.25783
101.25783
101.25783
101.25783
101.25783
101.25783
101.25783
101.25783
101.25783
101.25783
101.25783
101.25783
101.25783
101.25783
101.25783
101.25783
101.25783
101.25783
101.25783
101.25783
101.25783
101.25783
101.25783
101.25783
101.25783
101.25783
101.25783
101.25783
101.25783
101.25783
101.25783
101.25783
101.25783
101.25783
101.25783
101.25783
101.25783
101.25783
101.25783
101.25783
101.25783
101.25783
101.25783
101.25783
101.25783
101.25783
101.25783
101.25783
101.25783
101.25783
101.25783
101.25783
101.25783
101.25783
101.25783
101.25783
101.25783
101.25783
101.25783
101.25783
101.25783
101.25783
101.25783
101.25783
101.25783
101.25783
101.25783
101.25783
101.25783
101.25783
101.25783
101.25783
101.25783
101.25783
101.25783
101.25783
101.25783
101.25783
101.25783
101.25783
101.25783
101.25783
101.25783
101.25783
101.25783
101.25783
101.25783
101.25783
101.25783
101.25783
101.25783
101.25783
101.25783
101.25783
101.25783
101.25783
101.25783
101.25783
101.25783
101.25783
101.25783
101.25783
101.25783
101.25783
101.25783
101.25783
101.25783
101.25783
101.25783
101.25783
101.25783
101.25783
101.25783
101.25783
101.25783
101.25783
101.25783
101.25783
101.25783
101.25783
101.25783
101.25783
101.25783
101.25783
101.25783
101.25783
101.25783
101.25783
101.25783
101.25783
101.25783
101.25783
101.25783
101.25783
101.25783
101.25783
101.25783
101.25783
101.25783
101.25783
101.25783
101.25783
101.25783
101.25783
101.25783
101.25783
101.25783
101.25783
101.25783
101.25783
101.25783
101.25783
101.25783
101.25783
101.25783
101.25783
101.25783
101.25783
101.25783
101.25783
101.18009
101.18009
101.18009
101.18009
101.18009
101.18009
101.18009
101.18009
101.18009
101.18009
101.18009
101.18009
101.18009
101.18009
101.18009
101.18009
101.18009
101.18009
101.18009
101.18009
101.18009
101.18009
101.18009
101.18009
101.18009
101.18009
101.18009
101.18009
101.18009
101.18009
101.18009
101.18009
101.18009
101.18009
101.18009
101.18009
101.18009
101.18009
101.18009
101.18009
101.18009
101.18009
101.18009
101.18009
101.18009
101.18009
101.18009
101.18009
101.18009
101.18009
101.18009
101.18009
101.18009
101.18009
101.18009
101.18009
101.18009
101.18009
101.18009
101.18009
101.18009
101.18009
101.18009
101.18009
101.18009
101.18009
101.18009
101.18009
101.18009
101.18009
101.18009
101.18009
101.18009
101.18009
101.18009
101.18009
101.18009
101.18009
101.18009
101.18009
101.18009
101.18009
101.18009
101.18009
101.18009
101.18009
101.18009
101.18009
101.18009
101.18009
101.18009
101.18009
101.18009
101.18009
101.18009
101.18009
101.18009
101.18009
101.18009
101.18009
101.18009
101.18009
101.18009
101.18009
101.18009
101.18009
101.18009
101.18009
101.18009
101.18009
101.18009
101.18009
101.18009
101.18009
101.18009
101.18009
101.18009
101.18009
101.18009
101.18009
101.18009
101.18009
101.18009
101.18009
101.18009
101.18009
101.18009
101.18009
101.18009
101.18009
101.18009
101.18009
101.18009
101.18009
101.18009
101.18009
101.18009
101.18009
101.18009
101.18009
101.18009
101.18009
101.18009
101.18009
101.18009
101.18009
101.18009
101.18009
101.18009
101.18009
101.18009
101.18009
101.18009
101.18009
101.18009
101.18009
101.18009
101.18009
101.18009
101.18009
101.18009
101.18009
101.18009
101.18009
101.18009
101.18009
101.18009
101.18009
101.18009
101.18009
101.18009
101.18009
101.18009
101.18009
101.18009
101.18009
101.18009
101.18009
101.18009
101.18009
101.18009
101.18009
101.18009
101.18009
101.18009
101.18009
101.18009
101.18009
101.18009
101.18009
101.18009
101.18009
101.18009
101.18009
101.18009
101.18009
101.18009
101.18009
101.18009
101.18009
101.18009
101.18009
101.18009
101.18009
101.18009
101.18009
101.18009
101.18009
101.18009
101.18009
101.18009
101.18009
101.18009
101.18009
101.18009
101.18009
101.18009
101.18009
101.18009
101.18009
101.18009
101.18009
101.18009
101.18009
101.18009
101.18009
101.18009
101.18009
101.18009
101.18009
101.18009
101.18009
101.18009
101.18009
101.18009
101.18009
101.18009
101.18009
101.18009
101.18009
101.18009
101.18009
101.18009
101.18009
101.18009
101.18009
101.18009
101.18009
101.18009
101.18009
101.18009
101.18009
101.18009
101.18009
101.18009
101.18009
101.18009
101.18009
101.18009
101.18009
101.18009
101.18009
101.18009
101.18009
101.18009
101.18009
101.18009
101.18009
101.18009
101.18009
101.18009
101.18009
101.18009
101.18009
101.18009
101.18009
101.18009
101.18009
101.18009
101.18009
101.18009
101.18009
101.18009
101.18009
101.18009
101.18009
101.18009
101.18009
101.18009
101.18009
101.18009
101.18009
101.18009
101.18009
101.18009
101.18009
101.18009
101.18009
101.18009
101.18009
101.18009
101.18009
101.18009
101.18009
101.18009
101.18009
101.18009
101.18009
101.18009
101.18009
101.18009
101.18009
101.18009
101.18009
101.18009
101.18009
101.18009
101.18009
101.18009
101.18009
101.18009
101.18009
101.18009
101.18009
101.18009
101.18009
101.18009
101.18009
101.18009
101.18009
101.18009
101.18009
101.18009
101.18009
101.18009
101.18009
101.18009
101.18009
101.18009
101.18009
101.18009
101.18009
101.18009
101.18009
101.18009
101.18009
101.18009
101.18009
101.18009
101.18009
101.18009
101.18009
101.18009
101.18009
101.18009
101.18009
101.18009
101.18009
101.18009
101.18009
101.18009
101.18009
101.18009
101.18009
101.18009
101.18009
101.18009
101.18009
101.18009
101.18009
101.18009
101.18009
101.18009
101.18009
101.18009
101.18009
101.18009
101.18009
101.18009
101.18009
101.18009
101.18009
101.18009
101.18009
101.18009
101.18009
101.18009
101.18009
101.18009
101.18009
101.18009
101.18009
101.18009
101.18009
101.18009
101.18009
101.18009
101.18009
101.18009
101.18009
101.18009
101.18009
101.18009
101.18009
101.18009
101.18009
101.18009
101.18009
101.18009
101.18009
101.18009
101.18009
101.18009
101.18009
101.18009
101.18009
101.18009
101.18009
101.18009
101.18009
101.18009
101.18009
101.18009
101.18009
101.18009
101.18009
101.18009
101.18009
101.18009
101.18009
101.18009
101.18009
101.18009
101.18009
101.18009
101.18009
101.18009
101.18009
101.18009
101.18009
101.18009
101.18009
101.18009
101.18009
101.18009
101.18009
101.18009
101.18009
101.18009
101.18009
101.18009
101.18009
101.18009
101.18009
101.18009
101.18009
101.18009
101.18009
101.18009
101.18009
101.18009
101.18009
101.18009
101.18009
101.18009
101.18009
101.18009
101.18009
101.18009
101.18009
101.18009
101.18009
101.18009
101.18009
101.18009
101.18009
101.18009
101.18009
101.18009
101.18009
101.18009
101.18009
101.18009
101.18009
101.18009
101.18009
101.18009
101.18009
101.18009
101.18009
101.18009
101.18009
101.18009
101.18009
101.18009
101.18009
101.18009
101.18009
101.18009
101.18009
101.18009
101.18009
101.18009
101.18009
101.18009
101.18009
101.18009
101.18009
101.18009
101.18009
101.18009
101.18009
101.18009
101.18009
101.18009
101.18009
101.18009
101.18009
101.18009
101.18009
101.18009
101.18009
101.18009
101.18009
101.18009
101.18009
101.18009
101.18009
101.18009
101.18009
101.18009
101.18009
101.18009
101.18009
101.18009
101.18009
101.18009
101.18009
101.18009
101.18009
101.18009
101.18009
101.18009
101.18009
101.18009
101.18009
101.18009
101.18009
101.18009
101.18009
101.18009
101.18009
101.18009
101.18009
101.18009
101.18009
101.18009
101.18009
101.18009
101.18009
101.18009
101.18009
101.18009
101.18009
101.18009
101.18009
101.18009
101.18009
101.18009
101.18009
101.18009
101.18009
101.18009
101.18009
101.18009
101.18009
101.18009
100.86198
100.86198
100.86198
100.86198
100.86198
100.86198
100.86198
100.86198
100.86198
100.83918
100.83918
100.83918
100.83918
100.83918
100.83918
100.83918
100.83918
100.83918
100.83918
100.83918
100.83918
100.83918
100.83918
100.83918
100.83918
100.83918
100.83918
100.83918
100.83918
100.83918
100.83918
100.83918
100.83918
100.83918
100.83918
100.83918
100.83918
100.83918
100.83918
100.83918
100.83918
100.83918
100.83918
100.83918
100.83918
100.83918
100.83918
100.83918
100.83918
100.83918
100.83918
100.83918
100.83918
100.83918
100.83918
100.83918
100.83918
100.83918
100.83918
100.83918
100.83918
100.83918
100.83918
100.83918
100.83918
100.83918
100.83918
100.83918
100.83918
100.83918
100.83918
100.83918
100.83918
100.83918
100.83918
100.83918
100.83918
100.83918
100.83918
100.83918
100.83918
100.83918
100.83918
100.83918
100.83918
100.83918
100.83918
100.83918
100.83918
100.83918
100.83918
100.83918
100.83918
100.83918
100.83918
100.83918
100.83918
100.83918
100.83918
100.83918
100.83918
100.83918
100.83918
100.83918
100.83918
100.83918
100.83918
100.83918
100.83918
100.83918
100.83918
100.83918
100.83918
100.83918
100.83918
100.83918
100.57329
100.57329
100.57329
100.57329
100.39592
100.39592
100.39592
100.39592
100.38247
100.38247
100.38247
100.38247
100.38247
100.38247
100.38247
100.38247
100.38247
100.38247
100.38247
100.38247
100.38247
100.38247
100.31872
100.31872
100.31872
100.31872
100.31872
100.31872
100.31872
100.31872
100.31872
100.31872
100.31872
100.31872
100.31872
100.31872
100.31872
100.31872
100.31872
100.31872
100.31872
100.31872
100.31872
100.31872
100.31872
100.31872
100.31872
100.31872
100.31872
100.31872
100.31872
100.31872
100.31872
100.31872
100.31872
100.31872
100.31872
100.31872
100.31872
100.31872
100.31872
100.31872
100.31872
100.31872
100.31872
100.31872
100.31872
100.31872
100.31872
100.31872
100.31872
100.31872
100.31872
100.31872
100.31872
100.31872
100.31872
100.31872
100.31872
100.31872
100.31872
100.31872
100.31872
100.31872
100.31872
100.31872
100.31872
100.31872
100.31872
100.31872
100.31872
100.31872
100.31872
100.31872
100.31872
100.31872
100.31872
100.31872
100.31872
100.31872
100.31872
100.31872
100.31872
100.31872
100.31872
100.31872
100.31872
100.31872
100.31872
100.31872
100.31872
100.31872
100.31872
100.31872
100.31872
100.31872
100.31872
100.31872
100.31872
100.31872
100.31872
100.31872
100.31872
100.31872
100.31872
100.31872
100.31872
100.31872
100.31872
100.31872
100.31872
100.31872
100.31872
100.31872
100.31872
100.31872
100.31872
100.31872
100.31872
100.31872
100.31872
100.31872
100.31872
100.31872
100.31872
100.31872
100.31872
100.31872
100.31872
100.31872
100.31872
100.31872
100.31872
100.31872
100.31872
100.31872
100.31872
100.31872
100.31872
100.31872
100.31872
100.31872
100.31872
100.31872
100.31872
100.31872
100.31872
100.31872
100.31872
100.31872
100.31872
100.31872
100.31872
100.31872
100.31872
100.31872
100.31872
100.31872
100.31872
100.31872
100.31872
100.31872
100.31872
100.31872
100.31872
100.31872
100.31872
100.31872
100.31872
100.31872
100.31872
100.31872
100.31872
100.31872
100.31872
100.31872
100.31872
100.31872
100.31872
100.31872
100.31872
100.31872
100.31872
100.31872
100.31872
100.067
100.067
100.067
100.067
100.067
100.067
100.067
100.067
100.067
100.067
100.067
100.067
100.067
100.067
100.067
100.067
100.067
100.067
100.067
100.067
100.067
100.067
100.067
100.067
100.067
100.067
100.067
100.067
100.067
100.067
100.067
100.067
100.067
100.067
100.067
100.067
100.067
100.067
100.067
100.067
100.067
100.067
100.067
100.067
100.067
100.067
100.067
100.067
100.067
100.067
100.067
100.067
100.067
100.067
100.067
100.067
100.067
100.067
100.067
100.067
100.067
100.067
100.067
100.067
100.067
100.067
100.067
100.067
100.067
100.067
100.067
100.067
100.067
100.067
100.067
100.067
100.067
100.067
100.067
100.067
100.067
100.067
100.067
100.067
100.067
100.067
100.067
100.067
100.067
100.067
100.067
100.067
100.067
100.067
100.067
100.067
100.067
100.067
100.067
100.067
100.067
100.067
100.067
100.067
100.067
100.067
100.067
100.067
100.067
100.067
100.067
100.067
100.067
100.067
100.067
100.067
100.067
100.067
100.067
100.067
100.067
100.067
100.067
100.067
100.067
100.067
100.067
100.067
100.067
100.067
100.067
100.067
100.067
100.067
99.89018
99.89018
99.89018
99.89018
99.89018
99.89018
99.89018
99.89018
99.89018
99.89018
99.89018
99.89018
99.89018
99.89018
99.89018
99.89018
99.89018
99.89018
99.89018
99.89018
99.89018
99.89018
99.89018
99.89018
99.89018
99.89018
99.89018
99.89018
99.89018
99.89018
99.89018
99.89018
99.89018
99.89018
99.89018
99.89018
99.89018
99.89018
99.89018
99.89018
99.89018
99.89018
99.89018
99.89018
99.89018
99.89018
99.89018
99.89018
99.89018
99.89018
99.89018
99.89018
99.89018
99.89018
99.89018
99.89018
99.89018
99.89018
99.89018
99.89018
99.89018
99.89018
99.89018
99.89018
99.89018
99.89018
99.89018
99.89018
99.89018
99.89018
99.89018
99.89018
99.89018
99.89018
99.89018
99.89018
99.89018
99.89018
99.89018
99.89018
99.89018
99.89018
99.89018
99.89018
99.89018
99.89018
99.89018
99.89018
99.89018
99.89018
99.89018
99.89018
99.89018
99.89018
99.89018
99.89018
99.89018
99.89018
99.89018
99.89018
99.89018
99.89018
99.89018
99.89018
99.89018
99.89018
99.89018
99.89018
99.89018
99.89018
99.89018
99.89018
99.89018
99.89018
99.89018
99.89018
99.89018
99.89018
99.89018
99.89018
99.89018
99.89018
99.89018
99.89018
99.89018
99.89018
99.89018
99.89018
99.89018
99.89018
99.89018
99.89018
99.89018
99.89018
99.89018
99.89018
99.89018
99.89018
99.89018
99.89018
99.89018
99.89018
99.89018
99.89018
99.89018
99.89018
99.89018
99.89018
99.89018
99.89018
99.89018
99.89018
99.89018
99.89018
99.89018
99.89018
99.89018
99.89018
99.89018
99.89018
99.89018
99.89018
99.89018
99.89018
99.89018
99.89018
99.89018
99.89018
99.466866
99.466866
99.466866
99.466866
99.466866
99.466866
99.466866
99.466866
99.466866
99.466866
99.466866
99.466866
99.466866
99.466866
99.466866
99.466866
99.466866
99.466866
99.466866
99.466866
99.466866
99.466866
99.466866
99.466866
99.466866
99.466866
99.466866
99.466866
99.466866
99.466866
99.466866
99.466866
99.466866
99.466866
99.466866
99.466866
99.23091
99.23091
99.23091
99.23091
99.23091
99.23091
99.23091
99.23091
99.23091
99.23091
99.23091
99.23091
99.23091
99.23091
99.23091
99.23091
99.23091
99.23091
99.23091
99.23091
99.23091
99.23091
99.23091
99.23091
99.23091
99.23091
99.23091
99.23091
99.23091
99.23091
99.23091
99.23091
99.23091
99.23091
99.23091
99.23091
99.23091
99.23091
99.23091
99.23091
99.23091
99.23091
99.23091
99.23091
99.23091
99.23091
99.23091
99.23091
99.23091
99.23091
99.23091
99.23091
99.23091
99.23091
99.23091
99.23091
99.23091
99.23091
99.23091
99.23091
99.23091
99.23091
99.23091
99.23091
99.23091
99.23091
99.23091
99.23091
99.23091
99.23091
99.23091
99.23091
99.23091
99.23091
99.23091
99.23091
99.23091
99.23091
99.23091
99.23091
99.23091
99.23091
99.23091
99.23091
99.23091
99.23091
99.23091
99.23091
99.23091
99.23091
99.23091
99.23091
99.23091
99.23091
99.23091
99.23091
99.23091
99.23091
99.23091
99.23091
99.23091
99.23091
99.23091
99.23091
99.23091
99.23091
99.23091
99.23091
99.23091
99.23091
99.23091
99.23091
99.23091
99.23091
99.23091
99.23091
99.23091
99.23091
99.23091
99.23091
99.23091
99.23091
99.23091
99.23091
99.23091
99.23091
99.23091
99.23091
99.23091
98.87258
98.87258
98.87258
98.87258
98.87258
98.87258
98.87258
98.87258
98.87258
98.87258
98.87258
98.87258
98.87258
98.87258
98.87258
98.87258
98.87258
98.87258
98.87258
98.87258
98.87258
98.87258
98.87258
98.87258
98.87258
98.87258
98.87258
98.87258
98.87258
98.87258
98.87258
98.87258
98.87258
98.87258
98.87258
98.87258
98.87258
98.87258
98.36281
98.36281
98.36281
98.36281
98.36281
98.36281
98.36281
98.36281
98.36281
98.36281
98.36281
98.36281
98.36281
98.36281
98.36281
98.36281
98.36281
98.36281
98.36281
98.36281
98.36281
98.36281
98.36281
98.36281
98.36281
98.36281
98.36281
98.36281
98.36281
98.36281
98.36281
98.36281
98.36281
98.36281
98.36281
98.36281
98.36281
98.36281
98.36281
98.36281
98.36281
98.36281
98.36281
98.36281
98.36281
98.36281
98.36281
98.36281
98.36281
98.36281
98.36281
98.36281
98.36281
98.36281
98.36281
98.36281
98.36281
98.36281
98.36281
98.36281
98.36281
98.36281
98.36281
98.36281
98.36281
98.36281
98.36281
98.36281
98.36281
98.36281
98.36281
98.36281
98.36281
98.36281
98.36281
98.36281
98.36281
98.36281
98.36281
98.36281
98.36281
98.36281
98.36281
98.36281
98.36281
98.36281
98.36281
98.36281
98.36281
98.36281
98.36281
98.36281
98.36281
98.36281
98.36281
98.36281
98.36281
98.36281
98.36281
98.36281
98.36281
98.36281
98.36281
98.36281
98.36281
98.36281
98.36281
98.36281
98.36281
98.36281
98.36281
98.36281
98.36281
98.36281
98.36281
98.36281
98.36281
98.36281
98.36281
98.36281
98.36281
98.36281
98.36281
98.36281
98.36281
98.36281
98.36281
98.36281
98.36281
98.36281
98.36281
98.36281
98.36281
98.36281
98.36281
98.36281
98.36281
98.36281
98.36281
98.36281
98.36281
98.36281
98.36281
98.36281
98.36281
98.36281
98.36281
98.36281
98.36281
98.36281
98.36281
98.36281
98.36281
98.318474
98.318474
98.318474
98.318474
98.318474
98.318474
98.318474
98.318474
98.318474
98.318474
98.318474
97.69344
97.69344
97.69344
97.69344
97.69344
97.69344
97.69344
97.69344
97.69344
97.69344
97.69344
97.69344
97.69344
97.69344
97.69344
97.69344
97.69344
97.69344
97.69344
97.69344
97.69344
97.69344
97.69344
97.69344
97.69344
97.69344
97.69344
97.69344
97.69344
97.69344
97.69344
97.69344
97.69344
97.69344
97.69344
97.69344
97.69344
97.69344
97.69344
97.69344
97.69344
97.63204
97.63204
97.63204
97.63204
97.63204
97.63204
97.63204
97.63204
97.63204
97.63204
97.63204
97.63204
97.63204
97.63204
97.63204
97.63204
97.63204
97.63204
97.63204
97.63204
97.63204
97.63204
97.63204
97.63204
97.63204
97.63204
97.63204
97.63204
97.63204
97.63204
97.63204
97.63204
97.63204
97.63204
97.63204
97.63204
97.63204
97.63204
97.63204
97.63204
97.63204
97.63204
97.63204
97.63204
97.63204
97.63204
97.63204
97.63204
97.63204
97.63204
97.63204
97.63204
97.63204
97.63204
97.63204
97.63204
97.63204
97.63204
97.63204
97.63204
97.63204
97.63204
97.63204
97.63204
97.63204
97.63204
97.63204
96.81179
96.81179
96.81179
96.81179
96.81179
96.81179
96.81179
96.81179
96.81179
96.81179
96.81179
96.81179
96.81179
96.81179
96.81179
96.81179
96.81179
96.81179
96.81179
96.81179
96.81179
96.81179
96.81179
96.81179
96.81179
96.81179
96.81179
96.81179
96.81179
96.81179
96.81179
96.81179
96.81179
96.81179
96.81179
96.81179
96.81179
96.81179
96.81179
96.81179
96.81179
96.81179
96.81179
96.81179
96.81179
96.81179
96.81179
96.81179
96.81179
96.81179
96.81179
96.81179
96.81179
96.81179
96.81179
96.81179
96.81179
96.81179
96.81179
96.81179
96.81179
96.81179
96.81179
96.81179
96.81179
96.81179
96.81179
96.81179
96.81179
96.81179
96.81179
96.81179
96.81179
96.81179
96.81179
96.81179
96.81179
96.81179
96.81179
96.81179
96.81179
96.81179
96.81179
96.81179
96.81179
96.81179
96.81179
96.81179
96.81179
96.81179
96.81179
96.81179
96.81179
96.81179
96.81179
96.81179
96.81179
96.81179
96.81179
96.81179
96.81179
96.81179
96.81179
96.81179
96.81179
96.81179
96.81179
96.81179
96.81179
96.81179
96.81179
96.81179
96.81179
96.81179
96.81179
96.81179
96.81179
96.81179
96.81179
96.81179
96.81179
96.81179
96.81179
96.81179
96.81179
96.81179
96.81179
96.81179
96.81179
96.81179
96.81179
96.81179
96.81179
96.81179
96.81179
96.81179
96.81179
96.81179
96.81179
96.81179
96.81179
96.81179
96.81179
96.81179
96.81179
96.81179
96.81179
96.81179
96.81179
96.81179
96.81179
96.81179
96.81179
96.81179
96.81179
96.81179
96.81179
96.81179
96.81179
96.81179
96.81179
96.81179
96.81179
96.81179
96.81179
96.81179
96.81179
96.81179
96.81179
96.81179
96.81179
96.81179
96.81179
96.81179
96.81179
96.81179
96.81179
96.81179
96.81179
96.81179
96.81179
96.81179
96.81179
96.81179
96.81179
96.81179
96.81179
96.81179
96.81179
96.81179
96.81179
96.81179
96.81179
96.81179
96.81179
96.81179
96.81179
96.81179
96.81179
96.81179
96.81179
96.81179
96.81179
96.81179
96.81179
96.81179
96.81179
96.81179
96.81179
96.81179
96.81179
96.81179
96.81179
96.81179
96.81179
96.81179
96.81179
96.81179
96.81179
96.81179
96.81179
96.81179
96.81179
96.81179
96.81179
96.81179
96.81179
96.81179
96.81179
96.81179
96.81179
96.81179
96.81179
96.81179
96.81179
96.81179
96.81179
96.81179
96.81179
96.81179
96.81179
96.81179
96.81179
96.81179
96.81179
96.81179
96.81179
96.81179
96.81179
96.81179
96.81179
96.81179
96.81179
96.81179
96.81179
96.81179
96.81179
96.81179
96.81179
96.81179
96.81179
96.81179
96.81179
96.81179
96.81179
96.81179
96.81179
96.81179
96.81179
96.81179
96.81179
96.81179
96.81179
96.81179
96.81179
96.81179
96.81179
96.81179
96.81179
96.81179
96.81179
96.81179
96.81179
96.81179
96.81179
96.81179
96.81179
96.81179
96.81179
96.81179
96.81179
96.81179
96.81179
96.81179
96.81179
96.81179
96.81179
96.81179
96.81179
96.81179
96.81179
96.81179
96.81179
96.81179
96.81179
96.81179
96.81179
96.81179
96.81179
96.81179
96.81179
96.81179
96.81179
96.81179
96.81179
96.81179
96.81179
96.81179
96.81179
96.81179
96.81179
96.81179
96.81179
96.81179
96.81179
96.81179
96.81179
96.81179
96.81179
96.81179
96.81179
96.77269
96.77269
96.77269
96.77269
96.77269
96.77269
96.77269
96.77269
96.77269
96.77269
96.77269
96.77269
96.77269
96.77269
96.77269
96.77269
96.77269
96.77269
96.77269
96.77269
96.77269
96.77269
96.77269
96.77269
96.77269
96.77269
96.77269
96.77269
96.77269
96.77269
96.77269
96.77269
96.77269
96.77269
96.77269
96.77269
96.77269
96.77269
96.77269
96.77269
96.77269
96.77269
96.77269
96.77269
96.77269
96.77269
96.77269
96.77269
96.77269
96.77269
96.77269
96.77269
96.77269
96.77269
96.77269
96.77269
96.77269
96.77269
96.77269
96.77269
96.77269
96.77269
96.77269
96.77269
96.77269
96.77269
96.77269
96.77269
96.77269
96.77269
96.77269
96.77269
96.77269
96.77269
96.77269
96.77269
96.77269
96.77269
96.77269
96.77269
96.77269
96.77269
96.77269
96.77269
96.77269
96.77269
96.77269
96.77269
96.77269
96.77269
96.77269
96.77269
96.77269
96.77269
96.77269
96.77269
96.77269
96.77269
96.77269
96.77269
96.77269
96.77269
96.77269
96.77269
96.77269
96.77269
96.77269
96.77269
96.77269
96.77269
96.77269
96.77269
96.77269
96.77269
96.77269
96.59006
96.59006
96.59006
96.59006
96.59006
96.59006
96.59006
96.59006
96.59006
96.59006
96.59006
96.59006
96.59006
96.59006
96.59006
96.59006
96.59006
96.59006
96.59006
96.59006
96.59006
96.59006
96.59006
96.59006
96.59006
96.59006
96.59006
96.59006
96.59006
96.59006
96.59006
96.59006
96.59006
96.59006
96.59006
96.59006
96.59006
96.59006
96.59006
96.59006
96.59006
96.59006
96.59006
96.59006
96.59006
96.59006
96.59006
96.59006
96.59006
96.59006
96.59006
96.59006
96.59006
96.59006
96.59006
96.59006
96.59006
96.59006
96.59006
96.59006
96.59006
96.59006
96.59006
96.59006
96.59006
96.59006
96.59006
96.59006
96.59006
96.59006
96.59006
96.59006
96.59006
96.59006
96.59006
96.59006
96.59006
96.59006
96.59006
96.59006
96.59006
96.59006
96.59006
96.59006
96.59006
96.59006
96.59006
96.59006
96.59006
96.59006
96.59006
96.59006
96.59006
96.59006
96.59006
96.59006
96.59006
96.59006
96.59006
96.59006
96.59006
96.59006
96.59006
96.59006
96.59006
96.59006
96.59006
96.59006
96.59006
96.59006
96.59006
96.59006
96.59006
96.59006
96.59006
96.59006
96.59006
96.59006
96.59006
96.59006
96.59006
96.59006
96.59006
96.59006
96.59006
96.59006
96.59006
96.59006
96.59006
96.59006
96.59006
96.59006
96.59006
96.59006
96.59006
96.59006
96.59006
96.59006
96.59006
96.59006
96.59006
96.59006
96.59006
96.59006
96.59006
96.59006
96.59006
96.59006
96.59006
96.59006
96.59006
96.59006
96.59006
96.59006
96.59006
96.59006
96.59006
96.59006
96.59006
96.59006
96.59006
96.59006
96.59006
96.59006
96.59006
96.59006
96.59006
96.59006
96.59006
96.59006
96.59006
96.59006
96.59006
96.59006
96.59006
96.59006
96.59006
96.59006
96.59006
96.59006
96.59006
96.59006
96.59006
96.59006
96.59006
96.59006
96.59006
96.59006
96.59006
96.59006
96.59006
96.59006
96.59006
96.59006
96.59006
96.59006
96.59006
96.59006
96.59006
96.59006
96.59006
96.59006
96.59006
96.59006
96.59006
96.59006
96.59006
96.59006
96.59006
96.59006
96.59006
96.59006
96.59006
96.59006
96.59006
96.59006
96.59006
96.59006
96.59006
96.59006
96.59006
96.59006
96.59006
96.59006
96.59006
96.59006
96.59006
96.59006
96.59006
96.59006
96.59006
96.59006
96.59006
96.59006
96.59006
96.59006
96.59006
96.59006
96.59006
96.59006
96.59006
96.59006
96.59006
96.59006
96.59006
96.59006
96.59006
96.59006
96.59006
96.59006
96.59006
96.59006
96.59006
96.59006
96.59006
96.59006
96.59006
96.59006
96.59006
96.59006
96.59006
96.59006
96.59006
96.59006
96.59006
96.59006
96.59006
96.59006
96.59006
96.59006
96.59006
96.59006
96.59006
96.59006
96.59006
96.59006
96.59006
96.59006
96.59006
96.59006
96.59006
96.59006
96.59006
96.59006
96.59006
96.59006
96.59006
96.59006
96.59006
96.59006
96.59006
96.59006
96.59006
96.59006
96.59006
96.59006
96.59006
96.59006
96.59006
96.59006
96.59006
96.59006
96.59006
96.59006
96.59006
96.59006
96.59006
96.42231
96.42231
96.42231
96.42231
96.42231
96.42231
96.42231
96.42231
96.42231
96.42231
96.42231
96.42231
96.42231
96.42231
96.42231
96.42231
96.42231
96.42231
96.42231
96.42231
96.42231
96.42231
96.42231
96.42231
96.42231
96.42231
96.42231
96.42231
96.42231
96.42231
96.42231
96.42231
96.42231
96.42231
96.42231
96.42231
96.42231
96.42231
96.42231
96.42231
96.42231
96.42231
96.42231
96.42231
96.42231
96.42231
96.42231
96.42231
96.42231
96.42231
96.42231
96.42231
96.42231
96.42231
96.42231
96.42231
96.42231
96.42231
96.42231
96.42231
96.42231
96.42231
96.42231
96.42231
96.42231
96.42231
96.42231
96.42231
96.42231
96.42231
96.42231
96.42231
96.42231
96.42231
96.42231
96.42231
96.42231
96.42231
96.42231
96.42231
96.42231
96.42231
96.42231
96.42231
96.39587
96.39587
96.39587
96.39587
96.39587
96.39587
96.39587
96.39587
96.39587
96.39587
96.39587
96.39587
96.39587
96.39587
96.39587
96.39587
96.39587
96.39587
96.39587
96.39587
96.39587
96.39587
96.39587
96.39587
96.39587
96.39587
96.39587
96.39587
96.39587
96.39587
96.39587
96.39587
96.39587
96.39587
96.39587
96.39587
96.39587
96.39587
96.39587
96.39587
96.39587
96.39587
96.39587
96.39587
96.39587
96.39587
96.39587
96.39587
96.39587
96.39587
96.39587
96.39587
96.39587
96.39587
96.39587
96.39587
96.39587
96.39587
96.39587
96.39587
96.39587
96.39587
96.39587
96.39587
96.39587
96.39587
96.39587
96.39587
96.39587
96.39587
96.39587
96.39587
96.39587
96.39587
96.39587
96.39587
96.39587
96.39587
96.39587
96.39587
96.39587
96.39587
96.39587
96.39587
96.39587
96.39587
96.39587
96.39587
96.39587
96.39587
96.39587
96.39587
96.39587
96.39587
96.39587
96.39587
96.39587
96.39587
96.39587
96.39587
96.39587
96.39587
96.39587
96.39587
96.39587
96.39587
96.39587
96.39587
96.39587
96.39587
96.39587
96.39587
96.39587
96.39587
96.39587
96.39587
96.39587
96.39587
96.39587
96.39587
96.39587
96.39587
96.39587
96.39587
96.39587
96.39587
96.39587
96.39587
96.39587
96.39587
96.39587
96.39587
96.39587
96.39587
96.39587
96.39587
96.39587
96.39587
96.39587
96.39587
96.39587
96.39587
96.39587
96.39587
96.39587
96.39587
96.39587
96.39587
96.39587
96.39587
96.39587
96.39587
96.39587
96.39587
96.39587
96.39587
96.39587
96.39587
96.39587
96.39587
96.39587
96.39587
96.39587
96.39587
96.39587
96.39587
96.39587
96.39587
96.39587
96.39587
96.39587
96.39587
96.39587
96.39587
96.39587
96.39587
96.39587
96.39587
96.39587
96.39587
96.39587
96.39587
96.39587
96.39587
96.39587
96.39587
96.39587
96.39587
96.39587
96.39587
96.39587
96.39587
96.39587
96.39587
96.39587
96.39587
96.39587
96.39587
96.39587
96.39587
96.39587
96.39587
96.39587
96.39587
96.39587
96.39587
96.39587
96.39587
96.39587
96.39587
96.39587
96.39587
96.39587
96.39587
96.39587
96.39587
96.39587
96.39587
96.39587
96.39587
96.39587
96.39587
96.39587
96.39587
96.39587
96.39587
96.39587
96.39587
96.39587
96.39587
96.39587
96.39587
96.39587
96.39587
96.39587
96.39587
96.39587
96.39587
96.39587
96.39587
96.39587
96.39587
96.39587
96.39587
96.39587
96.39587
96.39587
96.39587
96.39587
96.39587
96.39587
96.39587
96.39587
96.39587
96.39587
96.39587
96.39587
96.39587
96.39587
96.39587
96.39587
96.39587
96.39587
96.39587
96.39587
96.39587
96.39587
96.39587
96.39587
96.39587
96.39587
96.39587
96.39587
96.39587
96.39587
96.39587
96.39587
96.39587
96.39587
96.39587
96.39587
96.39587
96.39587
96.39587
96.39587
96.39587
96.39587
96.39587
96.39587
96.39587
96.39587
96.39587
96.39587
96.39587
96.39587
96.39587
96.39587
96.39587
96.39587
96.39587
96.39587
96.39587
96.39587
96.39587
96.39587
96.39587
96.39587
96.39587
96.39587
96.39587
96.39587
96.39587
96.39587
96.39587
96.39587
96.39587
96.39587
96.39587
96.39587
96.39587
96.39587
96.39587
96.39587
96.39587
96.39587
96.39587
96.39587
96.39587
96.39587
96.39587
96.39587
96.39587
96.39587
96.39587
96.39587
96.39587
96.39587
96.39587
96.39587
96.39587
96.39587
96.39587
96.39587
96.39587
96.39587
96.39587
96.39587
96.39587
96.39587
96.39587
96.39587
96.39587
96.39587
96.39587
96.39587
96.39587
96.39587
96.39587
96.39587
96.39587
96.39587
96.39587
96.39587
96.39587
96.39587
96.39587
96.39587
96.39587
96.39587
96.39587
96.39587
96.39587
96.39587
96.39587
96.39587
96.39587
96.39587
96.39587
96.39587
96.39587
96.39587
96.39587
96.39587
96.39587
96.39587
96.39587
96.39587
96.207245
96.207245
96.207245
96.207245
96.207245
96.207245
96.207245
96.207245
96.207245
96.207245
96.207245
96.207245
96.207245
96.207245
96.207245
96.207245
96.207245
96.207245
96.207245
96.207245
96.207245
96.207245
96.207245
96.207245
96.207245
96.207245
96.207245
96.207245
96.207245
96.207245
96.207245
96.207245
96.207245
96.207245
96.207245
96.207245
96.207245
96.207245
96.207245
96.207245
96.207245
96.207245
96.207245
96.207245
96.207245
96.207245
96.207245
96.207245
96.207245
96.207245
96.207245
96.207245
96.207245
96.207245
96.207245
96.207245
96.207245
96.207245
96.207245
96.207245
96.207245
96.207245
96.207245
96.207245
96.207245
96.207245
96.207245
96.207245
96.207245
96.207245
96.207245
96.207245
96.207245
96.207245
96.207245
96.207245
96.207245
96.207245
96.207245
96.207245
96.207245
96.207245
96.207245
96.207245
96.207245
96.207245
96.207245
96.207245
96.207245
96.207245
96.207245
96.207245
96.207245
96.207245
96.207245
96.207245
96.207245
96.207245
96.207245
96.207245
96.207245
96.207245
96.207245
96.207245
96.207245
96.207245
96.207245
96.207245
96.207245
96.207245
96.207245
96.207245
96.207245
96.207245
96.207245
96.207245
96.207245
96.207245
96.207245
96.207245
96.207245
96.207245
96.207245
96.207245
96.207245
96.207245
96.207245
96.207245
96.207245
96.207245
96.207245
96.207245
96.207245
96.207245
96.207245
96.207245
96.207245
96.207245
96.207245
96.207245
96.207245
96.207245
96.207245
96.207245
96.207245
96.207245
96.207245
96.207245
96.207245
96.207245
96.207245
96.207245
96.207245
96.207245
96.207245
96.207245
96.207245
96.207245
96.207245
96.207245
96.207245
96.207245
96.207245
96.207245
96.207245
96.207245
96.207245
96.207245
96.207245
96.207245
96.207245
96.207245
96.207245
96.207245
96.207245
96.207245
96.207245
96.207245
96.207245
96.207245
96.207245
96.207245
96.207245
96.207245
96.207245
96.207245
96.207245
96.207245
96.207245
96.207245
96.207245
96.207245
96.207245
96.207245
96.207245
96.207245
96.207245
96.207245
96.207245
96.207245
96.207245
96.207245
96.207245
96.207245
96.207245
96.207245
96.207245
96.207245
96.207245
96.207245
96.207245
96.207245
96.207245
96.207245
96.207245
96.207245
96.207245
96.207245
96.207245
96.207245
96.207245
96.207245
96.207245
96.207245
96.207245
96.207245
96.207245
96.207245
96.207245
96.207245
96.207245
96.207245
96.207245
96.207245
96.207245
96.207245
96.207245
96.207245
96.207245
96.207245
96.207245
96.207245
96.207245
96.207245
96.207245
96.207245
96.207245
96.207245
96.207245
96.207245
96.207245
96.207245
96.207245
96.207245
96.207245
96.207245
96.207245
96.207245
96.207245
96.207245
96.207245
96.207245
96.207245
96.207245
96.207245
96.207245
96.207245
96.207245
96.207245
96.207245
96.207245
96.207245
96.207245
96.207245
96.207245
96.207245
96.207245
96.207245
96.207245
96.207245
96.207245
96.207245
96.207245
96.207245
96.207245
96.207245
96.207245
96.207245
96.207245
96.207245
96.207245
96.207245
96.207245
96.207245
96.207245
96.207245
96.207245
96.207245
96.207245
96.207245
96.207245
96.207245
96.207245
96.207245
96.207245
96.207245
96.207245
96.207245
96.207245
96.207245
96.207245
96.207245
96.207245
96.207245
96.207245
96.207245
96.207245
96.207245
96.207245
96.207245
96.207245
96.207245
96.207245
96.207245
96.207245
96.207245
96.207245
96.207245
96.207245
96.207245
96.207245
96.207245
96.207245
96.207245
96.207245
96.207245
96.207245
96.207245
96.207245
96.207245
96.207245
96.207245
96.207245
96.207245
96.207245
96.207245
96.207245
96.207245
96.207245
96.207245
96.207245
96.207245
96.207245
96.207245
96.207245
96.207245
96.207245
96.207245
96.207245
96.207245
96.207245
96.207245
96.207245
96.207245
96.207245
96.207245
96.207245
96.207245
96.207245
96.207245
96.207245
96.207245
96.207245
96.207245
96.207245
96.207245
96.207245
96.207245
96.207245
96.207245
96.207245
96.207245
96.207245
96.207245
96.207245
96.207245
96.207245
96.207245
96.207245
96.207245
96.207245
96.207245
96.207245
96.207245
96.207245
96.207245
96.207245
96.207245
96.207245
96.207245
96.207245
96.207245
96.207245
96.207245
96.207245
96.207245
96.207245
96.207245
96.207245
96.207245
96.207245
96.207245
96.207245
96.207245
96.207245
96.207245
96.207245
96.207245
96.207245
96.207245
96.207245
96.207245
96.207245
96.207245
96.207245
96.207245
96.207245
96.207245
96.207245
96.207245
96.207245
96.207245
96.207245
96.207245
96.207245
96.207245
96.207245
96.207245
96.207245
96.207245
96.207245
96.207245
96.207245
96.207245
96.207245
96.207245
96.207245
96.207245
96.207245
96.207245
96.207245
96.207245
96.207245
96.207245
96.207245
96.207245
96.207245
96.207245
96.207245
96.207245
96.207245
96.207245
96.207245
96.207245
96.207245
96.207245
96.207245
96.207245
96.207245
96.207245
96.207245
96.207245
96.207245
96.207245
96.207245
96.207245
96.207245
96.207245
96.207245
96.207245
96.207245
96.207245
96.207245
96.207245
96.207245
96.207245
96.207245
96.207245
96.207245
96.207245
96.207245
96.207245
96.207245
96.207245
96.207245
96.207245
96.207245
96.207245
96.207245
96.207245
96.207245
96.207245
96.207245
96.207245
96.207245
96.207245
96.207245
96.207245
96.207245
96.207245
96.207245
96.207245
96.207245
96.207245
96.207245
96.207245
96.207245
96.207245
96.207245
96.207245
96.207245
96.207245
96.207245
96.207245
96.207245
96.207245
96.207245
96.207245
96.207245
96.207245
96.207245
96.207245
96.207245
96.207245
96.207245
96.207245
96.207245
96.207245
96.207245
96.207245
96.207245
96.207245
96.207245
96.207245
95.81948
95.81948
95.81948
95.81948
95.81948
95.81948
95.81948
95.81948
95.81948
95.81948
95.81948
95.81948
95.81948
95.81948
95.81948
95.81948
95.81948
95.81948
95.81948
95.81948
95.81948
95.81948
95.81948
95.81948
95.81948
95.81948
95.81948
95.81948
95.81948
95.81948
95.81948
95.81948
95.81948
95.81948
95.81948
95.81948
95.81948
95.81948
95.81948
95.81948
95.81948
95.81948
95.81948
95.81948
95.81948
95.81948
95.81948
95.81948
95.81948
95.81948
95.81948
95.81948
95.81948
95.81948
95.81948
95.81948
95.81948
95.81948
95.81948
95.81948
95.81948
95.81948
95.81948
95.81948
95.81948
95.81948
95.81948
95.81948
95.81948
95.81948
95.81948
95.81948
95.81948
95.81948
95.81948
95.81948
95.81948
95.81948
95.81948
95.81948
95.81948
95.81948
95.81948
95.81948
95.81948
95.81948
95.81948
95.81948
95.81948
95.81948
95.81948
95.81948
95.81948
95.81948
95.81948
95.81948
95.81948
95.81948
95.81948
95.81948
95.81948
95.81948
95.81948
95.81948
95.81948
95.81948
95.81948
95.81948
95.81948
95.81948
95.81948
95.81948
95.81948
95.81948
95.81948
95.81948
95.81948
95.81948
95.81948
95.81948
95.81948
95.81948
95.81948
95.81948
95.81948
95.81948
95.81948
95.81948
95.81948
95.81948
95.81948
95.81948
95.81948
95.81948
95.81948
95.81948
95.81948
95.81948
95.81948
95.81948
95.81948
95.81948
95.81948
95.81948
95.81948
95.81948
95.81948
95.81948
95.81948
95.81948
95.81948
95.81948
95.81948
95.81948
95.81948
95.81948
95.81948
95.81948
95.81948
95.81948
95.81948
95.81948
95.81948
95.81948
95.81948
95.81948
95.81948
95.81948
95.81948
95.81948
95.81948
95.81948
95.81948
95.81948
95.81948
95.81948
95.81948
95.81948
95.81948
95.81948
95.81948
95.81948
95.81948
95.81948
95.81948
95.81948
95.81948
95.81948
95.81948
95.81948
95.81948
95.81948
95.81948
95.81948
95.81948
95.81948
95.81948
95.81948
95.81948
95.81948
95.81948
95.81948
95.81948
95.81948
95.81948
95.81948
95.81948
95.81948
95.81948
95.81948
95.81948
95.81948
95.81948
95.81948
95.81948
95.81948
95.81948
95.81948
95.81948
95.81948
95.81948
95.81948
95.81948
95.81948
95.81948
95.81948
95.81948
95.81948
95.81948
95.81948
95.81948
95.81948
95.81948
95.81948
95.81948
95.81948
95.81948
95.81948
95.81948
95.81948
95.81948
95.81948
95.81948
95.81948
95.81948
95.81948
95.81948
95.81948
95.81948
95.81948
95.81948
95.81948
95.81948
95.81948
95.81948
95.81948
95.81948
95.81948
95.81948
95.81948
95.81948
95.81948
95.81948
95.81948
95.81948
95.81948
95.81948
95.81948
95.81948
95.81948
95.81948
95.81948
95.81948
95.81948
95.81948
95.81948
95.81948
95.81948
95.81948
95.81948
95.81948
95.81948
95.81948
95.81948
95.81948
95.81948
95.81948
95.81948
95.81948
95.81948
95.81948
95.81948
95.81948
95.81948
95.81948
95.81948
95.81948
95.81948
95.81948
95.81948
95.81948
95.81948
95.81948
95.81948
95.81948
95.81948
95.81948
95.81948
95.81948
95.81948
95.81948
95.81948
95.81948
95.81948
95.81948
95.81948
95.81948
95.81948
95.81948
95.81948
95.81948
95.81948
95.81948
95.81948
95.81948
95.81948
95.81948
95.81948
95.81948
95.81948
95.81948
95.81948
95.81948
95.81948
95.81948
95.81948
95.81948
95.81948
95.81948
95.81948
95.81948
95.81948
95.81948
95.81948
95.81948
95.81948
95.81948
95.81948
95.81948
95.81948
95.81948
95.81948
95.81948
95.81948
95.81948
95.81948
95.81948
95.81948
95.81948
95.81948
95.653404
95.653404
95.653404
95.653404
95.653404
95.653404
95.653404
95.653404
95.653404
95.653404
95.653404
95.653404
95.653404
95.653404
95.653404
95.653404
95.653404
95.653404
95.653404
95.653404
95.653404
95.653404
95.653404
95.653404
95.653404
95.653404
95.653404
95.653404
95.653404
95.653404
95.653404
95.653404
95.653404
95.653404
95.653404
95.653404
95.653404
95.653404
95.653404
95.653404
95.653404
95.653404
95.653404
95.653404
95.653404
95.653404
95.653404
95.653404
95.653404
95.653404
95.653404
95.653404
95.653404
95.653404
95.653404
95.653404
95.653404
95.653404
95.653404
95.653404
95.653404
95.653404
95.653404
95.653404
95.653404
95.653404
95.653404
95.653404
95.653404
95.653404
95.653404
95.653404
95.653404
95.653404
95.653404
95.653404
95.653404
95.653404
95.653404
95.653404
95.653404
95.653404
95.653404
95.653404
95.653404
95.653404
95.653404
95.653404
95.653404
95.653404
95.653404
95.653404
95.653404
95.653404
95.653404
95.653404
95.653404
95.653404
95.653404
95.653404
95.653404
95.653404
95.653404
95.653404
95.653404
95.653404
