223102.31
175043.97
117173.016
74510.72
44261.617
25330.594
14370.007
8549.398
5267.267
3966.106
3313.0017
2650.1287
2214.522
1891.168
1579.2386
1421.773
1241.5643
1120.883
1002.05853
925.2247
844.51544
763.16034
716.0902
654.3102
616.5051
584.0906
548.3461
506.14886
474.23593
453.02505
428.56204
411.05225
385.00003
367.90707
355.43448
338.30084
327.06848
318.80203
302.56216
294.79947
280.81818
267.2293
263.31308
252.26163
241.74811
233.44725
226.34499
221.99414
220.08049
218.5112
217.57811
217.08963
216.21086
213.4667
211.3216
206.49998
204.52524
203.74356
203.74356
201.53018
199.83182
197.86627
195.40926
195.05716
194.77853
193.32649
192.41438
191.20438
190.16571
190.16571
189.50487
189.50487
189.45366
189.45366
189.45366
187.7707
186.61339
186.36586
185.73065
185.30045
185.2906
182.76514
182.76514
182.5603
182.40848
180.38873
180.38873
180.38873
180.38873
179.7421
177.89151
177.47142
177.47142
177.4543
176.31728
175.49309
173.91176
173.91176
173.91176
172.58589
172.3203
172.3203
172.3203
172.07057
170.55875
170.01753
170.01753
169.82062
166.96452
165.68027
163.9457
163.87022
163.87022
163.34477
163.34477
163.32478
163.32478
163.32478
162.9913
161.98703
159.70161
159.70161
159.70161
159.3272
159.3272
159.3272
158.61607
157.65541
157.53825
157.32822
157.32822
157.32822
157.32822
156.68985
156.25415
156.17316
156.10931
156.10931
155.20918
154.57632
154.57632
154.57632
154.57632
154.36008
153.99606
153.99606
152.80185
152.80185
151.92133
151.92133
151.92133
151.92133
151.92133
151.92133
151.67809
151.67809
151.25897
151.25897
150.67894
150.67894
150.2178
149.8489
149.8489
149.18202
149.06519
149.06519
149.06519
148.77219
147.9738
147.9738
147.07437
147.07437
147.07437
147.07437
147.07437
147.07437
146.78583
146.41527
146.41527
146.41527
146.41527
146.41527
146.35715
146.35715
145.99004
144.84222
144.6518
142.88556
142.88556
142.88556
141.45302
141.45302
141.43874
141.43874
141.03604
140.4716
140.18208
140.07976
140.07976
140.07976
139.96977
139.9616
138.1419
137.79556
135.41173
135.41173
134.669
134.669
134.669
134.669
134.54193
134.54193
133.90495
133.64554
133.51424
133.51424
132.1832
132.1832
131.87967
131.87967
131.87967
131.87967
131.87967
131.87967
131.87967
131.87967
131.87967
131.87967
131.87967
131.87967
131.87967
131.87967
131.87967
131.87967
131.87967
131.87967
131.87967
131.87967
131.87967
131.87967
131.87967
131.87967
131.87967
131.87967
131.8459
131.5626
131.3921
131.3921
130.47108
130.47108
130.47108
130.47108
129.6633
129.6633
129.6633
129.6633
129.6633
129.2173
129.14096
129.14096
128.86685
128.86685
128.86685
128.68613
128.68613
128.68613
128.68613
128.68613
128.68613
128.68613
128.15617
128.15617
128.15617
128.15617
128.15617
128.15617
127.06454
127.06454
127.06454
127.06454
127.06454
127.06454
127.06454
127.06454
127.06454
127.06454
127.06454
126.433914
125.06358
125.06358
125.06358
125.06358
125.06358
125.06358
125.06358
125.06358
125.06358
125.06358
125.06358
125.06358
125.06358
124.99499
124.99499
124.99499
124.8062
124.8062
124.8062
124.8062
124.79187
124.79187
123.58995
123.58995
123.310585
123.310585
123.310585
123.01171
123.01171
123.01171
123.01171
122.80697
122.340866
122.340866
122.337654
122.008316
122.008316
122.008316
122.008316
122.008316
122.008316
122.008316
122.008316
122.008316
122.008316
121.681656
121.681656
121.681656
121.681656
121.681656
121.681656
121.681656
121.681656
121.681656
121.681656
121.681656
121.681656
121.681656
121.681656
121.5946
121.28527
121.28527
121.28527
121.28527
121.28527
121.28527
121.28527
121.28527
121.28527
121.28527
121.28527
121.28527
121.28527
121.28527
121.28527
121.28527
121.28527
121.28527
121.28527
121.28527
120.762665
120.762665
120.762665
120.762665
120.762665
120.762665
120.762665
120.762665
120.762665
120.762665
120.762665
120.762665
120.762665
120.60564
120.60564
120.60564
120.60564
120.60564
120.60564
120.60564
120.60564
120.60564
120.60564
120.60564
120.42765
120.42765
119.79912
119.79912
119.79912
119.763306
119.763306
119.763306
119.763306
119.763306
119.763306
119.763306
119.763306
119.763306
119.763306
119.763306
119.763306
119.763306
119.763306
118.98436
118.654366
118.654366
118.654366
118.654366
118.37649
118.28772
118.28772
118.28772
118.28772
118.28772
118.28772
118.28772
118.28772
118.28772
118.28772
118.28772
118.28772
118.28772
118.28772
118.28772
118.28772
118.1526
118.1526
118.1526
118.05987
118.05987
118.05987
118.05987
118.05987
118.05987
118.05987
118.05987
118.05987
118.05987
118.05987
118.05987
118.05987
118.05987
118.05987
117.68082
117.68082
117.68082
117.68082
117.68082
117.68082
117.68082
117.68082
117.50306
117.50306
117.50306
117.50306
117.50306
117.50306
117.50306
117.50306
117.50306
117.312
117.312
117.312
116.29439
116.29439
116.29439
116.29439
116.29439
116.29439
116.29439
116.29439
115.624435
115.624435
115.44693
115.44693
115.44693
115.44693
114.70966
113.68401
113.68401
113.68401
113.68401
113.68401
113.68401
112.65584
112.65584
112.65584
112.65584
112.65584
112.65584
112.65584
112.65584
112.65584
112.65584
112.65584
112.65584
112.563576
112.563576
112.33735
112.33735
112.33735
112.33735
112.33735
112.33735
112.33735
112.33735
112.33735
112.33735
112.33735
112.33735
112.290146
111.36291
111.170784
111.170784
111.170784
110.91421
110.91421
110.91421
110.91421
110.67056
110.67056
110.07589
110.07589
110.07589
109.946785
109.946785
109.946785
109.946785
109.946785
109.946785
109.946785
109.946785
109.946785
109.88114
109.88114
109.73227
109.73227
109.73227
109.73227
109.73227
109.73227
109.73227
109.73227
108.98537
108.77221
108.69778
108.54407
108.5071
108.45448
108.45448
108.44732
108.38717
108.36968
108.28584
108.28584
108.27947
108.15126
107.82093
107.812874
107.812874
107.730835
107.70201
107.686424
107.64168
106.73287
106.73287
106.37422
106.37422
106.37422
106.37422
106.36796
106.36796
106.207535
106.207535
106.207535
106.207535
106.207535
106.207535
106.207535
106.207535
105.97747
105.97747
105.243095
105.243095
105.243095
105.243095
105.243095
105.243095
105.243095
105.243095
105.243095
105.243095
105.243095
105.243095
105.20048
105.20048
105.20048
105.20048
105.04232
105.04232
105.04232
105.04232
105.04232
105.04232
105.04232
105.00801
105.00801
105.00801
105.00801
105.00801
105.00801
105.00801
104.31313
104.15241
104.15241
104.15241
104.15241
104.15241
104.15241
104.15241
103.92227
103.92227
103.92227
103.92227
103.92227
103.92227
103.92227
103.92227
103.92227
103.49751
103.49751
103.49751
102.92503
102.592575
102.484535
102.484535
102.484535
102.4761
102.4761
101.302605
101.302605
100.69539
100.1609
100.1609
100.1609
100.1609
100.1609
100.1609
100.1609
100.1609
100.1609
100.1609
100.1609
100.10325
100.10325
100.10325
100.10325
100.10325
100.10325
100.10325
100.10325
100.10325
100.10325
100.10325
100.10325
100.10325
100.10325
100.10325
100.10325
100.10325
100.10325
100.10325
100.10325
100.10325
100.10325
100.10325
100.10325
100.10325
100.10325
100.10325
100.10325
100.10325
99.98768
99.98768
99.98768
99.98768
99.98768
99.98768
99.98768
99.98768
99.98768
99.456375
99.15672
99.15672
98.7559
98.41737
98.41737
98.41737
98.41737
98.41737
98.41737
98.41737
98.41737
98.41737
98.41737
98.41737
98.41737
98.41737
98.41737
98.41737
98.41737
98.41737
98.41737
98.41737
98.390396
98.390396
98.390396
98.390396
98.15925
98.15925
98.15925
97.80803
97.80803
97.80803
97.80803
97.80803
97.80803
97.80803
97.80803
97.80803
97.80803
97.74815
97.74815
97.74815
97.74815
97.74815
97.74815
97.74815
97.74815
97.74815
97.74815
97.74815
97.74815
97.74815
97.74815
97.74815
97.74815
97.74464
97.74464
97.74464
97.74464
97.74464
97.74464
97.74464
97.74464
97.74464
97.74464
97.74464
97.74464
97.74464
97.74464
97.74464
97.74464
97.72726
97.72726
96.948715
96.948715
96.948715
96.948715
96.948715
96.948715
96.948715
96.948715
96.948715
96.948715
96.948715
96.948715
96.948715
96.948715
96.948715
96.948715
96.948715
96.948715
96.948715
96.948715
96.948715
96.948715
96.948715
96.948715
96.86638
96.86638
96.60207
96.60207
96.60207
96.338295
96.338295
96.338295
95.99354
95.99354
95.99354
95.82177
95.82177
95.82177
95.82177
95.82177
95.67729
95.166145
95.054245
95.054245
95.054245
94.881
94.50197
94.50197
94.50197
94.50197
94.50197
94.50197
94.50197
94.50197
94.50197
94.50197
94.50197
94.2587
94.2587
94.14299
94.02412
93.87634
93.87634
93.87634
93.718575
93.718575
92.88327
92.88327
92.88327
92.88327
92.88327
92.88327
92.88327
92.88327
92.88327
92.80718
92.76986
92.76986
92.76986
92.304886
92.18186
92.18186
92.18186
92.14537
92.00028
91.99881
91.99881
91.99881
91.38682
91.38682
91.38682
91.38682
91.38682
91.38682
91.38682
91.38682
91.38682
91.38682
91.38682
91.38682
91.38682
91.38682
91.38682
91.26933
91.26933
91.26933
91.26933
91.26933
91.26933
91.26933
91.26933
91.26933
91.26933
91.26933
91.26933
91.26933
91.26933
91.26933
90.980835
90.980835
90.980835
90.980835
90.940315
90.940315
90.940315
90.940315
90.940315
90.75644
90.75644
90.75644
90.75644
90.75644
90.71922
90.71922
90.71922
90.71922
90.71922
89.86606
89.856224
89.856224
89.856224
89.856224
89.856224
89.856224
89.856224
89.856224
89.836174
89.836174
89.836174
89.799934
89.799934
89.799934
89.799934
89.799934
89.799934
89.799934
89.799934
89.799934
89.729385
89.729385
89.37678
89.37678
89.37678
89.27794
88.732445
88.732445
88.732445
88.732445
88.71814
88.71814
87.95596
87.95596
87.95596
87.95596
87.95596
87.95596
87.95596
87.95596
87.95596
87.95596
87.95596
87.95596
87.95596
87.95596
87.95596
87.95596
87.95596
87.95596
87.95596
87.95596
87.95596
87.95596
87.95596
87.54483
87.54483
87.54483
87.54483
87.54483
87.54483
87.54483
87.54483
87.54483
87.54483
87.54483
87.54483
87.54483
87.51627
87.51627
87.51627
87.40038
87.40038
87.40038
87.40038
87.40038
87.40038
87.40038
87.40038
87.40038
87.40038
87.40038
87.40038
86.944115
86.944115
86.872635
86.287605
86.287605
86.26146
86.26146
85.86436
85.86436
85.86436
85.86436
85.86436
85.86436
85.86436
85.86436
85.7199
85.7199
85.7199
85.7199
85.7199
85.7199
85.7199
85.7199
85.7199
85.7199
85.7199
85.7199
85.7199
85.7199
85.7199
85.7199
85.7199
85.7199
85.7199
85.7199
85.7199
85.7199
85.7199
85.7199
85.7199
85.7199
85.7199
85.7199
85.7199
85.7199
85.7199
85.4617
85.4617
85.4617
85.4617
85.4617
85.4617
85.4617
85.4617
84.847626
84.847626
84.847626
84.847626
84.67967
84.449196
84.449196
84.449196
84.449196
83.698906
83.698906
83.698906
83.698906
83.698906
83.698906
83.698906
83.698906
83.698906
83.698906
83.698906
83.651596
83.651596
83.651596
83.651596
83.651596
83.651596
83.651596
83.651596
83.651596
83.651596
83.651596
83.651596
83.651596
83.651596
83.651596
83.651596
83.651596
83.651596
83.651596
83.651596
83.651596
83.651596
83.651596
83.651596
83.651596
83.651596
83.650604
83.650604
83.650604
83.650604
83.650604
83.650604
83.650604
83.650604
83.650604
83.650604
83.650604
83.650604
83.650604
83.650604
83.650604
83.650604
83.507675
83.507675
83.135025
83.135025
83.135025
83.135025
83.135025
83.135025
83.135025
83.135025
83.101494
83.101494
83.101494
83.101494
83.101494
83.101494
83.101494
83.101494
83.101494
83.101494
83.101494
83.101494
83.101494
83.101494
83.101494
83.101494
82.63015
82.63015
82.63015
82.485954
82.485954
82.485954
82.485954
82.485954
82.485954
82.485954
82.485954
82.485954
82.485954
82.485954
82.485954
82.485954
82.485954
82.485954
82.485954
82.485954
82.41868
82.41868
82.41868
82.31791
82.29533
82.29533
82.29533
82.074
82.074
82.074
81.83034
81.83034
81.83034
81.7197
81.7197
81.7197
81.7197
81.69028
81.6437
81.6437
81.6437
81.6437
81.45937
81.45937
81.45937
81.45937
81.45937
81.45937
81.45937
81.45937
81.45937
81.45937
81.30793
81.30793
81.30793
81.30268
81.30268
81.30268
81.30268
81.30268
81.30268
81.277054
81.277054
80.7472
80.7472
80.7472
80.7472
80.7472
80.624344
80.624344
80.624344
80.624344
80.624344
80.624344
80.18173
80.18173
80.18173
80.18173
80.18173
80.18173
80.007805
80.007805
80.007805
80.007805
80.007805
80.007805
79.92263
79.92263
79.85888
79.85888
79.45003
79.45003
79.45003
79.34462
79.34462
79.34462
79.34462
79.34462
79.34462
79.34462
79.34462
79.34462
79.34462
79.34462
79.34462
79.34462
79.34462
79.34462
79.34462
79.34462
79.34462
79.34462
79.34462
79.34462
79.34462
79.34462
79.34462
79.32885
79.32885
79.32885
79.04991
79.04991
79.04991
79.04991
78.399895
78.399895
78.399895
78.399895
78.399895
78.399895
78.399895
78.399895
78.399895
78.399895
78.02744
78.02744
78.02744
77.98894
77.95516
77.95516
77.95516
77.95516
77.95516
77.593056
77.593056
77.593056
77.593056
77.338524
77.338524
77.338524
77.338524
76.980576
76.85379
76.85379
76.85379
76.85379
76.67742
76.67742
76.65181
76.65181
76.42063
76.42063
76.39143
76.39143
76.39143
76.39143
76.39143
76.29952
76.29952
76.29952
76.29952
76.29952
76.29952
76.205154
76.205154
76.205154
76.205154
76.205154
75.79945
75.46451
75.46451
75.46451
75.46451
75.46286
75.46131
75.45263
75.45263
75.45263
75.437256
75.437256
75.39425
75.35435
75.35435
75.35435
75.35435
75.35435
75.25579
75.25579
75.25579
75.20371
75.1003
75.1003
75.1003
75.1003
75.1003
75.1003
74.99199
74.99199
74.94134
74.94134
74.94134
74.94134
74.91264
74.88594
74.8434
74.8434
74.8434
74.8434
74.8434
74.8434
74.8434
74.8434
74.757805
74.757805
74.757805
74.757805
74.757805
74.757805
74.757805
74.757805
74.757805
74.757805
74.757805
74.757805
74.757805
74.757805
74.757805
74.757805
74.757805
74.757805
74.74959
74.56395
74.56395
74.56395
74.56395
74.56395
74.56395
74.56395
74.56395
74.56395
74.56395
74.56395
74.56395
74.56395
74.11251
74.11251
74.11251
74.11251
74.11251
74.11251
74.11251
74.11251
74.11251
74.11251
74.11251
74.11251
74.11251
74.11251
74.11251
74.11251
74.11251
74.11251
74.11251
74.11251
74.11251
74.11251
74.11251
74.11251
74.11251
74.11251
74.11251
74.11251
74.11251
74.11251
74.11251
73.90298
73.90298
73.90298
73.90298
73.90298
73.90298
73.90298
73.90298
73.69336
73.69336
73.69336
73.69336
73.69336
73.69336
73.69336
73.69336
73.69336
73.69336
73.42283
73.29981
73.29981
73.24354
73.24354
73.209366
73.209366
73.209366
73.12353
73.12353
73.12353
73.10875
73.10875
73.10875
73.10875
73.10875
73.10875
73.10875
73.10875
72.763504
72.566246
72.566246
72.566246
72.566246
72.25542
72.25542
72.25542
72.02387
72.02387
72.02387
72.02387
72.02387
72.02387
72.02387
72.02387
71.86382
71.86382
71.71348
71.71348
71.71348
71.71348
71.71348
71.71348
71.71348
71.71348
71.71348
71.71348
71.71348
71.71348
71.71348
71.71348
71.71348
71.71348
71.67136
71.58303
71.58303
71.11398
71.11398
71.04471
71.03064
71.03064
71.03064
71.03064
70.89218
70.74785
70.33737
70.24885
70.021034
69.90637
69.68961
69.68961
69.57252
69.57252
69.57252
69.558014
69.20801
69.20801
69.20801
69.02211
68.66325
68.66325
68.66325
68.66325
68.66325
68.66325
68.66325
68.66325
68.66325
68.47537
67.99389
67.99389
67.99389
67.90422
67.90422
67.90422
67.90422
67.90422
67.90422
67.90422
67.473656
67.473656
67.37899
67.37899
67.37899
67.17571
67.17571
67.17571
67.17571
67.17571
67.17571
67.17434
67.17434
67.17434
67.17434
67.06466
66.782684
66.782684
66.32909
66.32909
66.32909
66.32909
66.32909
66.04588
66.04588
66.01974
66.01974
66.01974
65.663956
65.630196
65.5722
65.482445
65.482445
65.3646
65.3646
65.3646
65.3646
65.3646
65.3646
65.32284
65.32284
65.32284
65.169014
65.169014
65.169014
65.068016
65.068016
65.00562
65.00562
64.98164
64.97197
64.91189
64.882164
64.81731
64.76617
64.76617
64.76617
64.73722
64.73722
64.73722
64.73722
64.73722
64.73722
64.73722
64.66083
64.66083
64.66083
64.40064
64.40064
64.35359
64.35359
64.35359
64.35109
64.35109
64.34017
64.34017
64.34017
64.28266
64.28266
64.28266
64.28266
64.28266
64.28266
64.28266
64.281364
64.26269
64.26269
64.26269
64.26269
64.08151
64.062584
64.06063
64.06063
63.841595
63.81752
63.81752
63.81752
63.81752
63.81752
63.81752
63.81752
63.81752
63.78773
63.78773
63.367203
63.367203
63.238388
63.109253
62.986675
62.797523
62.751682
62.61823
62.033092
62.033092
62.033092
62.033092
62.033092
62.033092
62.033092
62.033092
62.033092
62.033092
62.033092
62.033092
62.00026
62.00026
61.936428
61.900383
61.827774
61.827774
61.592514
61.592514
61.592514
61.592514
61.3411
61.3411
61.3411
61.3411
61.302467
61.265198
61.259823
61.259823
61.135998
61.10392
61.08807
61.032356
61.032356
61.032356
60.98046
60.98046
60.98046
60.980415
60.90896
60.87612
60.64213
60.64213
60.64213
60.506264
60.409317
60.27711
60.27488
60.22943
60.07433
60.06355
59.837048
59.672436
59.570286
59.545803
59.403645
59.403645
59.403645
59.403645
59.238605
59.13317
59.055668
59.055668
59.015873
58.931744
58.843204
58.781433
58.52412
58.508457
58.44852
58.399246
58.167442
57.89025
57.89025
57.873985
57.754604
57.748955
57.732437
57.727684
57.727684
57.632767
57.632767
57.165825
57.11267
56.929436
56.897213
56.869144
56.869144
56.823154
56.791496
56.773937
56.767418
56.7213
56.711506
56.67748
56.668694
56.55751
56.465836
56.465836
56.461643
56.371998
56.371998
56.263542
56.0175
55.230587
55.230587
55.227013
55.223774
55.223774
55.11936
55.042305
55.042305
55.042305
55.007545
55.006966
54.472824
54.377308
54.377308
54.273964
54.08571
53.903896
53.903896
53.776505
53.776505
53.704853
53.51943
53.444027
53.417324
53.417324
53.417324
53.417324
53.417324
53.334023
53.334023
53.33186
53.239826
53.23645
53.125587
53.125587
53.125587
53.09499
53.09499
53.09499
53.09499
53.084167
52.93739
52.93739
52.91587
52.91587
52.70073
52.673534
52.673534
52.673534
52.281467
52.281467
52.27887
52.27887
52.27887
52.27887
52.27887
52.27887
52.226997
52.226997
52.226997
52.226997
52.226997
52.138924
51.739727
51.739727
51.671814
51.447826
51.447826
51.447826
51.442616
51.128593
51.128593
51.02605
51.02605
50.86876
50.57991
50.47279
50.464745
50.39644
50.185936
50.185936
50.1407
50.06458
49.98032
49.979977
49.942383
49.942383
49.942383
49.82989
49.82989
49.62128
49.612022
48.902817
48.817947
48.817947
48.805103
48.756725
48.756725
48.756725
48.756725
48.723736
48.653004
48.576305
48.576305
48.576305
48.56963
48.502914
48.485542
48.478268
48.337315
48.337315
48.337315
48.33576
47.920967
47.920967
47.892212
47.87504
47.87504
47.807373
47.807373
47.807373
47.80009
47.80009
47.80009
47.79708
47.79708
47.79708
47.79708
47.79708
47.79708
47.79423
47.79423
47.79423
47.758045
47.758045
47.758045
47.758045
47.758045
47.758045
47.758045
47.758045
47.758045
47.707268
47.707268
47.707268
47.707268
47.707268
47.3634
47.318077
47.244816
47.244816
47.244816
47.24294
47.24294
47.24294
47.24294
47.24203
47.206837
47.206837
47.075554
47.075554
47.055824
47.049534
46.815918
46.80157
46.7852
46.7852
46.77595
46.667065
46.376453
46.37638
46.37638
46.37404
46.32876
46.32876
46.32134
46.136486
45.903217
45.893074
45.77839
45.777023
45.777023
45.76528
45.71958
45.68098
45.67842
45.677864
45.648445
45.500706
45.26675
45.17039
45.163048
44.808678
44.764385
44.746025
44.621437
44.61035
44.61035
44.580982
44.556095
44.340164
44.073753
44.072407
43.98252
43.96497
43.96428
43.96428
43.963448
43.810833
43.810833
43.714207
43.71154
43.398693
43.349648
43.194187
43.194187
43.127583
43.119896
43.110134
43.082836
43.077347
42.864372
42.864372
42.816845
42.802273
42.786217
42.78618
42.78618
42.763515
42.754875
42.724087
42.705387
42.632206
42.617336
42.583817
42.558308
42.558308
42.54139
42.54139
42.53681
42.203815
42.03929
41.837082
41.724808
41.595116
41.525208
41.455162
41.455162
41.44022
41.417233
41.27932
41.155876
41.027176
41.02681
40.946384
40.94425
40.9276
40.71505
40.71505
40.65905
40.620327
40.54525
40.512386
40.512226
40.512226
40.485912
40.371815
40.3707
40.363792
40.303745
40.191826
40.17314
40.172718
40.16437
40.163403
40.0951
40.027855
40.017647
40.01287
40.01287
39.942417
39.94111
39.867176
39.852165
39.83539
39.833183
39.81423
39.804333
39.800205
39.67063
39.669243
39.665287
39.660336
39.585537
39.51915
39.513027
39.479637
39.462894
39.406357
39.2574
39.254955
39.24454
39.227238
39.153015
39.131397
39.12685
39.120743
39.07848
39.060192
38.67734
38.644604
38.621407
38.60691
38.558453
38.52881
38.510067
38.484722
38.483345
38.48249
38.4701
38.43549
38.43472
38.407387
38.378777
38.337116
38.33494
38.33367
38.30719
38.29325
38.26864
38.266037
38.25918
38.198605
38.198505
38.18165
38.178886
38.167377
38.15678
38.151855
38.14458
38.128403
38.119617
38.119225
38.107227
38.090496
37.752316
37.615715
37.490437
37.388138
37.37826
37.360123
37.35451
37.310833
37.283104
37.18046
37.16059
37.115112
37.114998
37.094456
37.087
37.05071
37.045876
37.01907
37.017097
37.013912
37.01029
37.00732
36.71978
36.691826
36.687614
36.676933
36.48422
36.48293
36.416004
36.37936
36.35399
36.326653
36.25504
36.249065
36.243534
36.222755
36.220226
36.186985
36.10808
35.95184
35.939655
35.878414
35.65869
35.54276
35.52111
35.414524
35.390854
35.274525
35.19427
35.081734
35.067078
35.00436
34.979546
34.92179
34.902332
34.88195
34.872387
34.860786
34.823826
34.743546
34.72463
34.711655
34.639538
34.631443
34.578533
34.54539
34.52142
34.455643
34.444695
34.42947
34.405476
34.39179
34.377216
34.167187
34.096973
34.066868
34.043198
34.027714
33.98643
33.97581
33.95713
33.953766
33.947468
33.93453
33.91238
33.896637
33.839634
33.828133
33.82646
33.79103
33.77616
33.71251
33.648438
33.646236
33.533875
33.41224
33.378376
33.356262
33.26282
33.25918
33.239445
33.2281
33.207424
33.185898
33.141163
33.040073
33.00765
32.976414
32.948383
32.91475
32.89275
32.84653
32.794422
32.759266
32.732563
32.64387
32.6095
32.505886
32.43205
32.393845
32.386654
32.374695
32.364937
32.340706
32.33144
32.322914
32.290092
32.27702
32.236248
32.190144
32.133446
32.115715
32.062466
32.03675
32.029552
32.020184
31.822018
31.811878
31.759243
31.750542
31.741169
31.73309
31.649073
31.643171
31.619907
31.608358
31.563707
31.52967
31.483164
31.461039
31.345488
31.337236
31.302921
31.293816
31.286747
31.244854
31.226072
31.220213
31.209377
31.179842
31.170977
31.132595
31.12683
31.120396
31.10626
31.098469
31.09531
31.08878
31.0774
31.062166
31.056206
31.04807
31.037006
30.958097
30.939543
30.923174
30.918484
30.848616
30.835382
30.831121
30.829515
30.822239
30.819332
30.81275
30.80753
30.792055
30.712763
30.705572
30.696815
30.69026
30.677002
30.631773
30.62141
30.579473
30.561306
30.548765
30.541828
30.52683
30.515444
30.41815
30.4055
30.395145
30.391726
30.375925
30.357534
30.335772
30.226088
30.200512
30.196053
30.182596
30.180096
30.176271
30.159296
29.800154
29.785486
29.762354
29.753479
29.743137
29.73231
29.718195
29.710432
29.704115
29.69578
29.684235
29.673346
29.664555
29.654392
29.627813
29.609697
29.562202
29.428648
29.318068
29.281433
29.257683
29.250986
29.240858
29.21871
29.209593
29.200434
29.196629
29.150923
29.137337
29.104277
29.061306
29.053179
29.010674
29.001438
28.986423
28.959665
28.913612
28.883001
28.877491
28.867945
28.850243
28.764957
28.681753
28.672894
28.639906
28.635588
28.626684
28.605524
28.583336
28.568317
28.5393
28.526913
28.499004
28.494396
28.490538
28.485533
28.470495
28.445408
28.432446
28.410501
28.401672
28.39336
28.383461
28.364302
28.348843
28.326775
28.317482
28.306824
28.297506
28.253756
28.244015
28.236814
28.228449
28.220947
28.202599
28.184914
28.170193
28.147896
28.13161
28.10667
28.093174
28.01521
27.99703
27.984041
27.972542
27.956537
27.95045
27.944994
27.935488
27.927217
27.916035
27.907648
27.897657
27.884794
27.874895
27.865936
27.858044
27.851694
27.839928
27.822826
27.814466
27.787964
27.771793
27.718288
27.707697
27.697948
27.680632
27.672113
27.661676
27.654078
27.644316
27.630428
27.614035
27.600208
27.580746
27.575287
27.566515
27.55893
27.546337
27.534763
27.525303
27.511074
27.502783
27.49642
27.48601
27.473906
27.46369
27.438665
27.423939
27.419369
27.410706
27.399727
27.389729
27.381414
27.376719
27.370056
27.365232
27.35335
27.343351
27.335724
27.321917
27.313118
27.304884
27.29247
27.279728
27.26415
27.25097
27.240622
27.227636
27.21778
27.163862
27.146315
27.132534
27.124315
27.11333
27.104765
27.094524
27.086605
27.08065
27.071497
27.060219
26.959587
26.94987
26.944143
26.936333
26.929535
26.924177
26.915867
26.910444
26.905094
26.89668
26.89005
26.880774
26.874865
26.862349
26.851505
26.843801
26.836645
26.829002
26.823757
26.817104
26.812824
26.806976
26.800093
26.732052
26.727816
26.722286
26.714298
26.707664
26.672916
26.63575
26.60888
26.560526
26.55474
26.546953
26.53999
26.521187
26.51129
26.503069
26.497047
26.490992
26.47152
26.424536
26.417778
26.4101
26.391823
26.360422
26.353907
26.346987
26.325104
26.303326
26.27815
26.270184
26.262573
26.246605
26.241056
26.235071
26.22754
26.215172
26.196196
26.185095
26.180725
26.16622
26.147305
26.12211
26.113825
26.103003
26.095007
26.08791
26.075268
26.06404
26.054897
26.035624
26.027344
26.01859
26.011309
26.003477
25.992302
25.986736
25.980297
25.97228
25.967222
25.961212
25.953669
25.942354
25.93209
25.924334
25.916985
25.908232
25.89679
25.889479
25.882471
25.875877
25.864176
25.858906
25.849928
25.841143
25.834612
25.822937
25.785408
25.778143
25.768698
25.757147
25.750868
25.742851
25.72135
25.698668
25.689693
25.654203
25.625038
25.60769
25.597723
25.585827
25.575277
25.55112
25.543482
25.532696
25.481941
25.439156
25.431368
25.422302
25.415007
25.407223
25.383734
25.36307
25.349241
25.338812
25.309107
25.302986
25.29474
25.287727
25.27955
25.270655
25.257662
25.250347
25.225594
25.210506
25.20217
25.192392
25.18596
25.177029
25.169884
25.156832
25.145117
25.130556
25.11671
25.108055
25.098713
25.088366
25.081783
25.074179
25.065365
25.058546
25.04942
25.041088
25.031246
25.024632
25.017979
25.007498
24.997625
24.987925
24.980936
24.96923
24.958433
24.952065
24.943424
24.934795
24.924519
24.916998
24.90855
24.899565
24.890009
24.882898
24.87321
24.860117
24.853064
24.842468
24.83568
24.828926
24.821552
24.813084
24.804882
24.796934
24.788454
24.780317
24.773638
24.766626
24.758596
24.753395
24.747152
24.74061
24.73332
24.726294
24.719425
24.712133
24.703693
24.695726
24.688549
24.679995
24.673805
24.668188
24.658268
24.650583
24.64218
24.634258
24.626917
24.61808
24.609253
24.601389
24.594532
24.58562
24.578169
24.569546
24.560827
24.55419
24.546139
24.536915
24.528757
24.520952
24.514751
24.506731
24.498775
24.493078
24.48531
24.478
24.47018
24.461115
24.453594
24.446068
24.439592
24.432014
24.423641
24.41773
24.411411
24.403131
24.39562
24.387835
24.379763
24.372183
24.363752
24.355284
24.34537
24.336992
24.328276
24.32068
24.313055
24.304657
24.298212
24.291689
24.28467
24.279549
24.273079
24.264784
24.255735
24.24804
24.241812
24.234478
24.227514
24.221899
24.215788
24.208231
24.20066
24.195713
24.186853
24.180882
24.173521
24.166592
24.15981
24.152515
24.146318
24.138735
24.13129
24.124454
24.11587
24.108877
24.102514
24.095642
24.088348
24.08077
24.073547
24.067574
24.059805
24.055092
24.046888
24.041079
24.034168
24.030098
24.024061
24.019989
24.016623
24.009739
24.00403
23.997377
23.989956
23.984812
23.978188
23.97174
23.965801
23.958784
23.954268
23.947424
23.941744
23.93537
23.929012
23.922915
23.916046
23.908886
23.901602
23.897032
23.890144
23.883057
23.877434
23.870136
23.863384
23.85671
23.85015
23.841555
23.835539
23.827036
23.820139
23.810923
23.803165
23.795877
23.789167
23.783888
23.776964
23.77087
23.764582
23.759474
23.752882
23.747625
23.74042
23.73428
23.728598
23.722616
23.715923
23.709455
23.703327
23.697351
23.691456
23.686169
23.68027
23.674038
23.667755
23.66075
23.654268
23.646276
23.64025
23.633905
23.62678
23.621365
23.614565
23.606745
23.599884
23.594217
23.588358
23.58216
23.577238
23.571922
23.56527
23.558992
23.551596
23.546305
23.539448
23.536001
23.531488
23.525862
23.520973
23.51649
23.512632
23.508291
23.502527
23.496859
23.490345
23.485586
23.480354
23.474895
23.46873
23.464354
23.460789
23.45584
23.451412
23.446917
23.443115
23.438297
23.43224
23.42635
23.421
23.417358
23.412605
23.408041
23.403557
23.39991
23.395897
23.391487
23.38854
23.384892
23.380627
23.376184
23.371735
23.367666
23.363714
23.359581
23.355959
23.35141
23.34561
23.340849
23.336529
23.33148
23.32593
23.31951
23.314531
23.310036
23.30518
23.299664
23.295874
23.290148
23.285421
23.27942
23.27417
23.26913
23.264471
23.258223
23.253345
23.249104
23.244165
23.23911
23.235058
23.230146
23.225801
23.220848
23.216639
23.212593
23.208454
23.203558
23.198988
23.194292
23.188967
23.18393
23.178892
23.174074
23.168104
23.163809
23.158686
23.155546
23.152004
23.147278
23.142895
23.138487
23.134169
23.129538
23.126324
23.12265
23.118793
23.115683
23.112347
23.107887
23.104239
23.100655
23.096981
23.094288
23.090706
23.086462
23.08158
23.078228
23.073568
23.068573
23.063848
23.059834
23.055235
23.051775
23.048061
23.044207
23.04052
23.036413
23.03227
23.027353
23.02249
23.018745
23.01526
23.01046
23.006742
23.00412
22.999174
22.995508
22.990871
22.987387
22.982594
22.978382
22.97404
22.969595
22.966303
22.961405
22.957228
22.952734
22.948982
22.944462
22.940004
22.936157
22.93162
22.927937
22.924791
22.921236
22.918114
22.91476
22.910717
22.906796
22.903057
22.899616
22.895718
22.892424
22.889353
22.885717
22.882607
22.879282
22.875309
22.870985
22.86733
22.862494
22.857128
22.852152
22.84732
22.842815
22.838106
22.83362
22.828129
22.823997
22.818895
22.813608
22.809467
22.806004
22.802696
22.799204
22.795736
22.791487
22.787697
22.783426
22.779936
22.775951
22.771955
22.767605
22.763878
22.760223
22.756037
22.751728
22.747108
22.74284
22.73891
22.73517
22.728664
22.722412
22.7183
22.714886
22.710249
22.707317
22.703993
22.700928
22.697844
22.694914
22.69176
22.688942
22.685358
22.68053
22.677332
22.67394
22.670658
22.668026
22.665152
22.66232
22.660242
22.657743
22.654692
22.651533
22.6486
22.64544
22.642445
22.639225
22.63637
22.632978
22.630049
22.627363
22.625114
22.622545
22.61974
22.617182
22.615366
22.612574
22.61007
22.607689
22.60564
22.602913
22.60045
22.59762
22.595467
22.592937
22.59092
22.588814
22.586584
22.584545
22.58243
22.5799
22.57747
22.575056
22.572817
22.57057
22.56836
22.5662
22.56344
22.561037
22.558565
22.55608
22.5535
22.551462
22.549469
22.54732
22.54479
22.542664
22.540632
22.538584
22.536226
22.533855
22.53175
22.529839
22.528276
22.52651
22.524536
22.522785
22.521341
22.519331
22.517609
22.515844
22.514076
22.512094
22.510145
22.508106
22.505993
22.50396
22.501719
22.499634
22.497475
22.494852
22.49299
22.49071
22.488688
22.486814
22.48517
22.483644
22.482347
22.480797
22.478844
22.476696
22.474718
22.472404
22.470196
22.468128
22.465889
22.463984
22.461842
22.46003
22.458323
22.45638
22.454376
22.451944
22.44953
22.447653
22.445625
22.443562
22.441551
22.439802
22.43807
22.436415
22.434618
22.432947
22.431028
22.429016
22.426764
22.424595
22.422014
22.419565
22.417591
22.415953
22.414152
22.412266
22.410337
22.408314
22.405817
22.403767
22.40176
22.399569
22.397469
22.395521
22.393337
22.391052
22.389324
22.387482
22.385172
22.38329
22.381844
22.380348
22.378517
22.376804
22.37531
22.373333
22.371498
22.370304
22.368256
22.366154
22.36471
22.362953
22.36135
22.359623
22.358166
22.356804
22.355894
22.354822
22.353918
22.352886
22.35134
22.350677
22.349888
22.348713
22.347637
22.346766
22.345499
22.344465
22.343237
22.342249
22.341036
22.3397
22.33852
22.337322
22.33622
22.33509
22.334034
22.333061
22.332083
22.330927
22.32999
22.3289
22.32773
22.326862
22.325686
22.324568
22.323587
22.322538
22.321737
22.320875
22.320177
22.319485
22.318846
22.318157
22.31758
22.316969
22.316437
22.31592
22.315418
22.314854
22.314312
22.313658
22.31295
22.312216
22.311403
22.310616
22.309717
22.308964
22.308
22.30721
22.306385
22.30556
22.304815
22.303986
22.303127
22.302263
22.30133
22.300192
22.298925
22.297638
22.296404
22.294954
22.293089
22.291162
22.289574
22.28789
22.28699
22.286327
22.285692
22.285004
22.284443
22.283777
22.283081
22.282307
22.281532
22.280792
22.279957
22.279224
22.278772
22.27825
22.277739
22.277073
22.276482
22.275698
22.274904
22.274227
22.2736
22.273197
22.272789
22.272419
22.272047
22.271662
22.271278
22.270826
22.270264
22.269743
22.26911
22.268581
22.267832
22.26711
22.266365
22.265448
22.26463
22.263573
22.262552
22.261328
22.26047
22.259665
22.258904
22.257927
22.256954
22.255848
22.254635
22.253569
22.252527
22.251383
22.250124
22.24919
22.248404
22.247591
22.247013
22.246298
22.245476
22.244545
22.243904
22.242878
22.2416
22.240496
22.239346
22.23819
22.236872
22.235216
22.233847
22.23247
22.230497
22.229261
22.228176
22.227552
22.226706
22.225739
22.224812
22.224047
22.223192
22.222578
22.22192
22.221432
22.220917
22.220545
22.220049
22.219587
22.21921
22.21879
22.218172
22.217762
22.217031
22.216557
22.215939
22.215544
22.21503
22.214457
22.21391
22.21336
22.21282
22.212444
22.211939
22.211498
22.211067
22.21061
22.210188
22.209608
22.209133
22.20859
22.207998
22.207424
22.206892
22.206028
22.2054
22.204447
22.203539
22.202602
22.201735
22.200983
22.200233
22.199179
22.198294
22.197292
22.19656
22.195986
22.195478
22.194977
22.194582
22.19422
22.19394
22.193598
22.193226
22.192991
22.192652
22.192278
22.191853
22.191498
22.191137
22.190804
22.19049
22.190105
22.18964
22.189142
22.188513
22.187878
22.187304
22.1868
22.186214
22.18587
22.185543
22.18525
22.18485
22.184374
22.183939
22.183569
22.183159
22.182775
22.182434
22.182102
22.181635
22.181166
22.180677
22.18025
22.179777
22.179304
22.178926
22.178488
22.178051
22.177645
22.177132
22.1767
22.176273
22.17586
22.175282
22.174726
22.174019
22.17316
22.171972
22.170942
22.170183
22.169933
22.169802
22.169607
22.169441
22.169212
22.168938
22.168648
22.168325
22.167969
22.167576
22.16724
22.166864
22.166456
22.16607
22.165678
22.1653
22.16487
22.164467
22.164026
22.163397
22.162807
22.16221
22.161724
22.161396
22.161102
22.160835
22.160501
22.160223
22.159893
22.159569
22.159145
22.158733
22.158268
22.157854
22.157154
22.156437
22.155313
22.154102
22.152729
22.151676
22.150547
22.149204
22.147984
22.147303
22.14675
22.145931
22.144966
22.143917
22.142824
22.141779
22.140657
22.139738
22.139223
22.139038
22.138842
22.138634
22.138365
22.138144
22.137817
22.137487
22.137232
22.13689
22.136595
22.136253
22.135914
22.135508
22.134882
22.134148
22.133348
22.13225
22.131008
22.129768
22.128508
22.126926
22.12549
22.12406
22.123177
22.122267
22.121271
22.120525
22.119862
22.118977
22.118073
22.117268
22.116608
22.116295
22.116127
22.116001
22.11529
22.115175
22.115044
22.114908
22.114784
22.114628
22.113703
22.113499
22.113237
22.113005
22.112715
22.112316
22.111933
22.111614
22.111298
22.11098
22.110737
22.110525
22.110315
22.110008
22.10986
22.109684
22.10954
22.109394
22.109232
22.10907
22.108883
22.108646
22.108402
22.108143
22.107853
22.107521
22.107126
22.106758
22.106426
22.10614
22.105917
22.105701
22.105442
22.105068
22.104729
22.104397
22.103996
22.103697
22.103363
22.10297
22.102396
22.101856
22.101402
22.100851
22.100101
22.099134
22.098171
22.097164
22.095936
22.094992
22.09434
22.093908
22.093262
22.092922
22.092781
22.092497
22.092333
22.092194
22.092037
22.091923
22.091778
22.091482
22.09136
22.091206
22.091055
22.090702
22.090502
22.090315
22.090061
22.089823
22.08949
22.089087
22.08861
22.088085
22.087427
22.086847
22.086267
22.085657
22.085033
22.084469
22.083866
22.083494
22.083261
22.083082
22.082926
22.082817
22.082693
22.082542
22.082361
22.082226
22.082026
22.081861
22.081715
22.081547
22.081362
22.081184
22.080994
22.080849
22.08042
22.080284
22.080194
22.080109
22.079937
22.07979
22.079565
22.079304
22.078981
22.078665
22.07833
22.078098
22.07794
22.077785
22.077623
22.077446
22.077229
22.077047
22.076897
22.076702
22.076477
22.076315
22.076143
22.075933
22.075706
22.075373
22.075012
22.074657
22.074247
22.073961
22.07374
22.073582
22.073328
22.07318
22.073011
22.072863
22.072697
22.072523
22.072392
22.072243
22.072102
22.071957
22.071772
22.071587
22.071392
22.071226
22.071102
22.070932
22.070726
22.070557
22.070349
22.070158
22.070007
22.069883
22.069721
22.069494
22.069233
22.068977
22.068724
22.06852
22.068293
22.06794
22.067654
22.067413
22.067139
22.066853
22.06658
22.066431
22.066357
22.066301
22.066212
22.066088
22.065985
22.065887
22.065786
22.065609
22.065437
22.065336
22.06529
22.065208
22.065178
22.065123
22.065088
22.065031
22.064968
22.064924
22.064854
22.06477
22.064692
22.064604
22.064388
22.0642
22.064034
22.063791
22.063686
22.063633
22.063602
22.063557
22.063498
22.063414
22.063322
22.063215
22.063107
22.06296
22.062838
22.062704
22.062569
22.062418
22.062252
22.06208
22.061853
22.061666
22.061455
22.061329
22.061197
22.061052
22.060858
22.060656
22.060509
22.06037
22.060236
22.059996
22.059805
22.0596
22.059416
22.059202
22.059042
22.058826
22.058552
22.058266
22.05792
22.057487
22.057158
22.056898
22.056734
22.05662
22.05652
22.056416
22.056328
22.05619
22.05606
22.05597
22.055847
22.055746
22.05564
22.055553
22.055431
22.055286
22.055079
22.054882
22.054636
22.05435
22.05402
22.053738
22.053402
22.053022
22.052528
22.052046
22.05158
22.050968
22.050413
22.049885
22.04947
22.049105
22.04879
22.048456
22.048038
22.047384
22.046877
22.046204
22.045357
22.044336
22.04341
22.042837
22.042536
22.042286
22.042162
22.041994
22.041817
22.041632
22.041376
22.04114
22.040876
22.04048
22.039818
22.039055
22.038113
22.037037
22.03558
22.034359
22.032948
22.031565
22.029928
22.02832
22.027073
22.026323
22.02579
22.025305
22.024878
22.024725
22.024557
22.024403
22.024298
22.024164
22.02405
22.023928
22.023825
22.023712
22.023565
22.023466
22.023376
22.023287
22.023157
22.022972
22.022749
22.022528
22.022284
22.02205
22.021742
22.021471
22.021235
22.02101
22.020813
22.020617
22.020445
22.020296
22.02014
22.019985
22.01981
22.019552
22.019308
22.019064
22.01886
22.01864
22.018503
22.01841
22.018366
22.018316
22.018282
22.018253
22.018213
22.018185
22.018137
22.018087
22.018036
22.017946
22.017836
22.017754
22.017675
22.017618
22.017555
22.017504
22.017426
22.017374
22.01731
22.017248
22.01719
22.017143
22.017101
22.016972
22.0169
22.016802
22.016748
22.016693
22.016611
22.01653
22.016426
22.016296
22.01615
22.016024
22.015844
22.015638
22.015379
22.015106
22.01484
22.014395
22.014046
22.013525
22.012966
22.012186
22.011423
22.010883
22.010479
22.009789
22.008945
22.008234
22.007832
22.007574
22.007273
22.006977
22.006508
22.005863
22.005222
22.005001
22.00497
22.004908
22.00483
22.004568
22.003807
22.002937
22.001749
22.000772
22.00005
21.999516
21.999262
21.999146
21.999006
21.998848
21.998638
21.998318
21.998165
21.997868
21.997595
21.997381
21.997215
21.996983
21.99674
21.99642
21.996145
21.995777
21.995373
21.994953
21.994497
21.994116
21.99389
21.993792
21.993694
21.993624
21.99355
21.993525
21.993502
21.99348
21.99346
21.993425
21.993395
21.993368
21.993338
21.993298
21.993265
21.993229
21.993214
21.993193
21.993158
21.993122
21.993078
21.99303
21.992971
21.992867
21.992756
21.99262
21.992533
21.992485
21.992455
21.992409
21.99236
21.992296
21.992235
21.992174
21.992119
21.992075
21.992035
21.991993
21.991932
21.991888
21.99185
21.991768
21.991692
21.991556
21.991455
21.991411
21.991385
21.99135
21.99131
21.99127
21.9912
21.991129
21.991028
21.990881
21.990715
21.990562
21.99033
21.990074
21.989868
21.989624
21.98935
21.989035
21.988768
21.988586
21.988356
21.988108
21.98788
21.987638
21.98742
21.987097
21.986782
21.986483
21.986235
21.98591
21.985567
21.98538
21.985329
21.985262
21.9852
21.985119
21.985054
21.984959
21.984869
21.98479
21.984747
21.984686
21.984592
21.984425
21.984022
21.98368
21.983273
21.98279
21.982288
21.981853
21.981169
21.980639
21.980375
21.980247
21.980177
21.980097
21.980017
21.979948
21.979872
21.979786
21.9797
21.979584
21.979479
21.979342
21.979244
21.979149
21.979042
21.978899
21.97878
21.97862
21.97852
21.97839
21.97828
21.97821
21.978176
21.978153
21.978127
21.978098
21.978062
21.978014
21.977953
21.977877
21.977787
21.977715
21.977612
21.977503
21.977419
21.977306
21.977167
21.977022
21.976858
21.97671
21.97656
21.976463
21.976316
21.976082
21.975863
21.975573
21.975157
21.974758
21.974344
21.97375
21.973103
21.972467
21.972445
21.972012
21.971836
21.97179
21.971748
21.97172
21.971697
21.971367
21.971272
21.97121
21.97116
21.971092
21.97101
21.970892
21.970543
21.970284
21.970076
21.969852
21.969593
21.969418
21.969292
21.969212
21.969147
21.969126
21.96909
21.969065
21.96902
21.968987
21.96896
21.968908
21.968803
21.968733
21.968721
21.968695
21.968628
21.968601
21.968573
21.968538
21.968512
21.968466
21.968431
21.968395
21.968355
21.968319
21.968271
21.968214
21.968147
21.96796
21.967888
21.967854
21.967812
21.96778
21.967756
21.967743
21.967724
21.967701
21.96767
21.967607
21.967539
21.967472
21.967382
21.96728
21.967136
21.966982
21.966845
21.96668
21.966509
21.966402
21.966307
21.96627
21.966236
21.966196
21.966152
21.966106
21.96604
21.965942
21.965816
21.96566
21.965492
21.965355
21.965157
21.964897
21.96467
21.964441
21.964266
21.964132
21.963993
21.963903
21.963856
21.963816
21.963776
21.963715
21.963652
21.963575
21.96347
21.963388
21.963306
21.96323
21.963156
21.963074
21.96298
21.962885
21.96278
21.962635
21.962473
21.962347
21.962202
21.962088
21.962025
21.961971
21.961908
21.96183
21.961742
21.961664
21.961512
21.961357
21.96121
21.961084
21.960962
21.96087
21.96078
21.960726
21.960682
21.960634
21.960604
21.960567
21.960524
21.96049
21.960442
21.96041
21.96038
21.960348
21.96033
21.960308
21.960285
21.96026
21.960236
21.960205
21.960175
21.960144
21.960114
21.960035
21.959942
21.95985
21.959755
21.959646
21.959564
21.959455
21.95939
21.959293
21.959167
21.959053
21.958975
21.958946
21.958933
21.95893
21.958904
21.958893
21.95887
21.958836
21.958805
21.95877
21.958736
21.958698
21.958662
21.95863
21.9586
21.95837
21.957954
21.957874
21.957792
21.957634
21.957602
21.957441
21.957327
21.957031
21.956917
21.956835
21.956663
21.956614
21.95651
21.956387
21.956238
21.95612
21.956
21.955883
21.955753
21.955667
21.955574
21.955502
21.955383
21.955296
21.955208
21.955103
21.954998
21.954882
21.95472
21.95458
21.954435
21.954245
21.954014
21.953707
21.953348
21.952816
21.952461
21.952328
21.952106
21.951649
21.951027
21.950756
21.950497
21.95033
21.950178
21.950031
21.949923
21.949799
21.949709
21.949585
21.949434
21.949316
21.949192
21.9491
21.949024
21.948942
21.94887
21.948788
21.94871
21.948637
21.948586
21.948544
21.948494
21.948416
21.948355
21.948278
21.948174
21.948092
21.948023
21.947954
21.947916
21.947863
21.94778
21.947744
21.947643
21.947535
21.947428
21.947334
21.947227
21.947104
21.946974
21.946838
21.946705
21.94658
21.946486
21.946377
21.946255
21.946098
21.945902
21.945667
21.945368
21.945093
21.944857
21.944628
21.944479
21.94438
21.944332
21.944258
21.944162
21.944
21.943747
21.941584
21.940252
21.93969
21.939646
21.939116
21.938087
21.937294
21.936237
21.935652
21.934534
21.934126
21.933899
21.933468
21.932995
21.932468
21.932188
21.931812
21.931736
21.931572
21.931408
21.93119
21.931108
21.93093
21.930769
21.930676
21.9306
21.93051
21.930414
21.930372
21.930315
21.930239
21.930231
21.930212
21.930187
21.930147
21.930082
21.92996
21.929893
21.929865
21.929821
21.929815
21.929775
21.929756
21.929737
21.929718
21.929697
21.929684
21.92966
21.929638
21.929607
21.92956
21.929516
21.929468
21.929413
21.929365
21.92934
21.92931
21.929293
21.929272
21.929255
21.929235
21.92922
21.929188
21.92916
21.929125
21.929089
21.92906
21.929033
21.92901
21.929003
21.928997
21.928991
21.928986
21.928976
21.928968
21.928959
21.928946
21.92893
21.928915
21.928902
21.92889
21.92887
21.928865
21.928858
21.928854
21.928837
21.928825
21.928808
21.928776
21.928764
21.928755
21.928736
21.928719
21.928707
21.928703
21.928694
21.928686
21.928677
21.928669
21.928656
21.928642
21.928629
21.928614
21.928587
21.928566
21.928541
21.928507
21.92848
21.928467
21.92846
21.92845
21.928446
21.92844
21.928434
21.928429
21.928423
21.928415
21.928402
21.928389
21.928371
21.92835
21.928331
21.928312
21.928297
21.928291
21.928282
21.928274
21.928263
21.928251
21.928242
21.928232
21.928226
21.928225
21.928223
21.928223
21.928219
21.928215
21.928211
21.92821
21.928205
21.928204
21.928202
21.9282
21.9282
21.928198
21.928196
21.928196
21.928194
21.928194
21.928192
21.92819
21.928188
21.928186
21.928183
21.92818
21.928175
21.928171
21.928167
21.92816
21.928156
21.928152
21.928144
21.928139
21.928133
21.928123
21.92811
21.928091
21.928068
21.928045
21.927992
21.927916
21.92784
21.927763
21.92762
21.92744
21.927244
21.926964
21.926699
21.926445
21.926218
21.926092
21.925917
21.925732
21.92548
21.925293
21.925013
21.9246
21.924194
21.923958
21.923613
21.923351
21.923088
21.922861
21.922459
21.922436
21.922401
21.922369
21.922367
21.922346
21.92233
21.922306
21.922295
21.922277
21.922258
21.922247
21.922232
21.92221
21.92219
21.922173
21.922146
21.922117
21.922083
21.922054
21.922016
21.921988
21.921946
21.921906
21.921865
21.921824
21.921806
21.92179
21.921759
21.921741
21.92173
21.92172
21.921701
21.92169
21.921675
21.921652
21.921635
21.921627
21.921612
21.921606
21.9216
21.921597
21.921593
21.92159
21.921583
21.921577
21.921574
21.921572
21.921572
21.921572
21.92157
21.921568
21.921566
21.921562
21.921558
21.921556
21.921549
21.921543
21.92154
21.92153
21.921518
21.921501
21.921492
21.921478
21.921455
21.921438
21.921408
21.921375
21.921347
21.921307
21.921246
21.921192
21.92112
21.921074
21.921053
21.921047
21.92104
21.921032
21.921019
21.921007
21.920994
21.920984
21.92097
21.920952
21.920935
21.920908
21.920877
21.920835
21.920763
21.920681
21.920607
21.920534
21.920464
21.920353
21.920261
21.920193
21.920168
21.920156
21.92014
21.920122
21.920101
21.920076
21.920053
21.920027
21.919994
21.919943
21.91989
21.919802
21.91966
21.919537
21.919422
21.91938
21.919373
21.919369
21.919365
21.919363
21.919361
21.91936
21.919355
21.919355
21.919353
21.919352
21.919352
21.91935
21.919348
21.919346
21.919344
21.919344
21.919342
21.91934
21.919338
21.919334
21.91933
21.919323
21.919317
21.91931
21.919302
21.919283
21.919264
21.919247
21.919218
21.919199
21.919188
21.919176
21.919163
21.919155
21.91915
21.919146
21.91914
21.919138
21.919134
21.919132
21.919128
21.919125
21.91912
21.919115
21.919107
21.919104
21.919096
21.919079
21.919065
21.919048
21.91904
21.919033
21.919031
21.91903
21.91903
21.91903
21.91903
21.91903
21.91903
21.919027
21.919027
21.919025
21.919024
21.919024
21.91902
21.919018
21.919016
21.919014
21.919012
21.919008
21.919003
21.918997
21.918993
21.918987
21.918983
21.918978
21.918976
21.918974
21.91897
21.918968
21.918962
21.918955
21.918951
21.918947
21.918943
21.91894
21.918938
21.918932
21.918926
21.91892
21.918907
21.91889
21.91886
21.918829
21.918789
21.918724
21.918661
21.91859
21.918509
21.918398
21.918343
21.918339
21.918337
21.918335
21.918333
21.918331
21.918327
21.918322
21.918312
21.918303
21.918291
21.91828
21.918264
21.918245
21.918226
21.918207
21.918182
21.918154
21.918127
21.918112
21.918102
21.918097
21.918095
21.91809
21.918083
21.918074
21.918068
21.918058
21.918053
21.918041
21.918032
21.918026
21.918013
21.917997
21.917992
21.917988
21.917982
21.91798
21.917978
21.917976
21.917974
21.917973
21.917973
21.91797
21.91797
21.91797
21.91797
21.91797
21.91797
21.91797
21.917969
21.917969
21.917969
21.917969
21.917967
21.917967
21.917967
21.917967
21.917965
21.917965
21.917963
21.917961
21.917961
21.917913
21.917866
21.917822
21.917755
21.917688
21.917612
21.917511
21.917389
21.91726
21.917082
21.9169
21.916685
21.91642
21.916094
21.915825
21.915396
21.914722
21.914406
21.914375
21.914366
21.91435
21.914333
21.91431
21.914284
21.914253
21.91422
21.914183
21.91414
21.914122
21.914072
21.91403
21.913994
21.913942
21.913862
21.913794
21.913725
21.913652
21.913557
21.913418
21.91339
21.913242
21.913208
21.913208
21.913208
21.913208
21.913208
21.913208
21.913208
21.913208
21.913204
21.913204
21.9132
21.913198
21.91319
21.913187
21.91318
21.913168
21.913155
21.913143
21.913134
21.913118
21.913095
21.913092
21.913069
21.913042
21.912996
21.912956
21.912905
21.912828
21.91274
21.91264
21.912518
21.912367
21.912184
21.911995
21.911781
21.911459
21.91114
21.91089
21.910646
21.910065
21.909437
21.908901
21.90822
21.907703
21.9074
21.907307
21.907274
21.907255
21.90722
21.9072
21.907188
21.907187
21.907187
21.907185
21.907185
21.907185
21.907185
21.907179
21.907177
21.907175
21.907173
21.907001
21.906755
21.90675
21.906702
21.906616
21.906546
21.906431
21.906332
21.906239
21.906208
21.906164
21.90613
21.906092
21.906048
21.905998
21.905937
21.905865
21.905779
21.905651
21.905481
21.905285
21.90507
21.904802
21.9046
21.904322
21.904108
21.903934
21.903803
21.903677
21.903414
21.903238
21.903112
21.903053
21.903004
21.902945
21.902874
21.902822
21.902777
21.902748
21.902727
21.902693
21.902657
21.9026
21.902536
21.902472
21.902397
21.90233
21.902287
21.90227
21.902252
21.902243
21.902231
21.90222
21.902208
21.902199
21.902191
21.902185
21.90218
21.902174
21.902166
21.90216
21.902155
21.902147
21.902136
21.902126
21.90211
21.902092
21.902073
21.902052
21.902025
21.901999
21.901978
21.901964
21.901947
21.901922
21.901903
21.901878
21.90182
21.901747
21.901669
21.901556
21.901459
21.901457
21.90145
21.901365
21.901247
21.901157
21.901028
21.900873
21.900694
21.900532
21.900402
21.900288
21.900177
21.900152
21.900148
21.900145
21.90014
21.900139
21.900133
21.90013
21.900127
21.900127
21.900126
21.900124
21.900124
21.900122
21.900122
21.90012
21.900118
21.900116
21.90011
21.900108
21.900105
21.900099
21.900097
21.900093
21.90009
21.900087
21.900085
21.90008
21.900076
21.900066
21.90006
21.900051
21.900036
21.900023
21.900007
21.899992
21.899977
21.89996
21.899937
21.899908
21.899878
21.899841
21.89981
21.899775
21.89977
21.899761
21.899742
21.899693
21.899641
21.899567
21.899508
21.899456
21.899418
21.899403
21.899364
21.899343
21.899334
21.899334
21.899334
21.899332
21.899328
21.899328
21.899326
21.899323
21.89932
21.899317
21.899313
21.899305
21.899298
21.899292
21.899284
21.89928
21.899267
21.899256
21.899244
21.899233
21.899227
21.89922
21.899214
21.899206
21.899197
21.899183
21.899172
21.899162
21.899147
21.899134
21.899115
21.899101
21.89909
21.899086
21.899082
21.89908
21.899075
21.899069
21.899065
21.899055
21.899048
21.899042
21.899038
21.899035
21.899029
21.899027
21.899025
21.899025
21.899023
21.899023
21.89902
21.899015
21.899015
21.899014
21.899012
21.89901
21.899008
21.899006
21.899004
21.899004
21.899
21.899
21.899
21.899
21.899
21.899
21.899
21.899
21.898998
21.898998
21.898998
21.898998
21.898998
21.898998
21.898998
21.898996
21.898996
21.898994
21.898994
21.898994
21.898993
21.898993
21.89899
21.89899
21.898987
21.898985
21.898983
21.898975
21.89897
21.898962
21.898958
21.898949
21.898937
21.898928
21.898916
21.898905
21.89889
21.898874
21.898848
21.898829
21.8988
21.898739
21.89868
21.898598
21.898516
21.898449
21.898407
21.898384
21.898384
21.898384
21.898384
21.898384
21.898384
21.898384
21.898384
21.898384
21.898384
21.898384
21.898384
21.898384
21.898384
21.898384
21.898384
21.898384
21.898384
21.898384
21.898384
21.898384
21.898382
21.898382
21.89838
21.898378
21.898376
21.898376
21.898376
21.898373
21.89837
21.898369
21.898365
21.89836
21.898355
21.898352
21.898346
21.89834
21.898336
21.898335
21.898333
21.898333
21.898329
21.898327
21.898327
21.898323
21.898323
21.89832
21.898315
21.898315
21.89831
21.898304
21.898298
21.89829
21.898283
21.898275
21.898266
21.898256
21.898247
21.898233
21.898222
21.898216
21.898207
21.898195
21.898186
21.898172
21.898163
21.89815
21.898132
21.898115
21.898096
21.898083
21.898075
21.898075
21.898075
21.898075
21.898075
21.898073
21.898073
21.898073
21.898073
21.898073
21.898071
21.898071
21.898071
21.898071
21.898071
21.89807
21.898067
21.898067
21.898067
21.898064
21.898064
21.89806
21.89806
21.898054
21.898054
21.89805
21.898045
21.89804
21.898035
21.898027
21.898016
21.898008
21.898006
21.898006
21.898006
21.898005
21.898003
21.898003
21.898003
21.898
21.897999
21.897997
21.897993
21.89799
21.897985
21.897982
21.897982
21.897982
21.897982
21.89798
21.897974
21.897972
21.89797
21.89797
21.89797
21.89797
21.89797
21.89797
21.89797
21.89797
21.89797
21.89797
21.89797
21.89797
21.89797
21.89797
21.89797
21.897968
21.897966
21.897966
21.89796
21.897959
21.897957
21.897955
21.897955
21.897955
21.897953
21.897951
21.897951
21.89795
21.89795
21.89795
21.897945
21.897945
21.897945
21.897945
21.897945
21.897945
21.897945
21.897945
21.897945
21.897945
21.897945
21.897943
21.897943
21.897943
21.897943
21.897943
21.897943
21.897943
21.897942
21.897942
21.897942
21.897942
21.897942
21.897942
21.897942
21.897942
21.897942
21.897942
21.897942
21.897942
21.897942
21.897942
21.897942
21.89794
21.89794
21.897938
21.897938
21.897938
21.897936
21.897936
21.897932
21.897932
21.897932
21.897932
21.897932
21.89793
21.89793
21.89793
21.89793
21.89793
21.89793
21.89793
21.89793
21.89793
21.89793
21.89793
21.89793
21.89793
21.89793
21.89793
21.89793
21.89793
21.89793
21.89793
21.89793
21.897928
21.897928
21.897928
21.897928
21.897928
21.897928
21.897928
21.897928
21.897926
21.897926
21.897924
21.897924
21.897924
21.89792
21.89792
21.897917
21.897915
21.897913
21.89791
21.897905
21.897905
21.897905
21.897902
21.897902
21.897902
21.897902
21.8979
21.8979
21.8979
21.8979
21.8979
21.8979
21.8979
21.8979
21.8979
21.8979
21.897898
21.897898
21.897898
21.897898
21.897896
21.897896
21.897896
21.897896
21.897896
21.897896
21.897896
21.897896
21.897896
21.897896
21.897896
21.897896
21.897896
21.897896
21.897896
21.897896
21.897896
21.897896
21.897896
21.897896
21.897896
21.897896
21.897896
21.897896
21.897896
21.897896
21.897896
21.897896
21.897896
21.897896
21.897896
21.897896
21.897896
21.897896
21.897896
21.897896
21.897896
21.897896
21.897896
21.897896
21.897894
21.897894
21.897894
21.897892
21.897892
21.897892
21.897892
21.89789
21.897888
21.897888
21.897884
21.897882
21.89788
21.89788
21.897877
21.897871
21.897867
21.897863
21.897852
21.897844
21.897827
21.897816
21.89781
21.89781
21.89781
21.89781
21.89781
21.89781
21.89781
21.89781
21.89781
21.89781
21.89781
21.89781
21.89781
21.89781
21.89781
21.89781
21.89781
21.89781
21.89781
21.89781
21.89781
21.89781
21.89781
21.89781
21.89781
21.89781
21.89781
21.89781
21.89781
21.89781
21.89781
21.89781
21.89781
21.89781
21.89781
21.89781
21.89781
21.89781
21.89781
21.89781
21.89781
21.89781
21.89781
21.89781
21.89781
21.89781
21.89781
21.89781
21.89781
21.89781
21.89781
21.89781
21.89781
21.89781
21.89781
21.89781
21.89781
21.89781
21.89781
21.89781
21.89781
21.89781
21.89781
21.89781
21.89781
21.89781
21.89781
21.89781
21.89781
21.89781
21.89781
21.89781
21.89781
21.89781
21.89781
21.89781
21.89781
21.89781
21.89781
21.89781
21.89779
21.89676
21.896566
21.896538
21.896366
21.896252
21.896114
21.896063
21.895979
21.895906
21.895857
21.895845
21.895802
21.895794
21.895613
21.893496
21.893473
21.893396
21.893341
21.893301
21.893301
21.89326
21.89322
21.89318
21.893099
21.893066
21.89301
21.892965
21.892902
21.892853
21.89278
21.892727
21.892662
21.89256
21.892454
21.892324
21.89217
21.892023
21.891819
21.89163
21.891455
21.89129
21.891209
21.891195
21.891186
21.891178
21.891163
21.891142
21.891123
21.891106
21.891085
21.891054
21.891027
21.890999
21.890972
21.89095
21.89092
21.890886
21.890844
21.890816
21.890783
21.890755
21.890736
21.890722
21.890707
21.890692
21.890688
21.890684
21.890678
21.890675
21.890665
21.890661
21.890657
21.890652
21.890648
21.890642
21.89063
21.890621
21.890612
21.890594
21.890583
21.890566
21.890545
21.890528
21.890503
21.890472
21.890446
21.890419
21.890387
21.890362
21.890333
21.890314
21.890291
21.890268
21.890257
21.890247
21.890245
21.89024
21.890238
21.890238
21.890236
21.890234
21.890232
21.89023
21.890226
21.890224
21.89022
21.890219
21.890211
21.890207
21.890202
21.890194
21.890188
21.89018
21.890177
21.890173
21.89017
21.89017
21.890167
21.890167
21.890165
21.890165
21.890165
21.890165
21.890165
21.890165
21.890165
21.890165
21.890165
21.890165
21.890165
21.890165
21.890165
21.890165
21.890165
21.890165
21.890165
21.890165
21.890165
21.890165
21.890165
21.890165
21.890165
21.890165
21.890165
21.890165
21.890165
21.890165
21.890165
21.890165
21.890165
21.890165
21.890165
21.890165
21.890165
21.890165
21.890165
21.890165
21.890165
21.890165
21.890165
21.890165
21.890165
21.890165
21.890165
21.890165
21.890165
21.890165
21.890165
21.890165
21.890165
21.890165
21.890165
21.890165
21.890165
21.890165
21.890165
21.890165
21.890165
21.890165
21.890165
21.890163
21.890163
21.890162
21.890162
21.890162
21.890162
21.890162
21.890158
21.890158
21.890156
21.890154
21.890148
21.890148
21.89014
21.890137
21.890131
21.890125
21.890112
21.8901
21.890068
21.89004
21.889978
21.889925
21.889868
21.88981
21.889774
21.88977
21.88977
21.88977
21.88977
21.88977
21.88977
21.88977
21.88977
21.88977
21.88977
21.88977
21.88977
21.88977
21.88977
21.88977
21.88977
21.88977
21.88977
21.88977
21.88977
21.88977
21.889769
21.889769
21.889767
21.889765
21.889763
21.88976
21.889757
21.889753
21.889746
21.889738
21.889734
21.889723
21.889717
21.88971
21.889696
21.889685
21.889666
21.889643
21.889612
21.889585
21.889565
21.889553
21.88954
21.889532
21.88952
21.889513
21.8895
21.889488
21.889479
21.889473
21.889467
21.889467
21.889467
21.889467
21.889467
21.889467
21.889467
21.889467
21.889467
21.889467
21.889467
21.889467
21.889467
21.889467
21.889467
21.889467
21.889467
21.889467
21.889467
21.889467
21.889467
21.889467
21.889467
21.889467
21.889467
21.889467
21.889467
21.889467
21.889467
21.889467
21.889467
21.889467
21.889467
21.889467
21.889439
21.889362
21.889345
21.88928
21.889269
21.889229
21.88921
21.889204
21.889183
21.889181
21.889174
21.889172
21.88917
21.889162
21.889158
21.889154
21.88915
21.88915
21.889147
21.889147
21.889147
21.889141
21.889141
21.889141
21.889141
21.889141
21.889141
21.889141
21.88914
21.88914
21.88914
21.88914
21.889137
21.889137
21.889137
21.889135
21.889135
21.889133
21.889133
21.889011
21.888952
21.888903
21.888824
21.888788
21.888731
21.888689
21.888666
21.888645
21.888632
21.8886
21.888575
21.888542
21.8885
21.888346
21.88764
21.887484
21.887268
21.88715
21.887022
21.886934
21.886833
21.886784
21.886724
21.886675
21.88664
21.886593
21.886555
21.886528
21.886501
21.886457
21.886435
21.886396
21.886375
21.886358
21.88634
21.886322
21.886297
21.886274
21.886248
21.886211
21.886179
21.886145
21.88612
21.8861
21.886065
21.886034
21.885988
21.885944
21.885895
21.885847
21.885826
21.885826
21.885801
21.885777
21.885769
21.885761
21.885754
21.885746
21.885738
21.885729
21.885721
21.885717
21.885714
21.885708
21.885704
21.885702
21.885695
21.885693
21.885689
21.885685
21.885681
21.885681
21.88568
21.885675
21.885674
21.885668
21.885662
21.885656
21.88565
21.885645
21.885641
21.885637
21.885633
21.885633
21.885632
21.885632
21.885632
21.885632
21.885632
21.88563
21.88563
21.88563
21.88563
21.88563
21.88563
21.885628
21.885628
21.885628
21.885626
21.885626
21.885624
21.885624
21.885624
21.885624
21.885622
21.885622
21.885622
21.88562
21.885618
21.885618
21.885614
21.885612
21.88561
21.885609
21.885607
21.885603
21.885601
21.8856
21.885597
21.885593
21.88559
21.885584
21.88558
21.885572
21.885569
21.885563
21.885555
21.88555
21.885542
21.88554
21.885538
21.885538
21.885538
21.885538
21.885538
21.885538
21.885538
21.885538
21.885538
21.885538
21.885538
21.885538
21.885538
21.885538
21.885538
21.885536
21.885536
21.885536
21.885536
21.885536
21.885536
21.885534
21.885534
21.885534
21.885532
21.885532
21.88553
21.88553
21.88553
21.88553
21.885529
21.885529
21.885529
21.885529
21.885529
21.885529
21.885529
21.885529
21.885529
21.885529
21.885529
21.885529
21.885529
21.885529
21.885529
21.885529
21.885529
21.884914
21.884703
21.884703
21.884624
21.884579
21.884579
21.884525
21.884499
21.884485
21.884466
21.884441
21.884413
21.884392
21.88436
21.884329
21.884272
21.884272
21.88425
21.884216
21.884192
21.884167
21.884138
21.884113
21.884092
21.884064
21.88403
21.884008
21.88397
21.883947
21.883915
21.883886
21.883442
21.88191
21.881691
21.881308
21.880999
21.880846
21.880383
21.879946
21.879519
21.879122
21.878662
21.878025
21.877474
21.876873
21.876514
21.876314
21.876198
21.876154
21.87612
21.876085
21.876045
21.87598
21.875946
21.875896
21.875887
21.87585
21.875822
21.87579
21.875751
21.87572
21.875666
21.87561
21.875568
21.875528
21.875479
21.875446
21.875433
21.87542
21.875408
21.875399
21.875391
21.875385
21.875376
21.875368
21.875364
21.875359
21.875355
21.875347
21.875345
21.875341
21.87534
21.87534
21.875338
21.875338
21.875338
21.875338
21.875338
21.875338
21.875336
21.875336
21.875336
21.875334
21.875334
21.875334
21.875334
21.875334
21.875334
21.875334
21.875332
21.875332
21.875332
21.875332
21.87533
21.875328
21.875328
21.875328
21.875328
21.875326
21.875324
21.875322
21.875322
21.875317
21.875315
21.87531
21.875307
21.875301
21.875298
21.875292
21.875282
21.875277
21.87527
21.875267
21.875261
21.87525
21.87524
21.875225
21.875216
21.875206
21.875204
21.875204
21.875204
21.875204
21.875204
21.875204
21.875204
21.875204
21.875204
21.875204
21.875204
21.875204
21.875204
21.875204
21.875204
21.875202
21.875202
21.875202
21.875202
21.875202
21.8752
21.8752
21.8752
21.875196
21.875196
21.875195
21.875193
21.87519
21.87519
21.875189
21.875185
21.875185
21.875185
21.875185
21.875185
21.875185
21.875185
21.875185
21.875185
21.875185
21.875185
21.875185
21.875185
21.875185
21.875185
21.875185
21.875185
21.875185
21.875183
21.875183
21.875183
21.875183
21.875183
21.875183
21.875183
21.875181
21.875181
21.875181
21.875181
21.875181
21.87518
21.87518
21.87518
21.87518
21.87518
21.87518
21.87518
21.87518
21.87518
21.87518
21.87518
21.87518
21.87518
21.87518
21.87518
21.87518
21.87518
21.87518
21.87518
21.87518
21.87518
21.87518
21.87518
21.87518
21.87518
21.87518
21.87518
21.87518
21.87518
21.87518
21.87518
21.87518
21.87518
21.87518
21.87518
21.87518
21.87518
21.87518
21.87518
21.87518
21.87518
21.87518
21.87518
21.87518
21.87518
21.87518
21.87518
21.87518
21.87518
21.87518
21.87518
21.87518
21.87518
21.87518
21.87518
21.87518
21.87518
21.87518
21.87518
21.87518
21.87518
21.87518
21.87518
21.87518
21.87518
21.87518
21.87518
21.87518
21.87518
21.87518
21.87518
21.87518
21.875177
21.875177
21.875177
21.875177
21.875177
21.875177
21.875177
21.875177
21.875177
21.875177
21.875177
21.875177
21.875177
21.875177
21.875177
21.875177
21.875177
21.875177
21.875177
21.875177
21.875177
21.875177
21.875177
21.875177
21.875177
21.875177
21.875177
21.875177
21.875177
21.875177
21.875177
21.875177
21.875177
21.875177
21.875177
21.875177
21.875177
21.875177
21.875177
21.875177
21.875177
21.875177
21.875177
21.875177
21.875177
21.875177
21.875177
21.875177
21.875177
21.875177
21.875177
21.875177
21.875177
21.875177
21.875175
21.875175
21.875175
21.875175
21.875175
21.875175
21.875174
21.875174
21.875174
21.875174
21.875172
21.875172
21.87517
21.87517
21.87517
21.87517
21.87517
21.87517
21.87517
21.87517
21.87517
21.87517
21.87517
21.87517
21.875166
21.875166
21.875166
21.875166
21.875166
21.875166
21.875166
21.875166
21.875166
21.874477
21.874193
21.874193
21.873945
21.873835
21.873798
21.87369
21.873638
21.873604
21.873585
21.873554
21.873507
21.873434
21.873383
21.873339
21.873291
21.873257
21.873192
21.873156
21.873112
21.87306
21.873034
21.87299
21.872969
21.872961
21.872953
21.87292
21.8729
21.872843
21.87282
21.872768
21.872732
21.87269
21.872662
21.872593
21.872572
21.87255
21.872532
21.872522
21.872503
21.872496
21.872477
21.872461
21.872442
21.872425
21.872414
21.872404
21.872393
21.872387
21.872387
21.872385
21.872381
21.872377
21.872375
21.872372
21.872366
21.872356
21.872349
21.872345
21.872337
21.872328
21.87232
21.872307
21.872288
21.872274
21.872257
21.872246
21.872232
21.872223
21.872221
21.872217
21.872211
21.872204
21.8722
21.872196
21.872185
21.872175
21.872168
21.872158
21.872152
21.87215
21.872145
21.87214
21.872135
21.872131
21.872128
21.872124
21.872118
21.872118
21.872112
21.872112
21.872112
21.872112
21.87211
21.87211
21.87211
21.87211
21.87211
21.87211
21.872108
21.872108
21.872108
21.872107
21.872105
21.872103
21.872099
21.872093
21.87209
21.872084
21.87208
21.872076
21.87207
21.872066
21.872063
21.87206
21.872059
21.872057
21.872057
21.872057
21.872057
21.872057
21.872057
21.872057
21.872057
21.872057
21.872057
21.872057
21.872053
21.872053
21.872051
21.872051
21.87205
21.87205
21.87205
21.87205
21.87205
21.87205
21.87205
21.87205
21.87205
21.87205
21.87205
21.87205
21.87205
21.87205
21.87205
21.87205
21.87205
21.87205
21.87205
21.87205
21.87205
21.87205
21.87205
21.87205
21.87205
21.87205
21.87205
21.872047
21.872047
21.872047
21.872047
21.872047
21.872047
21.872047
21.872047
21.872047
21.872047
21.872047
21.872047
21.872047
21.872047
21.872047
21.872047
21.872047
21.872047
21.872047
21.872047
21.872047
21.872047
21.872047
21.872047
21.872047
21.872047
21.872047
21.872047
21.872047
21.872047
21.872047
21.872047
21.872047
21.872047
21.872047
21.872047
21.872047
21.872047
21.872047
21.872047
21.872047
21.872047
21.872047
21.872047
21.872047
21.872047
21.872047
21.872047
21.872047
21.872047
21.872047
21.872047
21.872047
21.872047
21.872047
21.872047
21.872047
21.872047
21.872047
21.872047
21.872047
21.872047
21.872047
21.872047
21.872047
21.872047
21.872047
21.872047
21.872047
21.872047
21.872047
21.872047
21.872047
21.872047
21.872047
21.872047
21.872047
21.872047
21.872047
21.872047
21.872047
21.872047
21.872047
21.872047
21.872047
21.872047
21.872047
21.872047
21.872047
21.872047
21.872047
21.872047
21.872047
21.872047
21.872047
21.872047
21.872047
21.872047
21.872047
21.872047
21.872047
21.872047
21.872047
21.872047
21.872047
21.872047
21.872047
21.872047
21.872047
21.872047
21.872047
21.872047
21.872047
21.872047
21.872047
21.872047
21.872047
21.872047
21.872047
21.872047
21.872047
21.872047
21.872047
21.872047
21.872047
21.872047
21.872047
21.872047
21.872047
21.872047
21.872047
21.872047
21.872047
21.872047
21.872047
21.872047
21.872047
21.872047
21.872047
21.872047
21.872047
21.872047
21.872047
21.872047
21.872047
21.872047
21.872047
21.872047
21.872047
21.872047
21.872047
21.872047
21.872047
21.872047
21.872047
21.872047
21.872047
21.872047
21.872047
21.872047
21.872047
21.872047
21.872047
21.872047
21.872047
21.872047
21.872047
21.872047
21.872047
21.872047
21.872047
21.872047
21.872047
21.872047
21.872047
21.872047
21.872047
21.872047
21.872047
21.872047
21.872047
21.872047
21.872047
21.872047
21.872047
21.872047
21.872047
21.872047
21.872047
21.872047
21.872047
21.872047
21.872047
21.872047
21.872047
21.872047
21.872047
21.872047
21.872047
21.872047
21.872047
21.872047
21.872047
21.872047
21.872047
21.872047
21.872047
21.872047
21.872047
21.872047
21.872047
21.872047
21.872047
21.872047
21.872047
21.872047
21.872047
21.872047
21.872047
21.872047
21.872047
21.872047
21.872047
21.872047
21.872047
21.872047
21.872047
21.872047
21.872047
21.872047
21.872047
21.872047
21.872047
21.872047
21.872047
21.872047
21.872047
21.872047
21.872047
21.872047
21.872047
21.87204
21.872005
21.871973
21.87194
21.87188
21.871828
21.871758
21.871653
21.871576
21.871487
21.871403
21.871336
21.871283
21.871237
21.871214
21.871206
21.871193
21.871168
21.871155
21.871141
21.871138
21.871122
21.871098
21.87108
21.871061
21.87105
21.87104
21.871035
21.871029
21.871027
21.871023
21.87102
21.871016
21.871014
21.871012
21.871012
21.87101
21.87101
21.87101
21.87101
21.87101
21.87101
21.87101
21.871008
21.871008
21.871006
21.871006
21.871004
21.871002
21.871
21.870996
21.870993
21.870989
21.870983
21.87098
21.870972
21.870964
21.870958
21.870947
21.870935
21.870924
21.870916
21.870905
21.870892
21.87088
21.87087
21.870855
21.870844
21.87084
21.87084
21.87084
21.87084
21.87084
21.87084
21.87084
21.87084
21.87084
21.870838
21.870838
21.870838
21.870838
21.870838
21.870838
21.870836
21.870836
21.870836
21.870832
21.870832
21.87083
21.870829
21.870827
21.870825
21.870821
21.87082
21.870817
21.870815
21.870813
21.870811
21.87081
21.870808
21.870802
21.870798
21.870792
21.870787
21.87078
21.870777
21.870775
21.870775
21.870771
21.870771
21.870771
21.87077
21.87077
21.870768
21.870766
21.870764
21.870762
21.870758
21.870756
21.870754
21.870752
21.870752
21.870752
21.87075
21.87075
21.87075
21.87075
21.87075
21.870749
21.870749
21.870749
21.870749
21.870747
21.870747
21.870745
21.870745
21.87074
21.87074
21.870739
21.870739
21.870739
21.870739
21.870739
21.870739
21.870739
21.870739
21.870739
21.870737
21.870737
21.870737
21.870737
21.870737
21.870735
21.870735
21.870735
21.870735
21.870735
21.870735
21.870735
21.870735
21.870735
21.870735
21.870735
21.870735
21.870735
21.870735
21.870735
21.870735
21.870735
21.870735
21.870735
21.870735
21.870735
21.870735
21.870735
21.870735
21.870735
21.870735
21.870735
21.870735
21.870735
21.870735
21.870735
21.870735
21.870735
21.870735
21.870735
21.870735
21.870735
21.870735
21.870735
21.870735
21.870735
21.870735
21.870735
21.870735
21.870735
21.870735
21.870735
21.870735
21.870735
21.870735
21.870735
21.870735
21.870735
21.870735
21.870735
21.870735
21.870735
21.870735
21.870735
21.870735
21.870735
21.870735
21.870735
21.870735
21.870735
21.870735
21.870735
21.870735
21.870735
21.870735
21.870735
21.870735
21.870735
21.870735
21.870735
21.870735
21.870735
21.870735
21.870735
21.870735
21.870735
21.870735
21.870735
21.870735
21.870735
21.870735
21.870735
21.870735
21.870735
21.870735
21.870735
21.870735
21.870735
21.870735
21.870735
21.870735
21.870735
21.870735
21.870735
21.870735
21.870735
21.870735
21.870735
21.870735
21.870735
21.870735
21.870735
21.870735
21.870735
21.870735
21.870735
21.870735
21.870735
21.870735
21.870735
21.870735
21.870735
21.870735
21.870735
21.870735
21.870735
21.870735
21.870735
21.870735
21.870735
21.870735
21.870735
21.870735
21.870735
21.870735
21.870735
21.870735
21.870735
21.870735
21.870735
21.870735
21.870735
21.870735
21.870735
21.870735
21.870735
21.870735
21.870735
21.870735
21.870735
21.870735
21.870735
21.870735
21.870735
21.870735
21.870735
21.870735
21.870735
21.870735
21.870735
21.870735
21.870735
21.870735
21.870735
21.870735
21.870735
21.870735
21.870735
21.870735
21.870735
21.870735
21.870735
21.870735
21.870735
21.870735
21.870735
21.870735
21.870735
21.870735
21.870735
21.870735
21.870735
21.870733
21.870733
21.870733
21.870733
21.870731
21.870731
21.87073
21.87073
21.87073
21.870728
21.870728
21.870726
21.870726
21.870724
21.870722
21.87072
21.870714
21.87071
21.870708
21.870703
21.8707
21.870697
21.870695
21.870695
21.870693
21.870693
21.870693
21.870693
21.870693
21.870693
21.870693
21.870693
21.870693
21.870693
21.870693
21.870693
21.870693
21.870693
21.870693
21.870693
21.870693
21.870693
21.870693
21.870693
21.870693
21.870693
21.870693
21.870693
21.870693
21.870693
21.870693
21.870693
21.870693
21.870693
21.870693
21.870693
21.870693
21.870693
21.870693
21.870693
21.870693
21.870693
21.870693
21.870693
21.870693
21.870693
21.870693
21.870693
21.870693
21.870693
21.870693
21.870691
21.870691
21.870691
21.870691
21.87069
21.87069
21.87069
21.87069
21.87069
21.87069
21.87069
21.87069
21.87069
21.87069
21.87069
21.87069
21.87069
21.87069
21.87069
21.87069
21.87069
21.87069
21.87069
21.87069
21.87069
21.87069
21.87069
21.87069
21.87069
21.87069
21.87069
21.87069
21.87069
21.87069
21.87069
21.87069
21.87069
21.87069
21.87069
21.87069
21.87069
21.870687
21.870687
21.870686
21.870686
21.870684
21.870684
21.87068
21.870678
21.870674
21.870672
21.870668
21.870665
21.870657
21.87065
21.870646
21.87064
21.870628
21.870619
21.870615
21.870613
21.870613
21.870613
21.870613
21.870613
21.870613
21.870613
21.870613
21.870613
21.870613
21.870613
21.870613
21.870613
21.870613
21.870613
21.870613
21.870613
21.870613
21.870613
21.870613
21.870613
21.870613
21.870613
21.870613
21.870613
21.870613
21.870613
21.870613
21.870613
21.870613
21.870613
21.870613
21.870613
21.870613
21.870613
21.870613
21.870613
21.870613
21.870613
21.870613
21.870613
21.870613
21.870613
21.870613
21.870613
21.870613
21.870613
21.870613
21.870613
21.870613
21.870613
21.870613
21.870613
21.870613
21.870613
21.870613
21.870613
21.870613
21.870613
21.870613
21.870613
21.870613
21.870613
21.870613
21.870613
21.870613
21.870613
21.870613
21.870613
21.870613
21.870613
21.870613
21.870613
21.870613
21.870613
21.870613
21.870613
21.870613
21.870613
21.870613
21.870613
21.870613
21.870613
21.870613
21.870613
21.870613
21.870611
21.870611
21.870611
21.870611
21.870611
21.870611
21.870611
21.870611
21.870611
21.870611
21.870611
21.870611
21.870611
21.870611
21.870611
21.870611
21.870611
21.87061
21.87061
21.870607
21.870605
21.870605
21.870604
21.8706
21.870596
21.870588
21.87058
21.870573
21.870558
21.870546
21.870539
21.870525
21.870523
21.870523
21.870523
21.870523
21.870523
21.870523
21.870523
21.870523
21.870523
21.870523
21.870523
21.870523
21.870523
21.870523
21.870523
21.870523
21.870523
21.870523
21.870523
21.870523
21.870523
21.870523
21.870523
21.870523
21.870523
21.870523
21.870523
21.870523
21.870523
21.870523
21.870523
21.870523
21.870523
21.870523
21.870523
21.870523
21.870523
21.870523
21.870523
21.870523
21.870523
21.870523
21.870523
21.870523
21.870523
21.870523
21.870523
21.870523
21.870523
21.870523
21.870523
21.870523
21.870523
21.870523
21.870523
21.870523
21.870523
21.870523
21.870523
21.870523
21.870523
21.870523
21.870523
21.870523
21.870523
21.870523
21.870523
21.870523
21.870523
21.870523
21.870523
21.870523
21.870523
21.870523
21.870523
21.870523
21.870523
21.870523
21.870523
21.870523
21.870523
21.870523
21.870523
21.870523
21.870523
21.870523
21.870523
21.870523
21.870523
21.870523
21.870523
21.870523
21.870523
21.870523
21.870523
21.870523
21.870523
21.870523
21.870523
21.870523
21.870523
21.870523
21.870523
21.870523
21.870523
21.870523
21.870523
21.870523
21.870523
21.870523
21.870523
21.870523
21.870523
21.870523
21.870523
21.870523
21.870523
21.870523
21.870523
21.870523
21.870523
21.870523
21.870523
21.870523
21.870523
21.870523
21.870523
21.870523
21.870523
21.870523
21.870523
21.870523
21.870523
21.870523
21.870523
21.870523
21.870523
21.870523
21.870523
21.870523
21.870523
21.870523
21.870523
21.870523
21.870523
21.870523
21.870523
21.870523
21.870523
21.870523
21.870523
21.870523
21.870523
21.870523
21.870523
21.870523
21.870523
21.870523
21.870523
21.870523
21.870523
21.870523
21.870523
21.870523
21.870523
21.870523
21.870523
21.870523
21.870523
21.870523
21.870523
21.870523
21.870523
21.870523
21.870523
21.870523
21.870523
21.870523
21.870523
21.870523
21.870523
21.870523
21.870523
21.870523
21.870523
21.870523
21.870523
21.870523
21.870523
21.870523
21.870523
21.870523
21.870523
21.870523
21.870523
21.870523
21.870523
21.870523
21.870523
21.870523
21.870523
21.870523
21.870523
21.870523
21.870523
21.870523
21.870523
21.870523
21.870523
21.870523
21.870523
21.870523
21.870523
21.870523
21.870523
21.870523
21.870523
21.870523
21.870523
21.870523
21.870523
21.870523
21.870523
21.870523
21.870523
21.870523
21.870523
21.870523
21.870523
21.870523
21.870523
21.870523
21.870523
21.870523
21.870523
21.870523
21.870523
21.870523
21.870523
21.870523
21.870523
21.870523
21.870523
21.870523
21.870523
21.870523
21.870523
21.870523
21.870523
21.870523
21.870523
21.870523
21.870523
21.870523
21.870523
21.870523
21.870523
21.870523
21.870523
21.870523
21.870523
21.870523
21.870523
21.870523
21.870523
21.870523
21.870523
21.870523
21.870523
21.870523
21.870523
21.870523
21.870523
21.870523
21.870523
21.870523
21.870523
21.870523
21.870523
21.870523
21.870523
21.870523
21.870523
21.870523
21.870523
21.870523
21.870523
21.870523
21.870523
21.870523
21.870523
21.870523
21.870523
21.870523
21.870523
21.870523
21.870523
21.870523
21.870523
21.870523
21.870523
21.870523
21.870523
21.870523
21.870523
21.870523
21.870523
21.870523
21.870523
21.870523
21.870523
21.870523
21.870523
21.870523
21.870523
21.870523
21.870523
21.870523
21.870523
21.870523
21.870523
21.870523
21.870523
21.870523
21.870523
21.870523
21.870523
21.870523
21.870523
21.870523
21.870523
21.870523
21.870523
21.870523
21.870523
21.870523
21.870523
21.870523
21.870523
21.870523
21.870523
21.870523
21.870523
21.870523
21.870523
21.870523
21.870523
21.870523
21.870523
21.870523
21.870523
21.870523
21.870523
21.870523
21.870523
21.870523
21.870523
21.870523
21.870523
21.870523
21.870523
21.870523
21.870523
21.870523
21.870523
21.870523
21.870523
21.870523
21.870523
21.870523
21.870523
21.870523
21.870523
21.870523
21.870523
21.870523
21.870523
21.870523
21.870523
21.870523
21.870523
21.870523
21.870523
21.870523
21.870523
21.870523
21.870523
21.870523
21.870523
21.870523
21.870523
21.870523
21.870523
21.870523
21.870523
21.870523
21.870523
21.870523
21.870523
21.870523
21.870523
21.870523
21.870523
21.870523
21.870523
21.870523
21.870523
21.870523
21.870523
21.870523
21.870523
21.870523
21.870523
21.870523
21.870523
21.870523
21.870523
21.870523
21.870523
21.870523
21.870523
21.870523
21.870523
21.870523
21.870523
21.870523
21.870523
21.870523
21.870523
21.870523
21.870523
21.870523
21.870523
21.870523
21.870523
21.870523
21.870523
21.870523
21.870523
21.870523
21.870523
21.870523
21.870523
21.870523
21.870523
21.870523
21.870523
21.870523
21.870523
21.870523
21.870523
21.870523
21.870523
21.870523
21.870523
21.870523
21.870523
21.870523
21.870523
21.870523
21.870523
21.870523
21.870523
21.870523
21.870523
21.870523
21.870523
21.870523
21.870523
21.870523
21.870523
21.870523
21.870523
21.870523
21.870523
21.870523
21.870523
21.870523
21.870523
21.870523
21.870523
21.870523
21.870523
21.870523
21.870523
21.870523
21.870523
21.870523
21.870523
21.870523
21.870523
21.870523
21.870523
21.870523
21.870523
21.870523
21.870523
21.870523
21.870523
21.870523
21.870523
21.870523
21.870523
21.870523
21.870523
21.870523
21.870523
21.870523
21.870523
21.870523
21.870523
21.870523
21.870523
21.870523
21.870523
21.870523
21.870523
21.870523
21.870523
21.870523
21.870523
21.870523
21.870523
21.870523
21.870523
21.870523
21.870523
21.870523
21.870523
21.870523
21.870523
21.870523
21.870523
21.870523
21.870523
21.870523
21.870523
21.870523
21.870523
21.870523
21.870523
21.870523
21.870523
21.870523
21.870523
21.870523
21.870523
21.870523
21.870523
21.870523
21.870523
21.870523
21.870523
21.870523
21.870523
21.870523
21.870523
21.870523
21.870523
21.870523
21.870523
21.870523
21.870523
21.870523
21.870523
21.870523
21.870523
21.870523
21.870523
21.870523
21.870523
21.870523
21.870523
21.870523
21.870523
21.870523
21.870523
21.870523
21.870523
21.870523
21.870523
21.870523
21.870523
21.870523
21.870523
21.870523
21.870523
21.870523
21.870523
21.870523
21.870523
21.870523
21.870523
21.870523
21.870523
21.870523
21.870523
21.870523
21.870523
21.870523
21.870523
21.870523
21.870523
21.870523
21.870523
21.870523
21.870523
21.870523
21.870523
21.870523
21.870523
21.870523
21.870523
21.870523
21.870523
21.870523
21.870523
21.870523
21.870523
21.870523
21.870523
21.870523
21.870523
21.870523
21.870523
21.870523
21.870523
21.870523
21.870523
21.870523
21.870523
21.870523
21.870523
21.870523
21.870523
21.870523
21.870523
21.870523
21.870523
21.870523
21.870523
21.870523
21.870523
21.870523
21.870523
21.870523
21.870523
21.870523
21.870523
21.870523
21.870523
21.870523
21.870523
21.870523
21.870523
21.870523
21.870523
21.870523
21.870523
21.870523
21.870523
21.870523
21.870523
21.870523
21.870523
21.870523
21.870523
21.870523
21.870523
21.870523
21.870523
21.870523
21.870523
21.870523
21.870523
21.870523
21.870523
21.870523
21.870523
21.870523
21.870523
21.870523
21.870523
21.870523
21.870523
21.870523
21.870523
21.870523
21.870523
21.870523
21.870523
21.870523
21.870523
21.870523
21.870523
21.870523
21.870523
21.870523
21.870523
21.870523
21.870523
21.870523
21.870523
21.870523
21.870523
21.870523
21.870523
21.870523
21.870523
21.870523
21.870523
21.870523
21.870523
21.870523
21.870523
21.870523
21.870523
21.870523
21.870523
21.870523
21.870523
21.870523
21.870523
21.870523
21.870523
21.870523
21.870523
21.870523
21.870523
21.870523
21.870523
21.870523
21.870523
21.870523
21.870523
21.870523
21.870523
21.870523
21.870523
21.870523
21.870523
21.870523
21.870523
21.870523
21.870523
21.870523
21.870523
21.870523
21.870523
21.870523
21.870523
21.870523
21.870523
21.870523
21.870523
21.870523
21.870523
21.870523
21.870523
21.870523
21.870523
21.870523
21.870523
21.870523
21.870523
21.870523
21.870523
21.870523
21.870523
21.870523
21.870523
21.870523
21.870523
21.870523
21.870523
21.870523
21.870523
21.870523
21.870523
21.870523
21.870523
21.870523
21.870523
21.870523
21.870523
21.870523
21.870523
21.870523
21.870523
21.870523
21.870523
21.870523
21.870523
21.870523
21.870523
21.870523
21.870523
21.870523
21.870523
21.870523
21.870523
21.870523
21.870523
21.870523
21.870523
21.870523
21.870523
21.870523
21.870523
21.870523
21.870523
21.870523
21.870523
21.870523
21.870523
21.870523
21.870523
21.870523
21.870523
21.870523
21.870523
21.870523
21.870523
21.870523
21.870523
21.870523
21.870523
21.870523
21.870523
21.870523
21.870523
21.870523
21.870523
21.870523
21.870523
21.870523
21.870523
21.870523
21.870523
21.870523
21.870523
21.870523
21.870523
21.870523
21.870523
21.870523
21.870523
21.870523
21.870523
21.870523
21.870523
21.870523
21.870523
21.870523
21.870523
21.870523
21.870523
21.870523
21.870523
21.870523
21.870523
21.870523
21.870523
21.870523
21.870523
21.870523
21.870523
21.870523
21.870523
21.870523
21.870523
21.870523
21.870523
21.870523
21.870523
21.870523
21.870523
21.870523
21.870523
21.870523
21.870523
21.870523
21.870523
21.870523
21.870523
21.870523
21.870523
21.870523
21.870523
21.870523
21.870523
21.870523
21.870523
21.870523
21.870523
21.870523
21.870523
21.870523
21.870523
21.870523
21.870523
21.870523
21.870523
21.870523
21.870523
21.870523
21.870523
21.870523
21.870523
21.870523
21.870523
21.870523
21.870523
21.870523
21.870523
21.870523
21.870523
21.870523
21.870523
21.870523
21.870523
21.870523
21.870523
21.870523
21.870523
21.870523
21.870523
21.870523
21.870523
21.870523
21.870523
21.870523
21.870523
21.870523
21.870523
21.870523
21.870523
21.870523
21.870523
21.870523
21.870523
21.870523
21.870523
21.870523
21.870523
21.870523
21.870523
21.870523
21.870523
21.870523
21.870523
21.870523
21.870523
21.870523
21.870523
21.870523
21.870523
21.870523
21.870523
21.870523
21.870523
21.870523
21.870523
21.870523
21.870523
21.870523
21.870523
21.870523
21.870523
21.870523
21.870523
21.870523
21.870523
21.870523
21.870523
21.870523
21.870523
21.870523
21.870523
21.870523
21.870523
21.870523
21.870523
21.870523
21.870523
21.870523
21.870523
21.870523
21.870523
21.870523
21.870523
21.870523
21.870523
21.870523
21.870523
21.870523
21.870523
21.870523
21.870523
21.870523
21.870523
21.870523
21.870523
21.870523
21.870523
21.870523
21.870523
21.870523
21.870523
21.870523
21.870523
21.870523
21.870523
21.870523
21.870523
21.870523
21.870523
21.870523
21.870523
21.870523
21.870523
21.870523
21.870523
21.870523
21.870523
21.870523
21.870523
21.870523
21.870523
21.870523
21.870523
21.870523
21.870523
21.870523
21.870523
21.870523
21.870523
21.870523
21.870523
21.870523
21.870523
21.870523
21.870523
21.870523
21.870523
21.870523
21.870523
21.870523
21.870523
21.870523
21.870523
21.870523
21.870523
21.870523
21.870523
21.870523
21.870523
21.870523
21.870523
21.870523
21.870523
21.870523
21.870523
21.870523
21.870523
21.870523
21.870523
21.870523
21.870523
21.870523
21.870523
21.870523
21.870523
21.870523
21.870523
21.870523
21.870523
21.870523
21.870523
21.870523
21.870523
21.870523
21.870523
21.870523
21.870523
21.870523
21.870523
21.870523
21.870523
21.870523
21.870523
21.870523
21.870523
21.870523
21.870523
21.870523
21.870523
21.870523
21.870523
21.870523
21.870523
21.870523
21.870523
21.870523
21.870523
21.870523
21.870523
21.870523
21.870523
21.870523
21.870523
21.870523
21.870523
21.870523
21.870523
21.870523
21.870523
21.870523
21.870502
21.870077
21.870077
21.870024
21.869967
21.869822
21.869799
21.86969
21.869612
21.869555
21.86952
21.869408
21.869379
21.86935
21.869337
21.869322
21.869312
21.869303
21.869299
21.869293
21.869287
21.869284
21.86928
21.869276
21.869272
21.86927
21.869268
21.869267
21.869259
21.869257
21.869253
21.869244
21.869234
21.869226
21.869219
21.86921
21.869196
21.86919
21.869183
21.86918
21.869179
21.869179
21.869177
21.869177
21.869177
21.869175
21.869173
21.869173
21.869171
21.869171
21.869171
21.869171
21.869171
21.869171
21.86917
21.86917
21.86917
21.86917
21.86917
21.86917
21.86917
21.86917
21.86917
21.86917
21.86917
21.86917
21.86917
21.86917
21.86917
21.86917
21.86917
21.86917
21.86917
21.86917
21.86917
21.86917
21.86917
21.86917
21.86917
21.86917
21.86917
21.86917
21.86917
21.86917
21.86917
21.86917
21.86917
21.86917
21.86917
21.86917
21.86917
21.86917
21.86917
21.86917
21.86917
21.86917
21.86917
21.86917
21.86917
21.86917
21.86917
21.86917
21.86917
21.86917
21.86917
21.86917
21.86917
21.86917
21.86917
21.86917
21.86917
21.86917
21.86917
21.86917
21.86917
21.86917
21.86917
21.86917
21.86917
21.86917
21.86917
21.86917
21.86917
21.86917
21.86917
21.86917
21.86917
21.86917
21.86917
21.86917
21.86917
21.86917
21.86917
21.86917
21.86917
21.86917
21.86917
21.86917
21.86917
21.86917
21.86917
21.86917
21.86917
21.86917
21.86917
21.86917
21.86917
21.86917
21.86917
21.86917
21.86917
21.86917
21.86917
21.86917
21.86917
21.86917
21.86917
21.86917
21.86917
21.86917
21.86917
21.86917
21.86917
21.86917
21.86917
21.86917
21.86917
21.86917
21.86917
21.86917
21.86917
21.86917
21.86917
21.86917
21.86917
21.86917
21.86917
21.86917
21.86917
21.86917
21.86917
21.86917
21.86917
21.86917
21.86917
21.86917
21.86917
21.86917
21.86917
21.86917
21.86917
21.86917
21.86917
21.86917
21.86917
21.86917
21.86917
21.86917
21.86917
21.86917
21.86917
21.86917
21.86917
21.86917
21.86917
21.86917
21.86917
21.86917
21.86917
21.86917
21.86917
21.86917
21.86917
21.86917
21.86917
21.86917
21.86917
21.86917
21.86917
21.86917
21.86917
21.86917
21.86917
21.86917
21.86917
21.86917
21.86917
21.86917
21.86917
21.86917
21.86917
21.86917
21.86917
21.86917
21.86917
21.86917
21.86917
21.86917
21.86917
21.86917
21.86917
21.86917
21.86917
21.86917
21.86917
21.86917
21.86917
21.86917
21.86917
21.86917
21.86917
21.86917
21.86917
21.86917
21.86917
21.86917
21.86917
21.86917
21.86917
21.86917
21.86917
21.86917
21.86917
21.86917
21.86917
21.86917
21.86917
21.86917
21.86917
21.86917
21.86917
21.86917
21.86917
21.86917
21.86917
21.86917
21.86917
21.86917
21.86917
21.86917
21.86917
21.86917
21.86917
21.86917
21.86917
21.86917
21.86917
21.86917
21.86917
21.86917
21.86917
21.86917
21.86917
21.86917
21.86917
21.86917
21.86917
21.86917
21.86917
21.86917
21.86917
21.86917
21.86917
21.86917
21.86917
21.86917
21.86917
21.86917
21.86917
21.86917
21.86917
21.86917
21.86917
21.86917
21.86917
21.86917
21.86917
21.86917
21.86917
21.86917
21.86917
21.86917
21.86917
21.86917
21.868673
21.868124
21.868116
21.86808
21.867958
21.867825
21.867773
21.867704
21.867554
21.867474
21.867437
21.867401
21.867393
21.867367
21.867311
21.867268
21.867235
21.867226
21.867226
21.867226
21.867226
21.867226
21.867224
21.86719
21.867157
21.867113
21.867079
21.867058
21.867002
21.866938
21.866865
21.866798
21.866756
21.866756
21.866756
21.866756
21.866756
21.866692
21.866636
21.86659
21.866528
21.866453
21.866383
21.866304
21.866295
21.866295
21.866295
21.866293
21.866293
21.866293
21.866293
21.866293
21.866293
21.866293
21.866293
21.866293
21.866293
21.866293
21.866293
21.866293
21.866291
21.866291
21.866291
21.86629
21.866285
21.866285
21.866285
21.866285
21.866285
21.866285
21.866283
21.866283
21.866283
21.866283
21.866283
21.866283
21.866283
21.866282
21.86628
21.86628
21.86628
21.86628
21.86628
21.86628
21.86628
21.86628
21.86628
21.866278
21.866276
21.866276
21.866276
21.866276
21.866276
21.866276
21.866276
21.866274
21.866274
21.866274
21.866274
21.866274
21.866274
21.866274
21.866274
21.866274
21.866274
21.866272
21.86627
21.86627
21.866268
21.866266
21.866266
21.866264
21.866264
21.866262
21.866262
21.86626
21.86626
21.866259
21.866255
21.866253
21.866247
21.866238
21.86623
21.86622
21.86621
21.8662
21.866194
21.866184
21.866175
21.866154
21.86614
21.866127
21.866117
21.866112
21.866106
21.8661
21.866098
21.866096
21.866096
21.866096
21.866096
21.866096
21.866096
21.866096
21.866096
21.866096
21.866096
21.866096
21.866096
21.866096
21.866096
21.866096
21.866096
21.866096
21.866096
21.866096
21.866096
21.866096
21.866096
21.866096
21.866096
21.866096
21.866096
21.866096
21.866096
21.866096
21.866096
21.866096
21.866096
21.866096
21.866096
21.866096
21.866096
21.866096
21.866096
21.866096
21.866096
21.866096
21.866096
21.866096
21.866096
21.866096
21.866096
21.866096
21.866096
21.86609
21.866056
21.866016
21.865995
21.865965
21.86591
21.865866
21.865822
21.865728
21.865658
21.865583
21.865498
21.86541
21.865282
21.86519
21.865084
21.864977
21.864834
21.864698
21.864592
21.86451
21.864422
21.864422
21.864422
21.864422
21.86442
21.86442
21.86442
21.86442
21.86442
21.86442
21.864418
21.864418
21.864416
21.864416
21.864416
21.864414
21.864414
21.864414
21.864412
21.864412
21.86441
21.86441
21.864408
21.864407
21.864405
21.8644
21.864397
21.864393
21.864388
21.864386
21.86438
21.864376
21.864374
21.864368
21.864363
21.864363
21.864363
21.864363
21.864363
21.864363
21.864363
21.864363
21.864363
21.864363
21.864363
21.864363
21.864363
21.864363
21.864363
21.864363
21.864363
21.864363
21.864363
21.864363
21.864363
21.864363
21.864363
21.864363
21.864363
21.864363
21.864363
21.864363
21.864363
21.864363
21.864363
21.864363
21.864363
21.864363
21.864363
21.864363
21.864363
21.864363
21.864363
21.864363
21.864363
21.864363
21.864363
21.864363
21.864363
21.864363
21.864363
21.864363
21.864363
21.864363
21.864363
21.864363
21.864363
21.864363
21.864363
21.864363
21.864363
21.864363
21.864363
21.864363
21.864363
21.864363
21.864363
21.864363
21.864363
21.864363
21.864363
21.864363
21.864363
21.864363
21.864363
21.864363
21.864363
21.864363
21.864363
21.864363
21.864363
21.864363
21.864363
21.864363
21.864363
21.864363
21.864363
21.864363
21.864363
21.864363
21.864363
21.864363
21.864363
21.864363
21.864363
21.864363
21.864363
21.864363
21.864363
21.864363
21.864363
21.864363
21.864363
21.864363
21.864363
21.864363
21.864363
21.864363
21.864363
21.864363
21.864363
21.864363
21.864363
21.864363
21.864363
21.864363
21.864363
21.864363
21.864363
21.864363
21.864363
21.864363
21.864363
21.864363
21.864363
21.864363
21.864363
21.864363
21.864363
21.864363
21.864363
21.864363
21.864363
21.864363
21.864363
21.864363
21.864363
21.864363
21.864363
21.864363
21.864363
21.864363
21.864363
21.864363
21.864363
21.864363
21.864363
21.864363
21.864326
21.864088
21.863987
21.863909
21.863855
21.863768
21.86373
21.863697
21.863665
21.86365
21.863636
21.863626
21.863613
21.863586
21.863577
21.863562
21.863558
21.863544
21.86353
21.86352
21.863504
21.863495
21.863483
21.863472
21.863462
21.863457
21.863445
21.863436
21.863426
21.863424
21.863417
21.863413
21.863409
21.863407
21.863407
21.863407
21.863407
21.863405
21.863405
21.863403
21.863401
21.863401
21.8634
21.863398
21.863398
21.863398
21.863398
21.863398
21.863398
21.863398
21.863398
21.863398
21.863398
21.863398
21.863398
21.863398
21.863398
21.863398
21.863398
21.863398
21.863398
21.863398
21.863398
21.863398
21.863398
21.863398
21.863398
21.863398
21.863398
21.863398
21.863398
21.863398
21.863398
21.863398
21.863398
21.863398
21.863398
21.863398
21.863398
21.863398
21.863398
21.863398
21.863398
21.863398
21.863398
21.863398
21.863398
21.863398
21.863398
21.863398
21.863398
21.863398
21.863398
21.863398
21.863398
21.863398
21.863398
21.863398
21.863398
21.863398
21.863398
21.863398
21.863398
21.863398
21.863398
21.863398
21.863398
21.863398
21.863398
21.863398
21.863398
21.863398
21.863398
21.863398
21.863398
21.863398
21.863398
21.863398
21.863398
21.863398
21.863398
21.863398
21.863398
21.863398
21.863398
21.863398
21.863398
21.863398
21.863398
21.863398
21.863398
21.863398
21.863398
21.863398
21.863398
21.863398
21.863398
21.863398
21.863398
21.863398
21.863398
21.863398
21.863398
21.863398
21.863398
21.863398
21.863398
21.863398
21.863398
21.863398
21.863398
21.863398
21.863398
21.863398
21.863398
21.863398
21.863398
21.863398
21.863398
21.863398
21.863398
21.863398
21.863398
21.863398
21.863398
21.863398
21.863398
21.863398
21.863398
21.863398
21.863398
21.863398
21.863398
21.863398
21.863398
21.863398
21.863398
21.863398
21.863398
21.863398
21.863398
21.863398
21.863398
21.863398
21.863398
21.863398
21.863398
21.863398
21.863398
21.863398
21.863398
21.863398
21.863398
21.863398
21.863398
21.863398
21.863398
21.863398
21.863398
21.863398
21.863398
21.863398
21.863398
21.863398
21.863398
21.863398
21.863398
21.863398
21.863398
21.863398
21.863398
21.863398
21.863398
21.863398
21.863398
21.863398
21.863398
21.863398
21.863398
21.863398
21.863398
21.863398
21.863398
21.863398
21.863398
21.863398
21.863398
21.863398
21.863398
21.863398
21.863398
21.863398
21.863398
21.863398
21.863398
21.863398
21.863398
21.863398
21.863398
21.863398
21.863398
21.863398
21.863398
21.863398
21.863398
21.863398
21.863398
21.863398
21.863398
21.863398
21.863398
21.863398
21.863398
21.863398
21.863398
21.863398
21.863398
21.863398
21.863398
21.863398
21.863398
21.863398
21.863398
21.863398
21.863398
21.863398
21.863398
21.863398
21.863398
21.863398
21.863398
21.863398
21.863398
21.863398
21.863398
21.863398
21.863398
21.863398
21.863398
21.863398
21.863398
21.863398
21.863398
21.863398
21.863398
21.863398
21.863398
21.863398
21.863398
21.863398
21.863398
21.863398
21.863398
21.863398
21.863398
21.863398
21.863398
21.863398
21.863398
21.863398
21.863356
21.86325
21.863182
21.863115
21.86305
21.86305
21.863026
21.86299
21.862946
21.862934
21.862934
21.862934
21.862934
21.862932
21.862932
21.862928
21.862926
21.862926
21.862925
21.86292
21.862919
21.862915
21.862913
21.86291
21.862907
21.862902
21.862896
21.862892
21.862886
21.86288
21.862875
21.862867
21.862865
21.86286
21.862848
21.862837
21.86282
21.862803
21.862776
21.862762
21.862762
21.862751
21.862745
21.862745
21.862745
21.862745
21.862743
21.862743
21.86274
21.862728
21.862705
21.862682
21.862661
21.862638
21.86262
21.862566
21.862497
21.86246
21.86242
21.862364
21.862333
21.862286
21.862215
21.86217
21.862125
21.862082
21.862019
21.861961
21.861921
21.861883
21.861876
21.861876
21.861876
21.861876
21.861876
21.861876
21.861876
21.861876
21.861876
21.861876
21.861876
21.861876
21.861876
21.861876
21.861876
21.861876
21.861876
21.861876
21.861876
21.861876
21.861876
21.861876
21.861876
21.861876
21.861876
21.861876
21.861876
21.861876
21.861876
21.861876
21.861876
21.861876
21.861876
21.861876
21.861876
21.861876
21.861876
21.861876
21.861876
21.861876
21.861876
21.861876
21.861876
21.861876
21.861876
21.861876
21.861876
21.861876
21.861876
21.861876
21.861876
21.861876
21.861876
21.861876
21.861876
21.861876
21.861876
21.861876
21.861876
21.861876
21.861876
21.861876
21.861876
21.861876
21.861876
21.861876
21.861876
21.861876
21.861876
21.861876
21.861876
21.861876
21.861876
21.861876
21.861876
21.861876
21.861876
21.861876
21.861876
21.861876
21.861876
21.861876
21.861876
21.861876
21.861876
21.861876
21.861876
21.861876
21.861876
21.861876
21.861876
21.861876
21.861876
21.861876
21.861876
21.861876
21.861876
21.861876
21.861876
21.861876
21.861876
21.861876
21.861876
21.861876
21.861876
21.861876
21.861876
21.861876
21.861876
21.861876
21.861876
21.861876
21.861876
21.861876
21.861876
21.861876
21.861876
21.861876
21.861876
21.861876
21.861876
21.861876
21.861876
21.861876
21.861876
21.861876
21.861876
21.861876
21.861876
21.861876
21.861876
21.861876
21.861876
21.861876
21.861876
21.861876
21.861876
21.861876
21.861876
21.861876
21.861876
21.861876
21.861876
21.861876
21.861876
21.861876
21.861876
21.861876
21.861876
21.861876
21.861876
21.861876
21.861876
21.861876
21.861876
21.861876
21.861876
21.861876
21.861876
21.861876
21.861876
21.861876
21.861876
21.861876
21.861876
21.861876
21.861876
21.861876
21.861876
21.861876
21.861876
21.861876
21.861876
21.861876
21.861876
21.861876
21.861876
21.861876
21.861876
21.861876
21.861876
21.861876
21.861876
21.861876
21.861876
21.861876
21.861876
21.861876
21.861876
21.861876
21.861876
21.861876
21.861876
21.861876
21.861876
21.861876
21.861876
21.861876
21.861876
21.861876
21.861876
21.861876
21.861876
21.861876
21.861876
21.861876
21.861876
21.861876
21.861876
21.861876
21.861876
21.861876
21.861876
21.861876
21.861876
21.861876
21.861876
21.861876
21.861876
21.861876
21.861876
21.861876
21.861876
21.861876
21.861876
21.861876
21.861876
21.861876
21.861876
21.861876
21.861876
21.861876
21.861876
21.861876
21.861876
21.861876
21.861876
21.861876
21.861876
21.861876
21.861876
21.861876
21.861876
21.861876
21.861876
21.861876
21.861876
21.861876
21.861876
21.861876
21.861876
21.861876
21.861876
21.861876
21.861876
21.861876
21.861876
21.861876
21.861876
21.861876
21.861876
21.861876
21.861876
21.861876
21.861876
21.861876
21.861876
21.861876
21.861876
21.861876
21.861876
21.861876
21.861876
21.861876
21.861876
21.861876
21.861876
21.86185
21.861525
21.86142
21.861044
21.860876
21.860552
21.8603
21.860012
21.859886
21.85986
21.85986
21.859856
21.859852
21.85984
21.85983
21.859825
21.859816
21.859816
21.859816
21.859814
21.859806
21.859802
21.859795
21.85979
21.859785
21.859777
21.859774
21.859772
21.859772
21.85977
21.859768
21.859768
21.859766
21.859764
21.859762
21.85976
21.859758
21.859755
21.859755
21.859753
21.859753
21.859753
21.859753
21.859753
21.859753
21.859753
21.859753
21.859753
21.859753
21.859753
21.859753
21.859753
21.859753
21.859753
21.859753
21.859753
21.859753
21.859753
21.859753
21.859753
21.859753
21.859753
21.859753
21.859753
21.859753
21.859753
21.85975
21.85975
21.85975
21.85975
21.859749
21.859749
21.859747
21.859745
21.859745
21.859741
21.85974
21.859737
21.859735
21.859734
21.859728
21.859724
21.859722
21.859722
21.859722
21.859722
21.859722
21.859722
21.859722
21.859722
21.859722
21.859722
21.859722
21.859722
21.859722
21.859722
21.859722
21.859722
21.859722
21.859722
21.859722
