86177.25791162373
75174.5032546543
71338.17263840155
66042.44389300488
64464.26846940298
64401.25691308635
63922.643441309614
63773.89585409786
62865.87380169521
61714.26040978863
61181.82630449319
61004.747249523956
60587.61480410608
60229.087257417115
59963.78527453294
59765.31652308444
59615.356136235336
59501.02917991424
59413.1780808786
59345.20789990367
59292.310602006044
59250.9392256926
59218.44786032484
59192.842438867745
59172.606211037826
59156.57601874879
59143.85349050147
59133.74050827731
59125.69174833719
59119.27938092214
59114.166536933844
59110.08717370717
59106.830666782786
59104.22993078373
59102.15220249039
59100.49185057947
59099.164740713946
59098.10380268599
59097.25553217685
59096.577222914064
59096.03477207629
59095.600937212424
59095.25394983743
59094.97641146773
59094.75441375134
59094.57683668504
59094.43478854036
59094.32115866998
59094.2302603067
59094.15754515719
59094.09937530392
59094.052840871744
59094.01561425431
59093.98583355445
59093.962009374794
59093.94295027441
59093.927703149835
59093.91550554987
59093.90574753367
59093.89794116156
59093.89169608998
59093.88670004945
59093.88270322771
59093.8795057772
59093.87694782115
59093.874901459116
59093.873264371294
59093.87195470219
59093.87090696763
59093.87006878046
59093.869398231014
59093.868861791656
59093.86843264029
59093.86808931929
59093.86781466253
59093.86759493717
59093.86741915688
59093.86727853266
59093.86716603331
59093.86707603383
59093.86700403425
59093.86694643457
59093.86690035484
59093.866863491065
59093.86683400004
59093.86681040722
59093.86679153298
59093.86677643356
59093.86676435404
59093.86675469044
59093.86674695954
59093.86674077481
59093.86673582705
59093.866731868824
59093.86672870225
59093.866726169006
59093.86672414238
59093.866722521096
59093.866721224054
59093.86672018645
59093.86671935635
59093.86671869227
59093.86671816101
59093.86671773598
59093.866717395984
59093.86671712399
59093.86671690637
59093.86671673229
59093.86671659303
59093.86671648161
59093.866716392484
59093.866716321165
59093.86671626412
59093.8667162185
59093.86671618199
59093.866716152785
59093.866716129414
59093.86671611072
59093.86671609576
59093.8667160838
59093.86671607423
59093.86671606658
55193.533075368716
49611.02042274475
49458.96982224034
49035.97814841484
48569.927639412985
48400.4504358964
48395.02112344143
48129.62911926981
47932.02792403821
47807.31433016655
47728.89856694995
47679.83322798034
47649.32801063103
47630.521951200404
47619.05989690318
47612.18324114365
47608.149428650126
47605.86158640831
47604.632405576784
47604.0337604072
47603.80105194874
47603.77245809538
47596.210344622086
47587.72463374825
47581.00009487485
47575.66144286459
47571.41674787299
47568.03777691432
47565.34534256955
47563.19827024392
47561.48501247953
47560.11722232952
47559.02479248891
47558.152002075185
47557.45450795785
47556.89698512071
47556.45126922329
47556.09489002364
47555.809910515614
47555.58200617428
47555.39973343086
47555.25394770311
47555.13733989976
47555.044066955576
47554.96945711124
47554.909774682834
47554.86203222621
47554.823840492034
41352.94575459802
41217.39546459272
37966.08954811692
36621.895923244985
36611.85737219067
35616.38672506695
35170.49204078575
35084.87627648753
34774.562962466574
34526.47193185767
34347.86646639937
34217.697203811156
34121.69946399879
34050.10938111414
33996.17050454418
33955.15264472037
33923.70363137792
33899.41819639457
33880.54906484988
33865.811658137005
33854.25078782135
33845.1486868038
33837.96082694013
33832.270584457445
33827.75681953256
33824.170402191885
33821.31700886283
33819.04436814744
33817.23270290173
33815.787496994206
33814.633973093165
33813.71284410033
33812.97702258796
33812.38905765451
33811.91912876464
33811.54346920918
33811.24312304092
33811.00296225101
33810.81090795171
33810.65731208514
33810.53446583853
33810.43620832708
33810.357614788874
33810.294747939704
33810.244459568465
33810.20423214067
33810.172052290705
33810.14630974978
33810.125716574046
33810.10924258194
33810.09606373928
33810.08552088981
33810.077086754005
33810.070339537386
33810.06494182299
33810.06062368915
32618.267590969852
32119.54205046475
32011.5753048897
31189.66819818489
30723.541215290996
30458.44290714361
30042.452721585913
30033.96144035329
30027.145303702007
30000.41548044592
29919.61786004903
29914.14072619354
29912.81414915525
29909.466302106008
29908.88319814797
29908.868790184995
29908.252495438035
29908.2219873535
29908.221675425462
29908.22058512112
29908.218613311004
29908.21682898823
29908.21544047437
29908.214354587668
29908.213501829923
29908.212829832755
29908.212298768805
29908.211878099264
29908.211544239868
29908.211278865132
29908.21106766154
29908.210899400226
29908.210765240165
29908.210658199474
29908.210572750835
29908.21050450963
29908.210449991988
29908.21040642609
29908.21037160423
29908.210343766485
29908.210321508926
29908.210303710966
29908.210289477774
29908.21027809454
29908.210268990068
29908.21026170785
29908.210255882936
29908.210251223565
29908.210247496427
29908.210244514943
29908.210242129906
29908.21024022196
29908.210238695672
29908.210237474676
29908.2102364979
29908.210235716502
29908.21023509139
29908.210234591304
29908.21023419124
29908.2102338712
29908.210233615162
29908.210233410333
29908.21023324647
29908.210233115384
29908.21023301051
29908.210232926616
29908.2102328595
29908.210232805803
29908.21023276284
29908.21023272849
29908.210232700992
29908.210232679005
29908.210232661404
29908.21023264733
29908.210232636073
29908.210232627065
29908.210232619855
29908.210232614092
29908.21023260948
29908.210232605787
29908.210232602833
29908.210232600475
29908.210232598587
29908.210232597074
29908.210232595866
29908.210232594898
29908.21023259412
29908.210232593505
29908.21023259301
29908.210232592617
29908.210232592297
29908.210232592042
29908.210232591842
29908.21023259168
29908.21023259155
29908.210232591446
29908.210232591362
29908.210232591293
29908.210232591242
29908.2102325912
29908.210232591166
29908.21023259114
29908.210232591115
29908.210232591104
29908.21023259109
29908.210232591075
29908.210232591067
29908.210232591064
29908.210232591053
29908.21023259105
29908.210232591045
29908.210232591042
29908.21023259104
29559.72047029378
29535.47668557018
29512.860193510223
29497.77608207968
29298.182692455466
28967.391377499778
28560.32583381106
28335.179246572112
28159.02599406945
28096.70931617095
28053.95033509212
28039.614152681566
28019.238338151976
28004.021665153854
27993.18130284397
27985.362117692785
27979.652756577736
27975.434699369467
27972.28388988048
27969.906369506953
27968.095954627453
27966.706247632206
27965.632001977363
27964.79661821595
27964.143679374803
27963.63116392938
27963.22744637465
27962.908501003894
27962.655923058024
27962.4555108458
27962.296237168488
27962.169494125807
27962.068532267134
27961.988039628504
27961.923822700508
27961.872562555178
27961.83162701303
27961.798925026756
27961.77279316409
27961.751906698835
27961.735209702547
27961.721859898105
27961.711185041808
27961.702648348608
27961.69582103683
27961.690360494787
27961.685992897877
27961.68249935585
27961.679704864946
27961.67746949157
27961.675681333247
27961.67425089643
27961.67310660448
27961.672191207712
27961.671458913854
27961.670873093837
27961.67040444747
27961.67002953656
27961.66972961177
27961.669489674478
27961.66929772625
27961.66914416871
27961.66902132334
27961.66892304747
27961.668844427048
27961.668781530876
27961.66873121406
27961.66869096067
27961.668658758004
27961.668632995905
27961.668612386246
27961.66859589853
27961.668582708353
27961.66857215623
27961.668563714535
27961.668556961165
27961.66855155849
27961.668547236342
27961.66854377863
27961.66854101246
27961.668538799517
27961.668537029163
27961.668535612884
27961.66853447986
27961.66853357344
27961.668532848307
27961.6685322682
27961.66853180411
27961.66853143284
27961.668531135823
27961.668530898212
27961.668530708117
27961.668530556053
27961.668530434396
27961.668530337065
27961.66853025921
27961.668530196916
27961.668530147086
27961.66853010722
27961.66853007533
27961.668530049814
27961.66853002941
27961.668530013074
27961.668530000014
27961.66852998956
27961.668529981205
27961.66852997452
27961.668529969167
27961.668529964885
27961.668529961462
27961.668529958723
27961.66852995653
27961.66852995478
27961.668529953375
27961.668529952254
27961.668529951356
27961.668529950635
27961.66852995006
27961.668529949602
27961.66852994923
27961.668529948944
27961.668529948707
27961.66852994851
27961.66852994836
27961.668529948245
27961.66852994815
27961.668529948074
27961.66852994801
27961.66852994796
27961.66852994792
27961.66852994789
27961.668529947863
27961.66852994785
27961.66852994783
27961.668529947816
27961.668529947805
27961.668529947798
27961.668529947787
27961.66852994778
27961.668529947776
27746.45191810211
27687.294222385794
27578.584304988068
27543.019901666124
27542.560911747776
27492.859512742554
27481.541961381532
27473.927054954056
27472.320916903584
27469.99827045997
27468.60942640089
27467.798685934933
27467.3423078222
27467.100222458437
27466.985285128343
27466.943723079246
27466.942721641557
27466.883679022874
27466.799932848404
27466.735639030743
27466.685933974644
27466.647277128497
27466.61706025877
27466.593340271585
27466.574654527343
27466.559891689078
27466.54820030302
27466.538923280295
27466.53155035723
27466.525683183645
27466.521009390304
27466.517283120764
27466.51431027481
27466.51193722665
27466.510042134425
27466.50852820228
27466.507318427204
27466.506351484364
27466.505578491502
27466.504960456517
27466.50446625849
27466.504071047235
27466.503754972433
27466.50350217286
27466.503299971788
27466.50313823563
27466.5030088625
27466.502905374102
27466.502822589857
27466.502756366608
27466.502703390663
27466.5026610116
27466.50262710943
27466.5025999884
27466.50257829201
27466.50256093519
27466.502547049913
27466.502535941814
27466.502527055403
27466.502519946327
27466.502514259093
27466.502509709328
27466.50250606953
27466.502503157695
27466.50250082823
27466.50249896467
27466.50249747382
27466.502496281133
27466.502495326993
27466.502494563676
27466.502493953034
27466.502493464515
27466.5024930737
27466.50249276105
27466.50249251093
27466.50249231083
27466.502492150754
27466.50249202269
27466.50249192024
27466.50249183828
27466.502491772706
27466.50249172026
27466.50249167829
27466.502491644726
27466.50249161787
27466.50249159638
27466.502491579195
27466.502491565436
27466.502491554438
27466.50249154564
27466.502491538602
27466.502491532967
27466.502491528467
27466.50249152486
27466.502491521973
27466.502491519666
27466.50249151782
27466.50249151635
27466.502491515163
27466.50249151422
27466.502491513464
27466.502491512863
27466.50249151238
27466.502491511994
27466.502491511685
27466.50249151143
27466.502491511234
27466.50249151108
27466.502491510953
27466.50249151085
27466.502491510775
27466.502491510706
27466.502491510655
27466.502491510615
27466.50249151058
27466.50249151055
27466.502491510528
27466.50249151051
27466.5024915105
27466.50249151049
27466.502491510477
27466.502491510473
27341.50424473404
27319.525390094746
27231.40087168522
27227.960262611035
27222.103991022454
27219.58636100468
27218.95938483243
27217.987389515667
27217.221174325077
27216.739151823193
27216.437341598077
27216.24953039486
27216.1336090975
27216.062841765335
27216.020288511274
27111.74550341142
27043.072939809874
26997.57313819477
26967.213776433007
26946.79219392301
26932.929108330638
26923.422115322734
26916.829945214646
26912.20480067905
26908.919783643134
26906.557433113638
26904.83757707356
26903.570507846933
26902.62649445312
26901.91585461007
26901.375868093695
26900.962135109767
26900.642832709284
26900.394868540374
26900.201282966183
26900.049477393826
26899.929993183632
26899.835660373992
26899.760997043722
26899.70178024667
26899.654735684024
26899.6173105139
26899.58750508499
26899.563746954474
26899.544795626123
26899.529669876123
26899.517591876247
26899.507943940414
26899.50023484876
26899.494073499925
26899.48914821252
26899.485210409275
26899.482061719733
26899.47954376207
26899.47753003208
26899.47591945521
26899.47463125428
26899.47360086029
26899.47277665183
26899.47211735336
26899.47158995831
26899.471168070235
26899.470830577684
26899.47056059511
26899.470344616377
26899.470171838093
26899.470033618458
26899.46992304468
26899.469834586882
26899.46976382144
26899.469707209588
26899.469661920426
26899.469625689308
26899.46959670454
26899.469573516817
26899.469554966687
26899.469540126614
26899.469528254587
26877.40087473401
26844.255874896913
26822.540456134862
26808.240493034107
26798.766840575172
26792.446362141905
26788.195383256978
26785.310058620515
26783.33169233308
26781.960131093052
26780.998006446574
26780.314786310544
26779.82355713366
26779.46599582859
26779.202616887847
26779.006422601393
26778.858752846536
26778.746559874224
26778.66060890857
26778.59428231986
26778.542778926523
26778.502573253547
26778.471046821847
26778.446234064762
26778.426645227584
26778.41114143369
26778.39884545511
26745.748095203533
26743.915876998522
26715.481569090578
26714.212055443957
26711.092117308555
26655.917320861998
26637.11066918007
26628.465391994647
26598.405375338185
26564.292617756033
26550.596679041064
26550.360505992892
26550.066282486543
26476.12130680159
26456.332642430243
26363.288837149834
26307.854656460826
26259.920177268228
26257.597590708956
26255.12457433469
26251.939801686593
26250.432271152407
26250.43020568241
26250.408607992274
26250.406707943428
26250.40040823007
26250.397393890176
26250.396867880492
26250.396056692123
26250.395408425706
26250.394890250514
26250.394475990634
26250.394144762115
26250.39387989409
26250.393668073153
26250.39349866343
26250.39336316574
26250.393254786857
26250.39316809607
26250.393098751327
26250.393043280586
26250.392998907224
26250.392963410603
26250.392935014628
26250.392912298696
26250.39289412649
26250.392879589075
26250.392867959366
26250.39285865574
26250.392851212935
26250.392845258742
26250.39284049543
26250.3928366848
26250.39283363631
26250.39283119753
26250.392829246517
26250.392827685704
26250.392826437062
26250.392825438146
26250.392824639017
26250.392823999708
26250.392823488266
26250.392823079113
26250.392822751786
26250.39282248993
26250.392822280446
26250.39282211286
26250.392821978785
26250.392821871526
26250.392821785717
26250.392821717076
26250.39282166216
26250.39282161823
26250.392821583086
26250.392821554964
26250.39282153247
26250.392821514477
26250.39282150008
26250.392821488564
26250.392821479352
26250.392821471985
26250.39282146609
26250.39282146137
26250.392821457594
26250.392821454578
26250.392821452162
26250.39282145023
26250.392821448688
26250.392821447447
26250.392821446458
26250.392821445672
26250.39282144503
26250.39282144453
26250.392821444126
26250.3928214438
26250.39282144354
26250.392821443336
26250.39282144317
26250.392821443034
26250.39282144293
26250.39282144284
26250.392821442776
26250.392821442718
26250.392821442674
26250.392821442638
26250.392821442612
26250.392821442587
26250.392821442572
26250.392821442558
26250.392821442547
26250.392821442536
26250.39282144253
26250.39282144252
25917.91115870785
25792.171904644296
25777.445750214683
25772.07853702849
25762.332565489673
25749.517673726154
25742.539560758192
25739.052302667264
25737.603444855904
25737.30256575012
25734.644556766852
25731.68716564706
25729.365154605388
25727.53564295872
25726.090015840855
25724.945022754215
25724.036393793805
25723.31420455118
25722.73947006952
25722.28161330816
25721.91656362641
25721.625314746507
25721.392821796504
25721.20715137501
25721.058822358456
25720.940291830426
25720.84555232654
25720.769815071297
25720.70926004973
25720.660838293355
25720.62211513523
25720.591145726787
25720.56637603559
25720.546564017382
25720.53071679307
25720.51804054337
25720.507900522654
25720.499789132675
25720.49330042171
25720.48810970958
25720.48395730414
25720.480635484902
25720.4779780968
25720.475852229374
25720.474151562994
25720.472791047523
25720.47170264643
25720.47083193279
25720.470135366493
25720.46957811642
25720.469132318256
25720.468775680933
25720.46849037185
25720.468262125087
25720.468079527982
25720.46793345051
25720.467816588665
25720.46772309927
25720.467648307804
25720.467588474665
25720.467540608177
25527.921566549077
25512.358385520656
25501.808938439397
25501.33405695614
25489.638298119055
25478.260985477915
25470.031910366626
25464.00722627865
25459.54496764893
25456.203953475182
25453.6775694834
25451.75017579219
25450.268237480643
25449.12107188192
25448.227905835258
25447.529095514623
25446.9801096688
25446.547360934972
25446.20528351132
25445.93425937299
25445.719128254703
25445.54810380319
25445.41197572558
25445.30351581299
25445.217031114604
25445.14802462416
25445.09293544351
25445.04893834647
25445.01378818723
25444.98569847161
25444.96324616265
25444.94529677214
25444.93094523199
25444.919469102133
25444.91029146368
25444.90295144279
25444.89708076361
25444.892385076284
25444.888629074263
25444.885624623275
25444.883221286884
25444.88129876139
25444.8797608329
25444.878530548936
25444.877546359414
25444.87675903189
25444.876129185297
25444.875625317887
25444.875222230283
25444.87489976423
25444.87464179398
25444.87443541944
25444.874270320863
25444.874138242674
25444.874032580567
25444.873948051154
25444.8738804278
25444.873826329236
25444.87378305045
25444.87374842747
25444.87372072912
25444.873698570456
25444.873680843542
25444.87366666201
25444.87365531679
25444.873646240623
25444.87363897969
25444.873633170944
25444.873628523947
25444.873624806354
25444.873621832277
25444.873619453014
25444.873617549605
25444.87361602688
25444.873614808697
25444.873613834152
25444.87361305452
25444.87361243081
25444.873611931842
25444.873611532665
25444.87361121333
25444.873610957857
25444.873610753482
25444.87361058998
25444.873610459177
25444.873610354538
25435.392464955494
25424.74776009755
25422.71710617997
25410.593626768004
25401.152928399835
25400.975715877583
25399.026272464478
25398.86159208622
25397.6438880456
25397.19844782869
25397.180478385126
25396.654017927576
25396.13401125677
25395.76035494487
25395.488533271193
25395.28842209279
25395.13943469282
25395.02734976019
25394.942229006
25394.87704260546
25394.826756014845
25394.787718761425
25394.757251850893
25394.733366573484
25394.71457083221
25394.6997342268
25394.687992934545
25394.678681815676
25394.671285346125
25394.66540172284
25394.66071629772
25394.65698170067
25394.65400281858
25394.651625342052
25394.64972696349
25394.648210566338
25394.646998924265
25394.646030555024
25394.645256464053
25394.644637578112
25394.644142716934
25394.64374698643
25394.643430503438
25394.643177381946
25394.642974926282
25394.64281298834
25394.642683454997
25394.64257983921
25394.642496953555
25394.642430649485
25394.642377609085
25394.64233517859
25394.642301235366
25394.642274081532
25394.642252358946
25394.642234981187
25394.642221079168
25394.642209957678
25394.642201060575
25394.642193942935
25394.64218824886
25394.64218369362
25394.642180049443
25394.642177134112
25394.64217480185
25394.642172936045
25394.64217144341
25394.64217024929
25394.642169294002
25394.642168529772
25394.64216791839
25394.642167429283
25394.642167037997
25394.642166724967
25394.642166474547
25394.64216627421
25394.64216611394
25394.642165985722
25394.64216588315
25394.642165801095
25394.642165735444
25394.642165682933
25394.642165640915
25394.642165607307
25394.642165580415
25394.642165558904
25394.642165541693
25394.642165527926
25394.642165516914
25394.642165508103
25394.642165501056
25394.642165495414
25394.64216549091
25394.642165487297
25394.642165484413
25394.642165482102
25394.64216548025
25394.642165478774
25394.64216547759
25394.642165476645
25394.642165475885
25394.64216547529
25394.642165474794
25394.64216547441
25394.6421654741
25394.642165473855
25394.642165473655
25394.642165473495
25394.642165473364
25394.642165473266
25394.64216547319
25394.642165473124
25394.642165473073
25394.64216547303
25394.642165473
25394.64216547297
25394.64216547295
25394.64216547293
25394.64216547292
25394.64216547291
25394.6421654729
25394.64216547289
25394.64216547288
25394.642165472877
25394.642165472873
25394.64216547287
25394.642165472866
25291.878097852543
25274.939119342707
25245.986287395277
25244.704885534316
25240.133654539055
25239.48552533356
25239.475498602987
25238.60503368235
25238.532291942367
25237.40910584139
25236.802871783664
25236.573719908396
25236.55413304557
25236.488649141593
25236.3783700542
25236.298725714158
25236.240500757245
25236.197434721387
25236.165230807695
25236.140906982342
25236.12236907764
25236.10812829344
25236.097112971413
25236.0885421892
25236.08184010769
25236.076577350806
25236.072430446635
25236.069153436143
25236.06655775598
25236.064497805906
25236.062860466052
25236.061557391098
25236.060519281164
25236.05969157724
25236.05903119588
25236.058504031127
25236.058083029133
25236.057746694627
25236.057477925948
25236.05726310232
25236.057091365867
25236.056954055068
25236.056844256575
25236.056756449878
25236.056686225067
25236.056630058363
25236.05658513341
25236.05654919884
25236.05652045463
25236.05649746146
25236.056479068342
25236.056464354748
25236.056452584457
25236.056443168585
25236.056435636132
25236.05642961032
25236.056424789767
25236.056420933382
25236.05641784832
25236.05641538029
25236.056413405884
25236.056411826376
25236.056410562767
25236.05640955189
25236.056408743196
25236.056408096232
25236.056407578668
25236.05640716462
25236.056406833373
25236.05640656838
25236.056406356387
25236.056406186788
25236.056406051117
25236.056405942578
25236.056405855743
25236.056405786272
25236.056405730702
25236.05640568625
25236.05640565068
25236.05640562222
25236.056405599462
25236.056405581257
25236.05640556668
25236.056405555028
25236.056405545703
25236.056405538242
25236.056405532276
25236.056405527506
25236.056405523686
25236.056405520627
25236.056405518182
25236.056405516232
25236.05640551466
25206.876823572362
25205.309491549902
25202.461874956985
25190.732939488622
25187.955674657154
25187.76240969692
25186.51314182947
25185.763711342788
25185.324156590097
25185.0749061554
25184.941037562825
25184.87588301207
25184.85060117839
25184.847554467877
25184.76526862009
25184.693542120505
25184.63676751745
25184.591736056835
25184.555959350313
25184.527497000756
25184.504828891142
25184.48675953626
25184.472345737355
25184.460841376633
25184.451654962235
25184.44431675819
25184.438453188537
25184.433766808703
25184.430020569413
25184.4270254113
25184.42463045814
25184.422715246543
25184.42118355786
25184.4199585145
25184.418978676662
25184.418194932372
25184.417568017576
25184.41706653734
25184.416665386176
25184.41634448638
25184.416087780075
25184.415882423687
25184.415718144115
25184.415586724004
25184.41548159019
25184.415397484583
25184.41533020103
25184.415276374784
25184.41523331417
25184.415198865918
25184.415171307475
25178.412293449255
25174.22327445922
25173.129150206016
25170.75252475094
25167.88827565714
25166.576718491215
25166.154571708306
25165.875894143348
25165.803407165826
25165.7706576708
25165.723031815425
25165.71060744501
25165.707987213624
25165.70746887453
25165.70467334613
25165.704535098525
25165.704425395936
25165.704399976963
25165.704327943135
25165.704298051543
25165.70429706287
25165.704270947488
25165.704246825106
25165.704234925943
25165.70423014181
25165.70422934502
25165.70422881147
25165.704227350972
25165.704226187703
25165.704225260375
25165.704224520618
25165.704223930155
25165.704223458648
25165.704223081993
25165.70422278102
25165.70422254047
25165.704222348173
25165.704222194432
25165.70422207149
25165.704221973185
25165.70422189456
25165.704221831667
25165.704221781372
25165.70422174114
25165.704221708962
25165.70422168322
25165.704221662625
25165.704221646156
25165.704221632976
25165.704221622436
25165.704221614
25165.704221607255
25165.70422160186
25165.70422159754
25165.704221594086
25165.70422159132
25165.704221589112
25165.704221587344
25165.70422158593
25165.704221584798
25165.704221583896
25165.704221583168
25165.70422158259
25165.704221582124
25165.704221581753
25165.704221581458
25159.569106177987
25159.39282823641
25155.657765459197
25152.109726584687
25149.75570345099
25148.182506042216
25147.122361618025
25146.40123072049
25145.905596173223
25145.5611014447
25145.318793923823
25145.146252394763
25145.021854043607
25144.931061680825
25144.86401263421
25144.81394769682
25144.77618329885
25144.747435813722
25144.72537480689
25144.70832566945
25144.695070147023
25144.684711353108
25144.676581517335
25144.67017825632
25144.665120036378
25144.661114669285
25144.6579367493
25144.65541129246
25144.653401729644
25144.651800993095
25144.650524828627
25144.649506728907
25144.64869406151
25144.648045087524
25144.647526650686
25144.64711237632
25144.646781260893
25144.64651656316
25144.646304929516
25144.64613570231
25144.646000371562
25144.64589213961
25144.64580557495
25144.645736336588
25144.64568095446
25144.645636654233
25144.64560121756
25144.645572870464
25144.64555019423
25144.645532054154
25144.645517542685
25144.645505933884
25144.64549664708
25144.645489217794
25144.645483274468
25144.645478519866
25144.64547471623
25144.645471673342
25144.64546923905
25144.645467291626
25141.747113945872
25140.929651604427
25140.907808509495
25128.247316887766
25117.031346057986
25107.719075764915
25103.904271800104
24372.67222596313
24002.145959373705
23849.01375100561
23735.525401394287
23562.212727762933
23445.762768453664
23366.810915947557
23312.742627505122
23275.307640631127
23249.08422321511
23230.48921541553
23217.138793901137
23207.434830913793
23200.296540027386
23194.98583020048
23190.993212983583
23187.96292762262
23185.643536717882
23183.855119919874
23182.46732787398
23181.38457672846
23180.535964606413
23179.868331737172
23179.341429811953
23178.92451906868
23178.593941384093
23178.33136781884
23178.122517659376
23177.956211095167
23177.823660924343
23177.717937639234
23177.633561796145
23177.566190904072
23177.512377251143
23177.46937948767
23177.43501529856
23177.407545721155
23177.385583994506
23177.368023531762
23177.353980869462
23177.34275039267
23177.333768349188
23177.326584210696
23177.32083785752
23177.316241387864
23177.31256460438
23177.309623428624
23177.307270648686
23177.30538852757
23177.30388289647
23177.302678433716
23177.301714890466
23177.30094407311
23177.300327430272
23177.29983412307
23177.299439481823
23177.299123771725
23177.298871205498
23177.2986691537
23177.29850751302
23177.29837820097
23177.298274751636
23177.29819199236
23177.29812578507
23177.298072819325
23177.29803044678
23177.297996548772
23177.297969430398
23177.2979477357
23177.297930379955
23177.297916495365
23177.297905387695
23177.297896501565
23177.297889392656
23177.297883705534
23177.297879155838
23177.29787551608
23177.29787260428
23177.297870274826
23177.297868411275
23177.29786692043
23177.29786572775
23177.297864773616
23177.2978640103
23177.29786339965
23177.297862911128
23177.297862520318
23177.29786220766
23177.29786195754
23177.29786175744
23177.297861597362
23177.297861469295
23177.297861366853
23177.297861284886
23177.29786121932
23177.29786116687
23177.297861124902
23177.297861091338
23177.297861064482
23177.297861042993
23177.297861025807
23177.297861012055
23177.297861001058
23177.297860992254
23177.297860985218
23177.297860979583
23177.29786097508
23177.297860971474
23177.297860968592
23177.29786096628
23177.297860964438
23177.297860962964
23177.29786096178
23177.297860960836
23177.29786096008
23177.297860959472
23177.297860958988
23177.297860958603
23177.297860958297
23177.29786095805
23177.297860957846
23177.29786095769
23177.29786095756
23177.297860957464
23177.29786095738
23177.29786095731
23177.29786095726
23177.297860957224
23177.297860957187
23177.29786095716
23177.29786095714
23177.29786095712
23177.297860957107
23177.297860957096
23177.29786095709
23177.297860957082
23177.297860957075
23177.29786095707
23177.297860957067
23177.29786095706
23177.297860957053
22464.63277191956
21968.57790098367
21938.33881927712
21917.831488503456
21917.44198693652
21908.328573053124
21905.267271500546
21895.661223524035
21888.09271224692
21882.244342932205
21877.697768892896
21874.14506736542
21871.357023073993
21869.161222476403
21867.426748293077
21866.053355375057
21864.963720354976
21864.097823100077
21863.408824183316
21862.860005137678
21862.42247315734
21862.073422457026
21861.7948058225
21861.57231182735
21861.39457219121
21861.25254404068
21861.139026197627
21861.048278916696
21860.975723967807
21860.917707449236
21860.871311796327
21860.83420651365
21860.804529480876
21860.78079245842
21860.76180578686
21860.74661833532
21860.734469580922
21860.724751349793
21860.71697725921
21860.710758303117
21860.705783340716
21860.701803500382
21860.698619711045
21860.696072732655
21860.694035183908
21860.692405166657
21860.69110116677
21860.690057975764
21860.689223428657
21860.688555794623
21860.688021689723
21860.687594407304
21860.687252582324
21860.686979122947
21860.686760355842
21860.686585342406
21860.68644533182
21860.68633332345
21860.686243716824
21860.68617203156
21860.686114683383
21860.686068804855
21860.68603210204
21860.6860027398
21860.685979250007
21860.685960458177
21860.68594542472
21860.68593339795
21860.685923776542
21860.68591607941
21860.685909921704
21860.685904995542
21860.68590105461
21860.685897901865
21860.685895379673
21860.68589336192
21860.685891747708
21860.68589045635
21860.685889423254
21860.68588859678
21860.6858879356
21860.685887406657
21860.685886983505
21860.685886644984
21860.685886374165
21860.685886157513
21860.685885984185
21860.68588584553
21860.6858857346
21860.68588564586
21860.685885574865
21860.68588551807
21860.68588547264
21860.685885436287
21860.685885407212
21835.317760162518
21773.37029496672
21736.49106328669
21715.868231262833
21705.05351976867
21700.039225213284
21698.355773338542
21691.385851202762
21680.646973115316
21672.881688299844
21667.197983746326
21662.989275014792
21659.838791172784
21657.45695331083
21655.64015451673
21654.24346523855
21653.16243366054
21652.320853098645
21651.662465257443
21651.145276013816
21650.737618077685
21650.41539154239
21650.160106194864
21649.957475280506
21649.796392861754
21649.668181206907
21649.566030622325
21649.484578147818
21649.419587683824
21649.367705082626
21649.32626925446
21649.293165553714
21649.26671136867
21649.24556643698
21649.228662278096
21649.215146494316
21649.204338695035
21649.19569554536
21649.18878300306
21649.183254234784
21649.178832030117
21649.17529478476
21649.172465320236
21649.170201960944
21649.1683914094
21649.16694305513
21649.165784427376
21649.164857560794
21649.16411609033
21220.048817321946
21159.113051489556
21155.0432145064
21139.340603399065
21136.677888881368
21136.643427853163
21134.961351832106
21133.78228195706
21133.09314607065
21132.70447417024
21132.49762420749
21132.39876027415
21132.362303391063
21132.360423813287
21132.097096412283
21131.84914705132
21131.667561114034
21131.533027437163
21131.432270942347
21131.35606283238
21131.29791047936
21131.253189643325
21131.218565644183
21131.19160415346
21131.170507094383
21131.153931612564
21131.14086461299
21131.130534780295
21131.12235012499
21131.115853095704
21131.110687917044
21131.106576538758
21131.103300725517
21131.100688580118
21131.098604307124
21131.096940372463
21131.095611454322
21131.094549746747
21131.093701293925
21131.093023116136
21131.092480947973
21131.092047452843
21131.09170080995
21131.091423593698
21131.091201883453
21131.091024555426
21131.090882718705
21131.09076926578
21131.090678513967
21131.090605919253
21131.090547847805
21131.090501393395
21131.09046423164
21131.090434503363
21131.090410721466
21131.090391696416
21131.090376476663
21131.090364301053
21131.090354560693
21131.09034676848
21131.09034053476
21131.09033554781
21131.090331558276
21131.09032836666
21131.090325813377
21131.090323770757
21131.09032213666
21131.090320829386
21131.090319783572
21131.090318946917
21131.090318277595
21131.090317742142
21131.090317313774
21131.09031697108
21131.090316696926
21131.09031647761
21131.09031630215
21131.090316161783
21131.090316049485
21131.090315959653
21131.090315887785
21131.09031583029
21131.090315784295
21131.0903157475
21131.090315718062
21131.090315694513
21131.090315675672
21131.090315660604
21131.090315648544
21131.090315638892
21131.09031563118
21131.090315625002
21131.090315620066
21131.090315616115
21131.090315612953
21131.090315610425
21131.090315608406
21131.090315606783
21131.09031560549
21131.090315604455
21131.090315603626
21131.090315602964
21131.090315602432
21131.09031560201
21131.09031560167
21131.0903156014
21131.090315601177
21131.090315601006
21131.09031560087
21131.090315600755
21131.090315600668
21131.090315600595
21131.09031560054
21131.090315600493
21131.090315600457
21131.090315600428
21131.090315600406
21131.090315600388
21131.090315600373
21131.09031560036
21131.09031560035
21131.090315600344
21131.090315600337
21131.09031560033
21131.090315600326
21131.090315600322
21026.728733201424
20887.0374892815
20771.610657336787
20662.89324200635
20633.665452109657
20608.114408722584
20564.69394791026
20542.161560820678
20531.946199347578
20528.772661016184
20523.805496716705
20517.94805425992
20513.91441792061
20511.10499212987
20509.124640796937
20507.711360882367
20506.690177687855
20505.94327320401
20505.390576542875
20504.977108446554
20353.85311883554
19075.597980332015
17690.325065610476
16827.1973864198
16293.553260722663
15967.027091464408
15770.055200089453
15653.597075169748
15586.746983669347
15550.10941186766
14699.924645725647
14147.536018016332
13787.390994379628
13551.605137729945
13350.731258565103
12451.1414364412
11511.60245275367
11511.256578480637
11489.722470173685
10739.182394666619
10670.881865841538
10656.692140948855
10655.076979572666
10651.805365959819
10618.401305376234
10616.618286735351
10613.679781058552
10613.060555138627
10612.871104236341
10612.703269321613
10612.583426831077
10612.496785121044
10612.433380413753
10612.386438190792
10612.351304599857
10612.32474664707
10612.304491593615
10612.288921988467
10612.276872344422
10612.267492494831
10612.260154929176
10612.254391317621
10612.249848550597
10612.246257935196
10612.243413345737
10612.241155532003
10612.239360710028
10612.237932167014
10612.236794013928
10612.235886487508
10612.235162383837
10612.234584328085
10612.234122668875
10612.233753844164
10612.233459106095
10612.233223521522
10612.233035185633
10612.232884601253
10612.23276418772
10612.232667891434
10612.232590876516
10612.23252927873
10612.232480009556
10612.23244060001
10612.23240907608
10612.232383859315
10612.232363687419
10612.232347550875
10612.232334642264
10612.23232431577
10612.232316054833
10612.232309446248
10612.23230415948
10612.232299930132
10612.2322965467
10612.232293839981
10612.232291674622
10612.232289942345
10612.23228855653
10612.232287447889
10612.232286560971
10612.232285851444
10612.23228528382
10612.232284829723
10612.232284466447
10612.232284175827
10612.232283943327
10612.232283757334
10612.232283608535
10612.232283489495
10612.232283394264
10604.771348125638
10567.616175154468
10563.022552438106
10543.652141703207
10496.824916039859
10478.431591368337
10405.23297735236
10403.79780843718
10395.954602375146
10393.8022559358
10392.78079498537
10392.748243008367
10392.685470166025
10392.540460422444
10392.143514431224
10391.82977684891
10391.58123107788
10391.383958809749
10391.227142178399
10391.102329630543
10391.002889676878
10390.923600168106
10390.86033653175
10390.809833123887
10390.769499198379
10390.737276090476
10390.711525784955
10390.690943576248
10390.67448935214
10390.66133336028
10390.650813294746
10390.642400268209
10390.63567178355
10390.630290235229
10390.62598578979
10390.622542741095
10390.61978862705
10390.617585543743
10390.615823210182
10390.614413428504
10390.61328565767
10390.612383475891
10390.611661752793
10390.611084388607
10390.6106225064
10390.610253006489
10390.609957410305
10390.609720935756
10390.60953175765
10390.609380416148
10390.609259343575
10390.609162485918
10390.609085000053
10390.60902301152
10390.608973420805
10390.608933748299
10390.608902010332
10390.608876619992
10390.608856307737
10390.608840057945
10390.608827058117
10390.608816658256
10390.608808338373
10390.608801682469
10390.608796357747
10390.60879209797
10390.608788690148
10390.608785963892
10390.60878378289
10390.608782038084
10390.60878064224
10390.608779525564
10390.608778632224
10390.608777917554
10390.608777345815
10390.608776888426
10390.608776522517
10390.608776229785
10390.6087759956
10390.608775808256
10390.608775658378
10390.608775538474
10390.608775442555
10390.608775365818
10390.608775304428
10390.608775255314
10390.608775216027
10390.608775184595
10390.608775159451
10390.608775139333
10390.60877512324
10390.608775110366
10390.608775100067
10390.608775091825
10390.608775085233
10390.608775079963
10390.608775075743
10390.60877507237
10390.608775069668
10390.608775067509
10390.60877506578
10390.6087750644
10390.60877506329
10390.608775062408
10390.608775061699
10390.608775061135
10390.60877506068
10390.608775060316
10390.608775060025
10390.608775059796
10390.60877505961
10390.608775059462
10390.608775059343
10390.608775059249
10390.608775059172
10390.608775059112
10390.608775059063
10390.608775059023
10390.60877505899
10390.608775058969
10390.608775058947
10390.60877505893
10390.608775058918
10390.608775058909
10390.608775058903
10390.608775058896
10390.60877505889
10390.608775058885
10390.608775058881
10390.60877505888
10390.608775058878
10390.608775058874
10390.608775058872
10390.60877505887
10390.608775058869
10314.143402068541
10299.487833559966
10277.177740297335
10238.139900643468
10224.80804210183
10219.02837244447
10215.555676671229
10214.267620436189
10214.215927913632
10213.092841642938
10212.749618869018
10212.298308531404
10212.225968218323
10211.990942912349
10211.64870202813
10211.58494381024
10211.57436223695
10211.569759057662
10211.556097759922
10211.551652762832
10211.549792192773
10211.54978000996
10211.54939724199
10211.549154569553
10211.54911531464
10211.549080709876
10211.549074811337
10211.549054565028
10211.06909838289
10210.377801429006
10208.788073582029
10207.364107946736
10206.833542408911
10206.798598439715
10201.536117184416
10200.976623089207
10200.305033637958
10185.444487023928
10183.884314678884
10183.773236538585
10180.583449756581
10177.394516389735
10172.853001734089
10172.654881402254
10172.57095862877
10170.552375412995
10152.085488289918
10148.308309638773
10146.376280329896
10146.24692233101
10145.909971993324
10145.83739197309
10145.66002268634
10145.527151487731
10145.48148378459
10145.417940044792
10145.367447171695
10145.328433332523
10145.298105755142
10145.274409129372
10145.25581370788
10145.241168973325
10145.22960141137
10145.220442226251
10145.213175591396
10145.207401139984
10145.202806447003
10145.19914660823
10145.196228923201
10145.193901294217
10145.192043363208
10145.190559688599
10145.189374457836
10145.18842736694
10145.1876703942
10145.187065263992
10145.186581446533
10145.186194576063
10145.185885197123
10145.185637769127
10145.185439874838
10145.18528159019
10145.185154982175
10145.18505370837
10145.184972697396
10145.184907893783
10145.1848560542
10145.184814584647
10145.184781410357
10145.184754871794
10145.1847336415
10145.184716657615
10145.184703070738
10145.184692201381
10145.184683505988
10145.184676549732
10145.184670984769
10145.184666532821
10145.184662971275
10145.184660122051
10145.18465784268
10145.184656019184
10145.18465456039
10145.184653393359
10145.184652459735
10145.184651712834
10145.184651115313
10145.184650637299
10145.184650254887
10145.184649948957
10145.184649704215
10145.184649508423
10145.184649351784
10145.184649226478
10145.18464912623
10145.184649046032
10145.184648981876
10145.184648930548
10145.184648889484
10145.184648856637
10145.184648830358
10145.184648809336
10145.184648792518
10145.184648779063
10145.1846487683
10145.184648759687
10145.184648752798
10145.184648747287
10145.184648742877
10145.18464873935
10145.184648736527
10145.18464873427
10145.184648732466
10145.18464873102
10145.184648729864
10145.18464872894
10145.1846487282
10145.18464872761
10145.184648727136
10145.184648726758
10145.184648726454
10145.18464872621
10145.184648726019
10145.184648725863
10145.184648725739
10145.184648725639
10145.184648725559
10145.184648725497
10145.184648725444
10145.184648725402
10145.184648725373
10145.184648725346
10145.184648725326
10145.184648725308
10145.184648725295
10145.184648725284
10145.184648725277
10145.18464872527
10145.184648725264
10145.184648725259
10145.184648725255
10145.184648725253
10145.184648725251
10145.18464872525
10145.184648725248
10145.184648725246
10145.184648725244
10145.184648725242
10145.18464872524
10135.393293318235
10134.41915083697
10133.762004077347
10132.473393309821
10131.573533373645
10130.937503778525
10130.482349448868
10130.15257436687
10129.910737265576
10129.731336681696
10129.596820436767
10129.494970143021
10129.417178037429
10129.357304755773
10129.31091678825
10129.274773235229
10129.24647715825
10129.224236306543
10129.206697071504
10129.192827889117
10129.18183635482
10129.173109566816
10129.16617065765
10129.160646743909
10129.156245029617
10129.15273480487
10129.14993375895
10129.147697487897
10129.145911393092
10129.144484387354
10129.143343979627
10129.142432419441
10129.14170366153
10129.141120968952
10129.140655015692
10129.140282381595
10129.139984356563
10129.13974598918
10129.139555328959
10129.139402822346
10129.139280830854
10129.139183246492
10129.139105184651
10129.1390427388
10129.138992784432
10129.138952822417
10129.138920853757
10129.138895279435
10129.138874820364
10129.138858453358
10129.138845359914
10129.138834885256
10129.138826505598
10129.138819801914
10129.13881443899
10129.13881014867
10129.138806716423
10129.138803970634
10129.13880177401
10129.13880001671
10129.138798610871
10129.138797486205
10129.138796586469
10129.138795866684
10129.138795290855
10129.138794830189
10129.13879446166
10129.138794166834
10129.138793930975
10129.13879374229
10129.138793591337
10129.138793470578
10129.13879337397
10129.138793296686
10129.138793234853
10129.138793185391
10129.138793145825
10129.138793114167
10129.138793088841
10129.13879306858
10129.138793052372
10129.138793039403
10129.138793029031
10129.138793020733
10129.138793014094
10129.138793008782
10129.138793004533
10129.138793001135
10129.138792998416
10129.138792996242
10129.1387929945
10129.138792993108
10129.138792991997
10129.138792991103
10129.13879299039
10129.13879298982
10129.138792989363
10129.138792988999
10129.13879298871
10129.138792988471
10129.138792988288
10129.138792988137
10129.138792988017
10129.138792987922
10129.138792987846
10129.138792987786
10129.138792987736
10129.138792987696
10129.138792987667
10129.13879298764
10129.13879298762
10129.138792987602
10129.138792987593
10129.138792987582
10129.138792987575
10129.138792987565
10129.138792987562
10129.138792987558
10129.138792987553
10129.138792987551
10129.13879298755
10129.138792987547
10129.138792987544
10129.138792987542
10129.13879298754
10123.015144951647
10122.783700749276
10120.33939823606
10119.962138366762
10119.199350807678
10119.041740010143
10118.933675554877
10118.697792558081
10118.53962820474
10118.432643630293
10118.359565991997
10118.30911029497
10118.273869842053
10118.248956906737
10118.231125391769
10118.218203433104
10118.208725548286
10118.201693436982
10118.196419873735
10118.192426383646
10118.189375822301
10118.18702768089
10118.185208244662
10118.183790504905
10118.182680510994
10118.181808002526
10118.181119907209
10118.180575774291
10118.18014452769
10118.17980212864
10118.179529872265
10118.179313131403
10118.17914041982
10118.179002686466
10118.178892778764
10118.178805031153
10118.178734947338
10118.178678953418
10118.178634205085
10118.178598436376
10118.17856984058
10118.178546976213
10118.178528692571
10118.178514070685
10118.178502376391
10118.178493023015
10118.178485541635
10118.17847955737
10118.1784747705
10118.178470941346
10118.178467878244
10118.178465427907
10118.178463467728
10118.178461899643
10118.178460645207
10118.178459641687
10118.178458838884
10118.178458196653
10118.178457682872
10118.178457271853
10118.17845694304
10118.178456679992
10118.178456469554
10118.178456301202
10118.178456166523
10118.17845605878
10118.178455972587
10118.17845590363
10118.178455848465
10118.178455804333
10118.17845576903
10118.178455740786
10118.17845571819
10118.178455700116
10118.178455685655
10118.178455674086
10118.17845566483
10118.178455657426
10118.178455651505
10118.178455646763
10103.703430600075
10103.22446547374
