226162.08
185712.86
130071.12
88191.414
57136.207
34462.914
19841.943
11230.423
6985.444
4624.0054
3169.2437
2316.262
1985.173
1647.8152
1328.783
1154.7303
1057.7417
990.1012
882.36926
814.29333
750.4242
669.99414
612.3298
585.5232
546.2001
515.5026
484.84955
440.1593
417.66086
402.12363
398.32608
379.15228
357.82812
350.72415
329.05383
312.07596
297.1564
290.75778
282.38846
276.24698
271.59555
263.19928
252.403
245.93031
239.80075
232.7729
227.39194
223.25328
214.71234
212.91953
209.58711
202.41066
200.42036
196.48749
193.6136
189.99347
187.48332
181.59492
177.89966
176.07744
173.39287
171.23395
169.03142
167.66917
163.03384
161.59163
159.39056
158.59068
156.01495
155.57274
153.12111
149.0969
147.06125
144.4926
141.70816
139.52539
138.32481
137.63113
135.903
135.28653
133.52591
129.90701
129.19307
127.80505
127.38771
126.42246
125.89587
124.578026
121.79274
120.745445
120.31564
117.42553
115.45006
115.121864
114.34583
113.01716
111.65403
111.15042
110.0692
108.70885
107.686806
107.13378
106.5753
106.44144
106.076904
105.34069
105.34069
104.61923
104.079254
102.86289
102.339714
101.6357
99.80079
98.73037
97.72548
97.0419
96.38409
95.112076
94.46081
93.38836
92.624825
92.14442
91.855156
90.71823
90.39043
90.181755
89.942055
89.44188
88.36004
87.906494
87.84865
87.31619
86.89361
86.8393
86.07551
85.44719
85.20811
84.888535
84.402466
83.711876
83.35936
83.091644
82.48077
81.689644
81.537895
80.73555
80.33138
80.18788
79.90145
79.41221
79.07531
78.68614
78.45424
78.35204
78.16109
77.95772
77.56986
77.50847
77.47863
77.28505
76.66394
76.375984
75.857864
74.69845
74.07799
73.94534
73.30533
72.87021
72.75044
72.389244
72.118164
70.9822
70.91712
70.82813
70.54176
69.8664
69.23512
69.01973
68.770615
68.48172
68.41183
68.233894
67.71483
67.49932
67.044754
66.85667
66.653694
66.38631
66.35536
66.18026
65.87993
65.75268
65.47892
65.2601
64.918594
64.8265
64.54876
64.35961
64.31768
64.18903
63.832214
63.633823
63.459835
63.422115
63.124306
62.922726
62.44666
62.310905
62.187737
62.093506
61.942448
61.537624
61.418125
61.286716
61.16359
60.787075
60.651897
60.357586
60.318596
60.155197
59.877636
59.822712
59.501118
59.29412
59.241802
59.08605
59.021713
58.999443
58.705627
58.69712
58.688282
58.686836
58.426464
58.33688
57.887005
57.79522
57.573017
57.50368
57.39396
57.27571
57.012634
56.934982
56.847317
56.671146
56.65087
56.44466
56.36684
56.155796
55.974014
55.91009
55.81802
55.61179
55.513493
55.353474
55.351067
55.298183
55.19856
55.18655
54.96289
54.913204
54.854294
54.81178
54.70054
54.51218
54.427242
54.23934
53.898342
53.765293
53.73865
53.644558
53.56934
53.509163
53.41042
53.37999
53.33349
53.260296
53.16296
53.129784
52.847363
52.810837
52.7646
52.607277
52.480278
52.210117
52.10271
52.04161
51.97548
51.793903
51.756435
51.716686
51.708176
51.572643
51.255383
51.033257
50.956814
50.9215
50.87391
50.451298
50.235306
50.17603
50.143265
50.118824
50.11665
49.911236
49.898445
49.862347
49.77903
49.7087
49.5706
49.52416
49.43071
49.38608
49.381493
49.23567
49.10504
48.95594
48.94463
48.53951
48.414112
48.211346
48.171257
48.100163
48.01803
47.77025
47.565903
47.206783
47.159935
47.042194
46.87492
46.75599
46.738747
46.67845
46.47869
46.275517
46.073097
46.036503
46.003414
45.935356
45.902424
45.74981
45.72211
45.71416
45.6859
45.6292
45.472797
45.382595
45.27619
45.25539
45.212566
45.060226
45.036175
45.02627
44.934647
44.885296
44.87461
44.8127
44.807827
44.74809
44.743584
44.722427
44.677593
44.658012
44.57664
44.533386
44.496353
44.454235
44.33885
44.311813
44.07503
43.98545
43.97712
43.9619
43.922062
43.866055
43.835094
43.650852
43.633797
43.531578
43.357235
43.327072
43.27278
43.202
43.181858
43.108894
43.073406
43.01595
42.975704
42.96779
42.94078
42.877842
42.853573
42.501728
42.457096
42.447666
42.409542
42.348736
42.32012
42.28089
42.27886
42.257195
42.223583
42.211185
42.184177
42.164898
42.11291
42.08338
42.0435
41.994034
41.977493
41.938034
41.933186
41.907322
41.892834
41.88515
41.847427
41.825466
41.804672
41.707386
41.684925
41.664417
41.629482
41.620632
41.60557
41.603344
41.60243
41.594353
41.57442
41.56432
41.53024
41.481647
41.48145
41.44932
41.432007
41.42518
41.39726
41.38589
41.383522
41.353687
41.326817
41.315876
41.30214
41.260178
41.243004
41.20849
41.200306
41.182213
41.180748
41.16236
41.141315
41.131645
41.097416
41.095646
41.083515
41.076485
41.061497
41.057907
41.051968
41.05139
41.000816
40.99253
40.97841
40.966465
40.955845
40.94668
40.865646
40.856518
40.826725
40.818047
40.79873
40.784008
40.78186
40.77132
40.757244
40.722027
40.712883
40.692043
40.669422
40.655613
40.638985
40.574055
40.56124
40.469692
40.424637
40.423943
40.414307
40.382114
40.35983
40.347267
40.254086
40.234184
40.18874
40.158344
40.14768
40.133488
40.111984
40.091167
40.084606
40.06017
39.944424
39.875393
39.85894
39.777725
39.759136
39.74476
39.73011
39.699863
39.660397
39.619236
39.615734
39.607605
39.59435
39.590572
39.57932
39.464138
39.455685
39.434753
39.433514
39.42592
39.393356
39.37139
39.356403
39.274742
39.225105
39.224464
39.19337
39.18562
39.152214
39.111034
39.10479
39.092396
39.068188
38.96976
38.96149
38.943016
38.928288
38.912582
38.91124
38.903343
38.89308
38.885845
38.877407
38.871044
38.866196
38.865124
38.860996
38.84145
38.8387
38.81215
38.78902
38.5832
38.55997
38.52544
38.49333
38.491936
38.47118
38.46665
38.448444
38.4443
38.43955
38.429905
38.4261
38.394165
38.362423
38.350887
38.348637
38.326756
38.321636
38.31112
38.30908
38.305717
38.299892
38.292156
38.288216
38.254898
38.24847
38.246986
38.2386
38.19655
38.18793
38.18087
38.17797
38.160496
38.156113
38.156086
38.154373
38.139107
38.128536
38.097557
38.085125
38.064762
38.05415
38.04144
38.027565
38.01528
37.942146
37.938885
37.93416
37.877113
37.860435
37.85255
37.845276
37.841484
37.825813
37.816055
37.813557
37.81254
37.79928
37.792496
37.791878
37.779507
37.75616
37.735126
37.72089
37.708935
37.705112
37.69324
37.681698
37.671528
37.668404
37.665215
37.656445
37.65297
37.652172
37.650574
37.64203
37.59796
37.591175
37.58526
37.56804
37.56425
37.56398
37.558548
37.553562
37.545322
37.53579
37.531696
37.53022
37.524162
37.51536
37.49718
37.494305
37.48968
37.485985
37.47882
37.477654
37.477104
37.470436
37.46422
37.463432
37.46121
37.456295
37.44135
37.437885
37.4316
37.4177
37.390118
37.38842
37.385967
37.37836
37.374916
37.362793
37.358875
37.343384
37.339024
37.33733
37.325565
37.3228
37.312214
37.301067
37.28731
37.284843
37.271652
37.263695
37.259777
37.25306
37.24018
37.238365
37.231167
37.21582
37.215515
37.208626
37.204
37.2012
37.176697
37.156384
37.15188
37.14932
37.14592
37.14366
37.142963
37.14276
37.1319
37.12405
37.10178
37.093895
37.086468
37.06805
37.064175
37.056297
37.049587
37.038006
37.0257
37.017654
37.008232
37.002155
36.970604
36.96726
36.9501
36.947624
36.929104
36.92628
36.92409
36.92297
36.92153
36.92101
36.905746
36.901424
36.895252
36.890915
36.887924
36.886272
36.87907
36.874535
36.870827
36.864605
36.862587
36.838463
36.837917
36.8298
36.829594
36.81828
36.81588
36.812565
36.807697
36.747143
36.742756
36.739723
36.731388
36.73013
36.72916
36.72719
36.725773
36.718094
36.70226
36.701637
36.683838
36.66004
36.61847
36.609764
36.577713
36.57688
36.575195
36.5629
36.546688
36.54352
36.537666
36.536903
36.536503
36.528114
36.52638
36.52533
36.52391
36.52173
36.520107
36.51997
36.51968
36.50449
36.501823
36.50144
36.501083
36.500843
36.49633
36.488464
36.4834
36.47481
36.469494
36.467197
36.46287
36.457783
36.457226
36.45519
36.44711
36.44609
36.43785
36.436165
36.429794
36.410362
36.398552
36.39353
36.38293
36.381687
36.37525
36.353657
36.34878
36.341743
36.34147
36.341267
36.321335
36.306946
36.306435
36.302624
36.301865
36.27485
36.272526
36.27227
36.26613
36.265053
36.26021
36.259975
36.25913
36.25704
36.253597
36.219585
36.209507
36.198418
36.197952
36.195393
36.182804
36.175877
36.17555
36.173016
36.163845
36.16323
36.159275
36.154396
36.153538
36.150597
36.146107
36.14274
36.142498
36.142147
36.141922
36.141148
36.139004
36.130867
36.13078
36.129955
36.12837
36.12737
36.125317
36.11901
36.110302
36.10876
36.107323
36.105076
36.102318
36.100727
36.100708
36.096176
36.09411
36.093433
36.089737
36.076515
36.075497
36.074104
36.07272
36.07204
36.070827
36.07073
36.069473
36.06908
36.06362
36.060284
36.060238
36.058636
36.057117
36.05306
36.05275
36.049316
36.049194
36.048996
36.04769
36.04524
36.040146
36.039574
36.03857
36.03695
36.030052
36.029514
36.029285
36.029106
36.020916
36.020348
36.008694
36.006527
36.00388
35.995583
35.989758
35.988506
35.9866
35.98376
35.97548
35.97037
35.966537
35.962807
35.962154
35.943493
35.93544
35.934963
35.91364
35.908245
35.90728
35.90699
35.9046
35.90433
35.90355
35.902298
35.89984
35.898643
35.897842
35.895103
35.882866
35.88097
35.876873
35.87554
35.8707
35.86923
35.860783
35.85908
35.85232
35.846176
35.845913
35.84057
35.8388
35.83435
35.832848
35.82925
35.826
35.82118
35.819313
35.808105
35.79784
35.79688
35.7959
35.78692
35.773865
35.770267
35.76868
35.76801
35.719852
35.714806
35.708122
35.707283
35.705032
35.696404
35.63836
35.635273
35.635178
35.63458
35.632175
35.63047
35.629524
35.62563
35.624805
35.62223
35.620613
35.61404
35.613316
35.613213
35.60741
35.607357
35.60469
35.604324
35.600563
35.599693
35.599224
35.59817
35.593105
35.5913
35.590164
35.58955
35.58933
35.58833
35.58571
35.58239
35.579563
35.576477
35.57518
35.573368
35.572395
35.570934
35.570896
35.568115
35.56709
35.563625
35.562218
35.560356
35.55463
35.55445
35.54899
35.54851
35.54808
35.547016
35.54661
35.543884
35.54264
35.542225
35.53992
35.53862
35.53787
35.537796
35.537422
35.533985
35.53325
35.53322
35.53168
35.52966
35.529053
35.52888
35.528355
35.52736
35.522778
35.521477
35.521084
35.520576
35.520237
35.519524
35.51821
35.517937
35.517582
35.51245
35.512077
35.511677
35.511204
35.51098
35.5109
35.5109
35.510708
35.51042
35.50965
35.50795
35.493614
35.493492
35.489372
35.487923
35.486507
35.481544
35.480717
35.479744
35.479702
35.472725
35.470455
35.4661
35.465664
35.4622
35.454567
35.453346
35.451534
35.451527
35.451
35.450436
35.449955
35.448696
35.44662
35.444695
35.44441
35.44282
35.441013
35.440933
35.43601
35.428616
35.42819
35.42723
35.425415
35.42314
35.422523
35.420326
35.419727
35.41915
35.41904
35.417835
35.417347
35.416973
35.416637
35.413273
35.409344
35.40913
35.408432
35.405205
35.40472
35.403008
35.39947
35.398735
35.39703
35.396385
35.394085
35.393394
35.392654
35.39144
35.388203
35.388046
35.3861
35.382328
35.373295
35.367054
35.36651
35.364456
35.364307
35.3614
35.355183
35.35342
35.353184
35.352913
35.349133
35.347996
35.347507
35.340157
35.339294
35.33764
35.327713
35.327652
35.327637
35.325283
35.32458
35.323277
35.323154
35.32291
35.318962
35.316162
35.315125
35.31504
35.31476
35.310204
35.30924
35.306046
35.305473
35.304688
35.304455
35.302
35.301765
35.29885
35.290607
35.28876
35.28715
35.285664
35.284878
35.278572
35.274055
35.270332
35.269352
35.268612
35.267563
35.264774
35.26252
35.26109
35.2588
35.258675
35.257545
35.25676
35.25538
35.255165
35.253983
35.252518
35.25094
35.249676
35.249226
35.24852
35.24557
35.244427
35.23944
35.23844
35.236393
35.224926
35.2249
35.20655
35.20005
35.199635
35.198753
35.193924
35.19196
35.18783
35.187584
35.18667
35.177063
35.171764
35.1692
35.16126
35.157333
35.143806
35.138973
35.138676
35.13578
35.13494
35.12573
35.11432
35.114235
35.111244
35.098896
35.09838
35.09658
35.091152
35.087
35.08253
35.073162
35.05878
35.05094
35.05001
35.04272
35.032795
35.032078
35.029972
35.026882
35.008423
35.007454
35.005783
35.002068
34.942284
34.935204
34.863586
34.825733
34.813007
34.66252
34.66046
34.660427
34.657997
34.65737
34.553356
34.546803
34.54661
34.52404
34.520008
34.519573
34.518383
34.517754
34.516426
34.515915
34.51547
34.514763
34.50599
34.505318
34.504513
34.479603
34.47947
34.42702
34.419365
34.397854
34.39192
34.391804
34.391438
34.368244
34.36756
34.366474
34.354088
34.332134
34.324463
34.109665
34.107773
34.10444
34.101234
34.09006
34.085503
34.043587
34.0428
33.994522
33.988033
33.987686
33.98443
33.98367
33.96902
33.96894
33.967434
33.963184
33.963173
33.95125
33.94942
33.94553
33.934586
33.934135
33.934002
33.933678
33.92142
33.920345
33.918774
33.914127
33.9136
33.912025
33.910023
33.908978
33.908318
33.903164
33.887325
33.887016
33.885757
33.885567
33.883858
33.882195
33.879604
33.8657
33.857334
33.85308
33.849503
33.846626
33.84596
33.806313
33.804337
33.802387
33.8014
33.79921
33.798813
33.791317
33.786346
33.784874
33.783722
33.782177
33.773037
33.771675
33.771294
33.770786
33.77052
33.769535
33.76889
33.766914
33.76536
33.765266
33.73204
33.730545
33.72666
33.72579
33.725327
33.72495
33.648094
33.64794
33.64713
33.642494
33.64127
33.639484
33.639114
33.63772
33.635567
33.446526
33.44522
33.44215
33.439194
33.437645
33.437126
33.428925
33.42748
33.420956
33.42038
33.419872
33.41857
33.41814
33.417683
33.41695
33.416317
33.36752
33.364735
33.364346
33.358265
33.35749
33.357224
33.343815
33.32167
33.320366
33.306847
33.304188
33.30163
33.29999
33.29946
33.298798
33.289375
33.289036
33.28874
33.288242
33.271114
33.253872
33.24921
33.24642
33.243805
33.226284
33.22161
33.21912
33.21883
33.136475
33.134064
33.13328
33.13296
33.115425
33.10944
33.108784
33.108364
33.07481
33.049515
33.04597
33.043823
33.042397
33.041344
33.039387
33.012123
33.00986
32.92705
32.924786
32.92445
32.893448
32.739403
32.73908
32.738796
32.738194
32.708374
32.706493
32.691944
32.572567
32.287106
32.278084
32.27563
32.27405
32.273464
32.272858
32.227745
32.2268
32.225014
32.1853
32.163578
32.163246
32.1526
32.143417
32.142254
32.142223
31.917294
31.915405
31.91407
31.913754
31.913511
31.912294
31.912117
31.912
31.911064
31.908794
31.907309
31.906712
31.904394
31.903975
31.903555
31.898346
31.897585
31.897268
31.896456
31.895926
31.895552
31.895416
31.895327
31.842077
31.84154
31.83778
31.795717
31.795658
31.795391
31.783564
31.782104
31.77366
31.771795
31.770678
31.770136
31.769842
31.764135
31.762453
31.76055
31.759924
31.759657
31.759306
31.74532
31.742682
31.702427
31.70218
31.70193
31.701845
31.701408
31.700472
31.700075
31.698784
31.69456
31.683254
31.68296
31.68085
31.67912
31.678802
31.678602
31.678308
31.604948
31.604343
31.604193
31.602806
31.602758
31.601156
31.600542
31.598694
31.597889
31.597712
31.5977
31.595537
31.593018
31.592834
31.590055
31.588224
31.587236
31.586334
31.586126
31.586111
31.585712
31.584747
31.584003
31.583923
31.571522
31.570585
31.565393
31.56217
31.560846
31.56068
31.560537
31.55102
31.550877
31.550539
31.543732
31.536053
31.531702
31.529165
31.525103
31.522707
31.521677
31.521038
31.520292
31.51869
31.515715
31.51473
31.514124
31.513683
31.513517
31.51324
31.512678
31.512087
31.51167
31.510096
31.50828
31.508015
31.50354
31.502619
31.502174
31.501665
31.501352
31.50117
31.494686
31.494535
31.493818
31.49375
31.493021
31.492304
31.491915
31.489714
31.489658
31.48954
31.481321
31.479633
31.478298
31.47663
31.476519
31.476004
31.473328
31.472004
31.471922
31.471008
31.469799
31.469303
31.46874
31.46811
31.468056
31.464787
31.464766
31.464638
31.464622
31.464602
31.464447
31.46392
31.463694
31.463676
31.46356
31.463419
31.463108
31.462965
31.462934
31.462898
31.461308
31.460985
31.460598
31.460136
31.459991
31.456516
31.456488
31.456125
31.455235
31.455162
31.430866
31.430672
31.42795
31.404919
31.404827
31.401794
31.400114
31.399933
31.395895
31.394554
31.392673
31.392252
31.392036
31.388685
31.38694
31.384727
31.384151
31.383661
31.383415
31.382114
31.381268
31.380695
31.380495
31.380054
31.37984
31.379162
31.37833
31.378046
31.376457
31.376005
31.367052
31.363943
31.363188
31.36024
31.359264
31.355202
31.355085
31.35425
31.353357
31.35291
31.352907
31.322138
31.314632
31.314335
31.313902
31.312822
31.312134
31.312014
31.310549
31.30966
31.309587
31.309347
31.30852
31.307745
31.307035
31.306852
31.30477
31.30417
31.303951
31.303576
31.303217
31.303091
31.30205
31.29799
31.292274
31.291298
31.232641
31.232494
31.231539
31.230917
31.211271
31.21082
31.209839
31.209644
31.207888
31.207613
31.20261
31.201183
31.199951
31.199457
31.198273
31.197813
31.197649
31.197552
31.19622
31.196024
31.195736
31.19537
31.1861
31.160673
31.160221
31.159168
31.139347
31.139277
31.136902
31.136835
31.112902
31.11236
31.112087
31.107325
31.10561
31.093763
31.092316
31.091776
31.08572
31.085714
31.084911
31.077564
31.077507
31.076866
31.075983
31.0736
31.072742
31.071686
31.071262
31.071066
31.064308
31.06353
31.063433
31.063211
31.06012
31.05917
31.059113
31.058392
31.058191
31.056765
31.052591
31.050632
31.045107
31.044922
31.043158
31.040327
31.036669
31.035547
31.03487
31.034697
31.033812
31.031147
31.02545
31.00158
31.000153
30.999573
30.999462
30.998648
30.997335
30.996687
30.996422
30.996092
30.995985
30.995436
30.995092
30.99466
30.993683
30.993477
30.993366
30.993277
30.993073
30.992483
30.991772
30.991491
30.991371
30.988441
30.988316
30.988268
30.988005
30.987684
30.986408
30.986107
30.975828
30.975811
30.975798
30.975294
30.97528
30.957136
30.953588
30.953564
30.95266
30.92457
30.915932
30.91581
30.913816
30.913073
30.912958
30.882847
30.880959
30.879854
30.878992
30.87729
30.877205
30.873158
30.871273
30.870537
30.869146
30.868761
30.866198
30.865314
30.863647
30.86103
30.859434
30.859026
30.858294
30.85782
30.857546
30.85637
30.855799
30.854969
30.854683
30.85437
30.8463
30.84611
30.845695
30.84509
30.844728
30.844643
30.841656
30.841015
30.840706
30.840454
30.838463
30.837145
30.83708
30.837011
30.836643
30.835558
30.832891
30.832592
30.828375
30.82833
30.82772
30.827541
30.827467
30.827234
30.824945
30.824366
30.824015
30.823957
30.822327
30.821646
30.82156
30.82094
30.820007
30.819662
30.81881
30.8188
30.81872
30.817692
30.817541
30.817495
30.816633
30.816404
30.816393
30.816076
30.816065
30.815529
30.81182
30.811817
30.81181
30.811504
30.8115
30.81141
30.811071
30.810757
30.81071
30.809626
30.809563
30.809364
30.80896
30.807491
30.80657
30.804077
30.794298
30.792961
30.79247
30.792072
30.790068
30.789244
30.78792
30.787218
30.786371
30.785807
30.784903
30.784685
30.782183
30.781513
30.780558
30.779552
30.77935
30.779198
30.778856
30.778597
30.778532
30.778446
30.778313
30.778118
30.77809
30.777855
30.77754
30.775812
30.77539
30.771175
30.770449
30.770145
30.769703
30.769268
30.768482
30.768309
30.767921
30.767223
30.7663
30.76306
30.761961
30.76183
30.760061
30.760054
30.754772
30.753323
30.753263
30.752811
30.75239
30.751287
30.75014
30.749907
30.749897
30.747124
30.746809
30.746534
30.739668
30.738739
30.728178
30.728064
30.727379
30.727116
30.70333
30.702606
30.702545
30.701008
30.700722
30.700697
30.700619
30.700382
30.69216
30.689024
30.688265
30.68729
30.687094
30.649282
30.64924
30.631569
30.616686
30.615858
30.61553
30.615505
30.61499
30.614319
30.614038
30.61366
30.595264
30.594685
30.594667
30.591816
30.591787
30.591267
30.588846
30.588514
30.588457
30.588377
30.58758
30.587324
30.587133
30.58608
30.584866
30.584225
30.584167
30.583807
30.571924
30.559204
30.559109
30.558834
30.558382
30.55479
30.553915
30.553766
30.55317
30.55158
30.550755
30.550264
30.550009
30.549904
30.549862
30.54984
30.549662
30.549469
30.549442
30.549238
30.548986
30.548798
30.548655
30.548525
30.548063
30.54801
30.547617
30.547192
30.546932
30.54684
30.54653
30.546295
30.54601
30.545845
30.545788
30.545618
30.54523
30.545137
30.545126
30.54501
30.544872
30.544674
30.54466
30.544617
30.54456
30.544344
30.544104
30.543585
30.543554
30.543535
30.543522
30.543385
30.542067
30.542034
30.541677
30.541636
30.54162
30.54111
30.540749
30.539465
30.539335
30.536734
30.53648
30.535984
30.53554
30.535238
30.532442
30.532413
30.53238
30.532278
30.531502
30.530975
30.530884
30.530437
30.529623
30.52913
30.528748
30.528507
30.527607
30.52723
30.526716
30.5223
30.52225
30.521757
30.518364
30.518286
30.51817
30.518055
30.517782
30.516066
30.516
30.515472
30.515364
30.510956
30.510794
30.51034
30.50997
30.504395
30.5043
30.50422
30.502314
30.501427
30.501362
30.5011
30.500896
30.50054
30.499168
30.49908
30.498934
30.498896
30.495445
30.495066
30.49476
30.493906
30.493618
30.493422
30.491577
30.491322
30.491087
30.490948
30.490631
30.490486
30.490396
30.490368
30.490192
30.490084
30.48968
30.489174
30.489105
30.488716
30.488678
30.488268
30.488058
30.484127
30.467228
30.467188
30.466948
30.466452
30.466442
30.466314
30.466269
30.46624
30.46615
30.466076
30.465961
30.465345
30.465334
30.464474
30.46442
30.464243
30.46424
30.464193
30.464176
30.462698
30.462439
30.46206
30.46206
30.462057
30.462023
30.461586
30.461338
30.461296
30.461222
30.46118
30.461107
30.460968
30.46039
30.458597
30.458454
30.458408
30.45836
30.458338
30.458292
30.45816
30.45796
30.45795
30.457743
30.457695
30.45746
30.457338
30.45713
30.456974
30.456745
30.456743
30.45674
30.456701
30.456676
30.455278
30.455046
30.439913
30.439518
30.439144
30.439095
30.438847
30.435938
30.43337
30.433332
30.433268
30.432812
30.430319
30.430254
30.430183
30.430147
30.430147
30.430143
30.43014
30.4293
30.4293
30.42828
30.427063
30.427002
30.426897
30.426794
30.426208
30.425817
30.425596
30.42549
30.42521
30.424335
30.424229
30.42352
30.42348
30.423265
30.423052
30.422789
30.422731
30.421251
30.421217
30.420689
30.420015
30.419012
30.418907
30.417973
30.417429
30.417274
30.417213
30.417135
30.41635
30.415956
30.414776
30.412464
30.4122
30.411875
30.411856
30.411802
30.411188
30.410896
30.410114
30.410017
30.409773
30.40969
30.409573
30.40952
30.40949
30.409393
30.40938
30.407415
30.406807
30.405844
30.40578
30.40563
30.40556
30.404816
30.404528
30.404448
30.404396
30.404364
30.404087
30.404055
30.404018
30.403957
30.403849
30.402313
30.401888
30.401728
30.400818
30.400806
30.400501
30.400496
30.400042
30.39981
30.399807
30.39974
30.399715
30.399662
30.39965
30.399593
30.399292
30.399202
30.399164
30.399141
30.398914
30.398813
30.398537
30.398226
30.397211
30.396748
30.396736
30.396645
30.396599
30.396515
30.395933
30.395903
30.395351
30.395266
30.391914
30.391727
30.391481
30.3912
30.39106
30.390543
30.390474
30.390455
30.389122
30.389067
30.38897
30.38873
30.388117
30.387249
30.387081
30.386333
30.386103
30.38572
30.385618
30.385252
30.385149
30.385098
30.384724
30.384157
30.383308
30.381744
30.379662
30.379656
30.379515
30.377201
30.37717
30.376997
30.376352
30.376339
30.374462
30.374275
30.373817
30.373817
30.371855
30.370443
30.370434
30.37042
30.369967
30.369757
30.36965
30.369648
30.369312
30.368834
30.368002
30.367748
30.366816
30.366722
30.366713
30.366194
30.364254
30.3642
30.364086
30.363943
30.363703
30.363598
30.36331
30.362156
30.361637
30.361044
30.360962
30.359467
30.358164
30.35816
30.35622
30.355478
30.354605
30.354067
30.3539
30.353497
30.352797
30.352444
30.352196
30.351154
30.349417
30.348356
30.3481
30.347857
30.347857
30.34784
30.347836
30.347565
30.347055
30.345575
30.344627
30.343706
30.342867
30.341793
30.34145
30.340944
30.340769
30.34066
30.340204
30.339817
30.339788
30.33617
30.335629
30.335625
30.332136
30.331173
30.330656
30.33055
30.330505
30.330286
30.32987
30.329792
30.329756
30.329737
30.329676
30.32937
30.329329
30.32883
30.328554
30.328194
30.327503
30.327353
30.327234
30.327145
30.327024
30.32691
30.32684
30.326765
30.326727
30.32611
30.325878
30.325834
30.325823
30.325802
30.325739
30.324492
30.323627
30.323427
30.323378
30.323357
30.323326
30.323154
30.323147
30.317297
30.31721
30.317175
30.316523
30.316494
30.316349
30.316343
30.316332
30.316236
30.316227
30.316221
30.316174
30.31615
30.315739
30.31571
30.315634
30.315498
30.315481
30.313229
30.313225
30.313221
30.313215
30.31292
30.312605
30.311134
30.311104
30.310835
30.310795
30.310764
30.310642
30.310617
30.310577
30.310524
30.310171
30.310158
30.310106
30.309626
30.309416
30.309345
30.309336
30.309261
30.30546
30.30546
30.301277
30.30125
30.301012
30.29821
30.298119
30.29757
30.297434
30.297417
30.297358
30.297058
30.296791
30.296782
30.296637
30.296541
30.296513
30.296392
30.29618
30.296162
30.29615
30.296045
30.296043
30.295992
30.295961
30.295933
30.295841
30.295794
30.295689
30.29565
30.295626
30.29562
30.295593
30.295572
30.295504
30.295467
30.295246
30.29521
30.295195
30.295158
30.295116
30.295109
30.295109
30.294811
30.294592
30.294592
30.294455
30.294441
30.294441
30.29432
30.293911
30.293879
30.293814
30.29374
30.293596
30.293505
30.293499
30.293312
30.291945
30.290186
30.283613
30.28341
30.283403
30.282806
30.282497
30.280767
30.280546
30.27771
30.275896
30.275473
30.27542
30.27455
30.274326
30.273792
30.273645
30.2735
30.273369
30.27326
30.273205
30.273064
30.272587
30.272303
30.272081
30.271257
30.271105
30.270327
30.270098
30.26931
30.268703
30.26837
30.268225
30.267933
30.267866
30.267517
30.267025
30.266321
30.264942
30.264824
30.264748
30.2647
30.262028
30.26189
30.26185
30.261679
30.261633
30.261358
30.261105
30.261078
30.260593
30.249043
30.209951
30.209454
30.20936
30.209084
30.208721
30.208698
30.20853
30.206882
30.206758
30.206646
30.206625
30.206594
30.206545
30.206512
30.2065
30.20626
30.206205
30.205662
30.205505
30.205473
30.203459
30.203394
30.203325
30.203308
30.203297
30.203272
30.202364
30.202152
30.20133
30.198414
30.197485
30.197481
30.195478
30.194067
30.194052
30.193966
30.193766
30.193766
30.192257
30.192234
30.190617
30.190577
30.190552
30.190508
30.190138
30.18917
30.18916
30.188747
30.188402
30.188368
30.188364
30.188276
30.188257
30.187292
30.187136
30.18698
30.18691
30.186827
30.18682
30.186726
30.186693
30.186623
30.186512
30.186274
30.186237
30.18581
30.185665
30.18562
30.185604
30.18546
30.185404
30.18507
30.184881
30.17323
30.173002
30.172976
30.172173
30.17203
30.172024
30.172016
30.172003
30.165094
30.163532
30.16336
30.162426
30.162022
30.162012
30.161987
30.161955
30.161476
30.161398
30.161377
30.161297
30.160946
30.160881
30.16047
30.160397
30.160288
30.160131
30.154013
30.153902
30.152788
30.152721
30.143028
30.136496
30.11704
30.117002
30.116985
30.11698
30.116707
30.106535
30.106405
30.106388
30.106388
30.106203
30.105566
30.105541
30.105259
30.104156
30.103758
30.101858
30.10098
30.100336
30.08917
30.022558
30.022106
30.022095
30.022087
30.02166
30.021467
30.020895
30.02012
30.019999
30.01999
30.01998
30.018942
30.01868
30.015682
30.015137
30.01425
30.014124
30.01405
30.012886
30.012749
30.01272
29.988476
29.988317
29.98785
29.985502
29.985455
29.985014
29.984404
29.984072
29.983372
29.983147
29.982586
29.982447
29.98236
29.981567
29.981478
29.981304
29.981092
29.980928
29.980757
29.980696
29.974718
29.974329
29.973936
29.973776
29.973146
29.972986
29.969593
29.966784
29.966007
29.96584
29.963192
29.963129
29.963095
29.962826
29.96281
29.9623
29.961876
29.95788
29.957026
29.956522
29.955507
29.955416
29.95541
29.953775
29.95356
29.953001
29.952637
29.952589
29.952555
29.952452
29.942915
29.942913
29.942219
29.942135
29.941828
29.941677
29.941618
29.94161
29.941545
29.941298
29.941198
29.94119
29.941072
29.941
29.940947
29.940926
29.940914
29.940907
29.940897
29.940893
29.940882
29.940763
29.940714
29.93368
29.933659
29.933643
29.904448
29.873327
29.87328
29.873259
29.873234
29.873213
29.873173
29.873087
29.872192
29.859583
29.858948
29.858236
29.857632
29.856853
29.856823
29.856684
29.856394
29.856222
29.79601
29.79564
29.783266
29.783184
29.783154
29.783047
29.78301
29.783007
29.78294
29.782904
29.78264
29.782614
29.782595
29.782581
29.782572
29.782564
29.782537
29.782526
29.779675
29.779667
29.779621
29.671783
29.604866
29.604864
29.604797
29.604774
29.604746
29.596088
29.596048
29.596025
29.581177
29.581007
29.581001
29.580841
29.580454
29.579916
29.579441
29.579283
29.577028
29.577002
29.564064
29.563873
29.563835
29.563776
29.56348
29.561472
29.5614
29.561344
29.561287
29.561272
29.559916
29.559778
29.498528
29.498518
29.483305
29.483244
29.460438
29.460407
29.460388
29.46034
29.459312
29.459284
29.45926
29.457651
29.457571
29.457085
29.456049
29.45601
29.455929
29.455677
29.453238
29.449154
29.44721
29.367992
29.367628
29.36695
29.346693
29.345985
29.345816
29.345472
29.344887
29.344585
29.344555
29.3445
29.344063
29.337244
29.336926
29.33681
29.33667
29.333265
29.332924
29.332823
29.32914
29.32902
29.328987
29.243042
29.242992
29.242895
29.242826
29.242664
29.207182
29.20714
29.207127
29.207104
29.207098
29.206938
29.20687
29.206776
29.188665
29.188202
29.187897
29.187824
29.187387
29.187157
29.186985
29.186834
28.969435
28.969397
28.969196
28.967602
28.967592
28.96754
28.905144
28.903166
28.900341
28.89919
28.898846
28.898838
28.898542
28.89839
28.896759
28.8967
28.884287
28.88421
28.884197
28.884186
28.869053
28.868975
28.857832
28.791782
28.791473
28.783766
28.78376
28.762533
28.762516
28.739119
28.738953
28.73791
28.73766
28.737558
28.737558
28.737444
28.73734
28.73725
28.73724
28.702007
28.701548
28.68252
28.682518
28.6817
28.681484
28.670477
28.657068
28.65427
28.6541
28.653841
28.649683
28.642815
28.64243
28.642311
28.64229
28.641693
28.641397
28.639027
28.602201
28.6022
28.60217
28.60213
28.600332
28.600195
28.599241
28.599213
28.597202
28.596746
28.595648
28.593225
28.593147
28.592712
28.592073
28.592062
28.591797
28.591736
28.591696
28.591442
28.590982
28.59051
28.589754
28.588789
28.588545
28.588007
28.587698
28.58749
28.587414
28.587322
28.587263
28.587147
28.587128
28.586393
28.586107
28.586084
28.585796
28.585787
28.584742
28.584723
28.584646
28.584373
28.583883
28.583797
28.583479
28.583012
28.582773
28.582714
28.582684
28.582645
28.582573
28.582499
28.582453
28.582447
28.582415
28.582365
28.582357
28.582354
28.582136
28.582096
28.582073
28.58203
28.581993
28.581797
28.58179
28.581789
28.581684
28.58167
28.581133
28.580336
28.580223
28.579847
28.579798
28.579212
28.579151
28.576723
28.576593
28.575249
28.573511
28.573437
28.573236
28.573158
28.572723
28.572706
28.57267
28.572655
28.571875
28.571363
28.57126
28.571241
28.571075
28.570953
28.5706
28.570585
28.570581
28.569624
28.569405
28.568365
28.568007
28.567846
28.5678
28.552773
28.55276
28.552706
28.552704
28.552675
28.552652
28.552612
28.552568
28.552559
28.552423
28.552422
28.552223
28.55211
28.5521
28.551939
28.551897
28.551243
28.551216
28.521704
28.521608
28.521566
28.521305
28.521294
28.521217
28.520823
28.520754
28.520683
28.520617
28.520504
28.520472
28.520472
28.52039
28.520313
28.519873
28.51938
28.50756
28.507444
28.507376
28.507164
28.50709
28.507017
28.50697
28.506931
28.503696
28.490347
28.490345
28.480688
28.48067
28.480639
28.45045
28.449453
28.448755
28.44853
28.448187
28.437239
28.437199
28.436308
28.435184
28.4351
28.435083
28.435057
28.43499
28.434923
28.434923
28.434906
28.434858
28.434654
28.434633
28.434633
28.434622
28.434595
28.434528
28.434404
28.434227
28.434162
28.43412
28.4341
28.433897
28.43389
28.433878
28.433842
28.433825
28.433481
28.433474
28.43318
28.432644
28.432104
28.431927
28.431736
28.431723
28.431631
28.431488
28.431423
28.431316
28.43121
28.431156
28.427488
28.42623
28.42605
28.425043
28.42498
28.42493
28.424904
28.424887
28.423983
28.422037
28.421473
28.421349
28.420794
28.420757
28.420755
28.420542
28.420437
28.420378
28.420374
28.420216
28.420174
28.4199
28.418085
28.417734
28.417429
28.416933
28.41631
28.415775
28.415745
28.394997
28.39498
28.394968
28.394964
28.39487
28.3948
28.394783
28.394676
28.394497
28.394285
28.394222
28.394222
28.394217
28.394154
28.394127
28.394112
28.393885
28.393867
28.393839
28.393717
28.393703
28.393608
28.393555
28.393312
28.393284
28.392923
28.392916
28.386395
28.386305
28.386274
28.38597
28.385813
28.377075
28.377068
28.377018
28.376995
28.376965
28.372688
28.372398
28.372314
28.372257
28.37224
28.372013
28.371931
28.371851
28.371794
28.371777
28.371723
28.37131
28.371208
28.371147
28.371145
28.371134
28.370886
28.370867
28.37084
28.370817
28.37081
28.370667
28.370638
28.370564
28.370514
28.370422
28.370283
28.370266
28.370216
28.370203
28.370169
28.37013
28.370115
28.370106
28.370094
28.370087
28.370085
28.370083
28.370073
28.370062
28.370049
28.370033
28.370024
28.370018
28.369894
28.369873
28.369802
28.369799
28.369791
28.36969
28.36969
28.369665
28.369652
28.369495
28.369493
28.369463
28.369463
28.369442
28.369385
28.369345
28.369244
28.369179
28.369148
28.368979
28.36896
28.368841
28.36875
28.36869
28.368599
28.368587
28.368475
28.36844
28.368433
28.368336
28.368322
28.368248
28.368168
28.368114
28.368046
28.36801
28.36797
28.367949
28.367928
28.367842
28.367832
28.367756
28.367702
28.367693
28.367678
28.36767
28.367666
28.367613
28.367537
28.367159
28.367155
28.367144
28.367123
28.367115
28.36698
28.366964
28.366936
28.366879
28.366879
28.366821
28.366817
28.366735
28.36665
28.36665
28.366405
28.366365
28.366346
28.366343
28.366293
28.36627
28.36627
28.366268
28.366041
28.365938
28.365824
28.365812
28.365763
28.365763
28.365656
28.365583
28.36556
28.365503
28.365385
28.365313
28.365265
28.365198
28.365143
28.3651
28.365084
28.364767
28.364637
28.364592
28.364588
28.364552
28.364471
28.364435
28.364388
28.36435
28.364227
28.36421
28.364069
28.364052
28.364052
28.364052
28.36404
28.363945
28.363913
28.363869
28.363869
28.363855
28.3638
28.363739
28.363712
28.363697
28.363695
28.363695
28.36369
28.363672
28.363625
28.363592
28.363554
28.363527
28.363522
28.363482
28.36344
28.363379
28.363249
28.363247
28.363232
28.363228
28.36313
28.363031
28.36302
28.36302
28.363003
28.363
28.362646
28.362646
28.362646
28.362633
28.36258
28.36257
28.362011
28.362011
28.361788
28.360785
28.36038
28.359861
28.359793
28.359793
28.35977
28.35974
28.359715
28.359568
28.359362
28.35934
28.359339
28.358511
28.358265
28.358122
28.358095
28.357822
28.357807
28.357635
28.357632
28.357592
28.357563
28.357542
28.35673
28.35657
28.356203
28.356152
28.35612
28.356077
28.356066
28.355898
28.355816
28.355755
28.355745
28.355743
28.355696
28.355383
28.355076
28.3539
28.353071
28.352932
28.35291
28.352684
28.352636
28.352201
28.3522
28.352064
28.35135
28.351337
28.348059
28.347542
28.347328
28.347202
28.347202
28.346436
28.346127
28.345272
28.345272
28.345161
28.345135
28.345093
28.345009
28.34429
28.344173
28.34409
28.343836
28.341558
28.340034
28.339935
28.339165
28.338919
28.338905
28.338799
28.338728
28.338192
28.337864
28.33747
28.337454
28.33743
28.33731
28.337257
28.33718
28.336767
28.336767
28.336702
28.336267
28.336245
28.33623
28.336142
28.33549
28.335047
28.334831
28.334646
28.334503
28.33428
28.33413
28.333252
28.333216
28.333094
28.332886
28.332361
28.33236
28.331501
28.33136
28.330751
28.330553
28.329905
28.329277
28.327385
28.32733
28.32702
28.32654
28.32644
28.326172
28.326097
28.326046
28.325954
28.325285
28.317934
28.31767
28.31762
28.31729
28.317074
28.316996
28.316885
28.316479
28.315466
28.31525
28.315203
28.315165
28.314518
28.314302
28.314096
28.313353
28.313288
28.31321
28.312922
28.311365
28.31126
28.311129
28.311068
28.310987
28.310602
28.309566
28.309122
28.308434
28.308018
28.307966
28.307959
28.30783
28.30737
28.30717
28.306667
28.306223
28.30614
28.305885
28.30572
28.304998
28.304878
28.304632
28.30459
28.304548
28.304464
28.304293
28.304234
28.304178
28.30414
28.304106
28.304058
28.303968
28.303774
28.303734
28.303629
28.303442
28.303345
28.303291
28.303263
28.303144
28.30314
28.302893
28.302748
28.302711
28.30267
28.302576
28.302547
28.302532
28.30184
28.301727
28.301655
28.30161
28.30151
28.300972
28.30093
28.300903
28.300808
28.30069
28.300596
28.3002
28.29993
28.299923
28.299904
28.299896
28.299894
28.299875
28.299864
28.29984
28.299795
28.299562
28.299528
28.299503
28.299221
28.29915
28.2991
28.298958
28.298758
28.297747
28.297693
28.29768
28.29724
28.296719
28.2967
28.296688
28.296665
28.296638
28.296635
28.296572
28.29644
28.29644
28.29643
28.296421
28.296364
28.29614
28.296118
28.295795
28.295668
28.295515
28.295427
28.295317
28.295128
28.294842
28.294703
28.294039
28.293736
28.293715
28.293596
28.293367
28.293173
28.293
28.292908
28.292685
28.292606
28.292276
28.292223
28.29212
28.289913
28.289455
28.289343
28.288652
28.28857
28.288454
28.28799
28.287987
28.287935
28.28788
28.287874
28.287617
28.287611
28.287432
28.287397
28.28737
28.287361
28.287321
28.287046
28.28666
28.286583
28.286562
28.285473
28.285414
28.285398
28.282927
28.282904
28.27636
28.276237
28.276114
28.276102
28.276098
28.275574
28.27554
28.275448
28.275415
28.275356
28.275324
28.275229
28.275034
28.275013
28.275013
28.275013
28.274994
28.274942
28.27477
28.274393
28.274323
28.274311
28.274248
28.273914
28.273891
28.27352
28.273396
28.273384
28.273378
28.27285
28.272844
28.27284
28.272839
28.272825
28.272821
28.272617
28.272533
28.272373
28.27222
28.27209
28.27209
28.27209
28.271902
28.271685
28.271603
28.271463
28.27135
28.271334
28.271248
28.27124
28.270754
28.270754
28.269745
28.269733
28.269716
28.26968
28.269646
28.269592
28.269346
28.269266
28.269136
28.269104
28.269104
28.26907
28.268932
28.26816
28.267975
28.267967
28.267952
28.267857
28.267855
28.26785
28.267845
28.26784
28.267836
28.26777
28.267729
28.267689
28.267689
28.267687
28.267637
28.267612
28.267357
28.267353
28.26726
28.266949
28.266893
28.266836
28.266804
28.266762
28.26673
28.266705
28.266685
28.266579
28.266563
28.266546
28.266134
28.265814
28.265703
28.265697
28.265686
28.265675
28.265615
28.265606
28.265574
28.265566
28.265512
28.265425
28.264809
28.263912
28.263897
28.263176
28.263014
28.26301
28.262377
28.26234
28.262318
28.2623
28.261606
28.261166
28.261053
28.260998
28.260977
28.26093
28.26055
28.260542
28.260386
28.260368
28.260338
28.260326
28.260302
28.260277
28.260265
28.26026
28.260115
28.259836
28.259546
28.258839
28.258837
28.258665
28.257256
28.25721
28.25715
28.254618
28.254574
28.254452
28.254435
28.254417
28.253843
28.253763
28.252928
28.25284
28.252789
28.252392
28.252361
28.2512
28.25119
28.251127
28.250877
28.250051
28.250025
28.250008
28.249962
28.249928
28.249714
28.249699
28.249681
28.249575
28.249563
28.249544
28.249498
28.24947
28.249445
28.24938
28.249304
28.249254
28.249205
28.249086
28.248827
28.248814
28.24874
28.248625
28.248549
28.248436
28.248417
28.248402
28.248396
28.24839
28.248379
28.24826
28.248226
28.24817
28.248167
28.248137
28.248121
28.24812
28.24806
28.247984
28.247938
28.247883
28.247856
28.247705
28.247679
28.247375
28.245977
28.245575
28.24534
28.245256
28.245245
28.245167
28.245
28.244942
28.244768
28.24417
28.243767
28.2436
28.243517
28.243324
28.2433
28.243263
28.243116
28.243017
28.242834
28.242811
28.24279
28.242668
28.242624
28.24259
28.242544
28.242529
28.242464
28.24245
28.242321
28.242302
28.242289
28.242258
28.242258
28.242247
28.24224
28.242239
28.24177
28.241749
28.241709
28.241707
28.241707
28.24139
28.241236
28.241232
28.24123
28.24123
28.241188
28.241167
28.241146
28.241138
28.241114
28.241102
28.241098
28.24109
28.241077
28.241072
28.24107
28.240685
28.240683
28.240337
28.2403
28.239855
28.239855
28.23985
28.23985
28.239847
28.239729
28.239017
28.237999
28.237741
28.237734
28.237677
28.237501
28.237497
28.23746
28.237144
28.237085
28.236979
28.236963
28.23696
28.236769
28.236555
28.235836
28.235117
28.234825
28.234814
28.234774
28.234676
28.233015
28.23089
28.230345
28.230282
28.23012
28.230112
28.230062
28.230013
28.229282
28.229004
28.228922
28.228756
28.228712
28.228302
28.227953
28.2275
28.227251
28.227032
28.226873
28.226833
28.226704
28.226685
28.226677
28.226648
28.226618
28.226562
28.226532
28.226519
28.226503
28.224619
28.223772
28.223766
28.223742
28.223549
28.22354
28.223524
28.223412
28.223381
28.223242
28.223234
28.223228
28.223156
28.223146
28.223143
28.223124
28.223064
28.222837
28.222826
28.222752
28.222748
28.222738
28.222654
28.222616
28.222544
28.222443
28.222425
28.222317
28.222197
28.222132
28.222132
28.222124
28.222113
28.222029
28.22202
28.221754
28.221733
28.221554
28.221384
28.221203
28.221151
28.221022
28.22088
28.220852
28.220848
28.220812
28.220808
28.220806
28.220806
28.220558
28.220356
28.220304
28.22029
28.22008
28.219944
28.219921
28.219568
28.219545
28.219494
28.219282
28.21926
28.219002
28.21898
28.218946
28.218895
28.218863
28.218546
28.218496
28.218288
28.218262
28.218113
28.218071
28.21803
28.217985
28.217974
28.217953
28.21793
28.217915
28.217894
28.217848
28.217747
28.217743
28.217718
28.217695
28.217651
28.217619
28.21743
28.216496
28.216316
28.21617
28.216127
28.216015
28.215736
28.215696
28.215673
28.215624
28.215502
28.215458
28.215372
28.215282
28.215193
28.215094
28.214659
28.21459
28.214504
28.214458
28.213358
28.213335
28.212896
28.21285
28.212812
28.21279
28.212765
28.212757
28.212612
28.212402
28.211857
28.211662
28.211653
28.211649
28.211645
28.21159
28.2114
28.211279
28.211266
28.21124
28.211195
28.21101
28.210918
28.210884
28.210463
28.20919
28.20865
28.20849
28.208422
28.208254
28.208038
28.203573
28.193897
28.193754
28.193739
28.179972
28.177847
28.177822
28.1778
28.175627
28.175606
28.175392
28.172583
28.172485
28.17248
28.172413
28.159563
28.159546
28.15951
28.15941
28.159267
28.158993
28.158989
28.158976
28.158915
28.158878
28.158842
28.158335
28.158144
28.158112
28.157986
28.157692
28.157501
28.157413
28.15738
28.157087
28.156971
28.156725
28.156649
28.156593
28.156576
28.156048
28.154976
28.154728
28.154287
28.154078
28.153927
28.153637
28.153603
28.153568
28.153568
28.153223
28.15322
28.153048
28.152514
28.152498
28.152477
28.15223
28.1502
28.14489
28.144857
28.144836
28.144323
28.144115
28.144068
28.144043
28.144007
28.14398
28.143955
28.143854
28.143608
28.143578
28.143492
28.143282
28.143232
28.143042
28.143015
28.14295
28.14289
28.142796
28.142778
28.142689
28.1425
28.14213
28.142124
28.142008
28.141893
28.14187
28.14185
28.141205
28.13988
28.138546
28.138279
28.138197
28.138144
28.137785
28.137463
28.136852
28.136463
28.136057
28.135338
28.135145
28.134718
28.134466
28.134392
28.134287
28.134169
28.134119
28.134085
28.133963
28.133923
28.133644
28.133429
28.133308
28.133265
28.133074
28.132883
28.132877
28.132862
28.132687
28.13259
28.13251
28.132498
28.132484
28.132324
28.132124
28.132029
28.131958
28.131853
28.131794
28.131758
28.131706
28.131678
28.131575
28.131535
28.12565
28.125645
28.125607
28.125582
28.125574
28.125523
28.125385
28.125378
28.125366
28.122358
28.122356
28.122051
28.122023
28.121927
28.121925
28.12192
28.120298
28.118065
28.11803
28.11727
28.11661
28.11626
28.116098
28.116007
28.11599
28.11573
28.115648
28.115503
28.11534
28.115173
28.115135
28.115047
28.114996
28.114954
28.114923
28.114891
28.114807
28.114788
28.114645
28.114538
28.114502
28.114489
28.114475
28.113707
28.113678
28.113596
28.113588
28.113321
28.113312
28.112873
28.112846
28.112732
28.112652
28.112469
28.112068
28.111967
28.111864
28.111397
28.11125
28.11123
28.111153
28.110878
28.11068
28.110538
28.110416
28.110382
28.110216
28.110165
28.109999
28.109592
28.109518
28.108341
28.108288
28.108208
28.10734
28.104683
28.104292
28.104183
28.104065
28.10379
28.103657
28.103542
28.102789
28.102634
28.102507
28.102335
28.102142
28.102085
28.10177
28.10169
28.101654
28.101316
28.101246
28.101202
28.101135
28.10096
28.10086
28.100851
28.100609
28.100603
28.10045
28.100285
28.100107
28.099749
28.099676
28.09956
28.09934
28.099236
28.098906
28.098759
28.098698
28.098576
28.098387
28.097986
28.09783
28.097729
28.097403
28.097202
28.096828
28.09575
28.095665
28.095163
28.094896
28.094723
28.094685
28.094667
28.094606
28.094582
28.094576
28.09436
28.094023
28.094011
28.093956
28.093927
28.093912
28.093895
28.093843
28.093815
28.093807
28.093737
28.093649
28.093632
28.093624
28.093391
28.093311
28.093254
28.093225
28.093224
28.0932
28.093153
28.093037
28.092949
28.092794
28.092731
28.092688
28.092657
28.092583
28.092525
28.092459
28.092407
28.092348
28.092237
28.092144
28.09213
28.092115
28.09211
28.091822
28.091356
28.091223
28.091188
28.091097
28.091043
28.091015
28.091003
28.090982
28.09093
28.090761
28.090742
28.090733
28.090479
28.090359
28.089895
28.089558
28.089539
28.088566
28.088467
28.08845
28.087435
28.087389
28.087318
28.086937
28.086933
28.086826
28.085838
28.085787
28.08554
28.085346
28.085054
28.084846
28.084494
28.084408
28.084185
28.083902
28.083658
28.08356
28.083502
28.083437
28.080872
28.080803
28.08073
28.080719
28.080671
28.080566
28.080534
28.080528
28.080523
28.080437
28.080343
28.080235
28.07947
28.079437
28.078493
28.078217
28.078012
28.077856
28.077522
28.077429
28.077358
28.07712
28.0765
28.076193
28.076054
28.076014
28.07598
28.075968
28.075737
28.075003
28.074785
28.074656
28.074654
28.074139
28.074041
28.07395
28.073767
28.073582
28.073496
28.073442
28.073128
28.073112
28.072441
28.072327
28.072247
28.072199
28.07207
28.07191
28.071722
28.071594
28.071417
28.07112
28.069218
28.06917
28.068403
28.068384
28.068377
28.067196
28.066536
28.066069
28.066027
28.066013
28.066006
28.066
28.065836
28.065613
28.065054
28.06501
28.064974
28.064655
28.06464
28.063921
28.06368
28.06355
28.063549
28.063488
28.063444
28.063425
28.063341
28.063269
28.063223
28.06318
28.063091
28.062628
28.062586
28.062403
28.062382
28.062346
28.061934
28.061821
28.061798
28.061785
28.061605
28.061602
28.061104
28.061087
28.061052
28.060814
28.060589
28.06038
28.06038
28.060041
28.059883
28.059864
28.059753
28.059624
28.059544
28.05938
28.059351
28.059328
28.059307
28.059258
28.05918
28.059141
28.059084
28.059055
28.058996
28.05894
28.058935
28.058928
28.058155
28.058031
28.057903
28.0579
28.057854
28.057741
28.05774
28.057442
28.057367
28.057364
28.057364
28.057352
28.0572
28.057173
28.057165
28.055834
28.055826
28.054728
28.054726
28.054697
28.05304
28.052818
28.052807
28.05251
28.052439
28.052362
28.05233
28.052307
28.052301
28.05176
28.051739
28.051699
28.0516
28.05158
28.051048
28.050222
28.050154
28.050133
28.05012
28.050081
28.050041
28.050037
28.050037
28.04945
28.049292
28.049223
28.048742
28.04853
28.048498
28.048279
28.048164
28.048124
28.048103
28.048092
28.048023
28.048016
28.047983
28.047976
28.047821
28.04781
28.047709
28.047647
28.047583
28.047567
28.047533
28.04743
28.047405
28.047361
28.047356
28.04729
28.047289
28.047285
28.047253
28.046787
28.046618
28.046398
28.046349
28.046328
28.046316
28.046242
28.046232
28.045935
28.045856
28.0458
28.044033
28.04397
28.043968
28.043697
28.043695
28.042757
28.042614
28.04261
28.042244
28.041487
28.04146
28.040903
28.040901
28.040216
28.040213
28.040209
28.040197
28.039734
28.039726
28.039679
28.039633
28.03958
28.039377
28.039356
28.039303
28.03927
28.039259
28.038855
28.038721
28.038107
28.037962
28.037722
28.037546
28.037487
28.037403
28.03736
28.037176
28.037056
28.03687
28.03686
28.036594
28.03633
28.035864
28.035673
28.035593
28.035482
28.035437
28.035435
28.035213
28.035206
28.035084
28.035011
28.03499
28.034945
28.03479
28.03478
28.034765
28.034748
28.03474
28.034636
28.034628
28.034628
28.034403
28.034397
28.034155
28.034153
28.034153
28.034128
28.033989
28.03391
28.03391
28.03391
28.033781
28.033764
28.033764
28.03376
28.033758
28.033754
28.033754
28.033638
28.032948
28.032906
28.032873
28.032856
28.03285
28.032816
28.032812
28.03275
28.032732
28.032682
28.032568
28.032413
28.032259
28.032024
28.031929
28.031868
28.031765
28.031332
28.03122
28.031168
28.031137
28.03112
28.030981
28.030874
28.030851
28.030643
28.030613
28.030582
28.03049
28.030474
28.030432
28.030428
28.030304
28.030296
28.030283
28.03025
28.029995
28.029943
28.029898
28.029882
28.029852
28.029737
28.029716
28.02969
28.029667
28.029661
28.029652
28.029543
28.029541
28.02954
28.029533
28.029484
28.029173
28.029118
28.029036
28.028967
28.02879
28.028755
28.028744
28.028723
28.028704
28.028696
28.028675
28.02867
28.02862
28.028605
28.02859
28.028578
28.028475
28.028463
28.028456
28.028423
28.02839
28.02812
28.028114
28.028109
28.028088
28.028067
28.02784
28.027838
28.027506
28.027502
28.027498
28.027452
28.027447
28.027428
28.026966
28.026909
28.026884
28.02641
28.02641
28.026348
28.026287
28.02628
28.026249
28.026237
28.026222
28.026209
28.026049
28.02602
28.026001
28.025995
28.025597
28.025217
28.025198
28.02506
28.025017
28.025002
28.024939
28.024855
28.024775
28.024742
28.024736
28.02458
28.024572
28.024519
28.023932
28.023924
28.02392
28.023682
28.023672
28.023628
28.023598
28.023586
28.023285
28.02283
28.022749
28.022625
28.02252
28.022362
28.02235
28.022335
28.022333
28.022247
28.022163
28.022114
28.022099
28.022087
28.022026
28.02198
28.021973
28.021948
28.021944
28.021904
28.021326
28.019478
28.019104
28.018482
28.01844
28.018375
28.018368
28.018124
28.018055
28.018036
28.017797
28.017756
28.017714
28.016735
28.016668
28.01665
28.016542
28.016514
28.016502
28.016272
28.016264
28.016142
28.016119
28.016092
28.01608
28.016077
28.01518
28.015154
28.015095
28.01456
28.014536
28.014446
28.014393
28.01389
28.013876
28.013874
28.013807
28.013807
28.012453
28.011501
28.011492
28.011457
28.011257
28.01116
28.010828
28.010735
28.010603
28.010294
28.010128
28.009792
28.009592
28.009443
28.008747
28.00857
28.00816
28.00658
28.006456
28.006006
28.00599
28.005724
28.00541
28.00508
28.00504
28.004974
28.00485
28.004622
28.00458
28.004553
28.004168
28.003822
28.003588
28.0035
28.003208
28.003134
28.00306
28.003002
28.002836
28.002306
28.002277
28.00223
28.002039
28.001932
28.0019
28.001862
28.001537
28.001535
28.001287
28.001286
28.001228
28.00105
28.00097
27.999876
27.999794
27.999353
27.999334
27.999304
27.999262
27.999138
27.999054
27.999022
27.999012
27.998995
27.998974
27.998959
27.998951
27.998945
27.998928
27.998888
27.99887
27.998722
27.998693
27.997913
27.997885
27.997688
27.99735
27.99666
27.99627
27.995802
27.995646
27.995518
27.9943
27.994213
27.994068
27.993689
27.993587
27.993086
27.99285
27.99283
27.992815
27.992527
27.992449
27.99244
27.99243
27.99214
27.991953
27.991856
27.991785
27.99165
27.991497
27.991219
27.991179
27.99106
27.99105
27.991024
27.990633
27.990606
27.990582
27.990566
27.990541
27.99051
27.990486
27.990458
27.990421
27.990255
27.990242
27.990225
27.990194
27.99019
27.990185
27.98988
27.988691
27.988605
27.988573
27.988255
27.988222
27.988043
27.988033
27.987997
27.987946
27.987938
27.98656
27.986444
27.986166
27.985619
27.98561
27.985441
27.985388
27.985312
27.98412
27.98412
27.984089
27.98408
27.984068
27.984047
27.984037
27.98403
27.98402
27.984009
27.983282
27.98327
27.983168
27.983025
27.982903
27.98271
27.982695
27.982567
27.982542
27.982355
27.982334
27.982288
27.982222
27.981995
27.980547
27.980547
27.980469
27.980284
27.9801
27.98003
27.97989
27.979845
27.979797
27.97897
27.978937
27.978333
27.977358
27.977358
27.977352
27.97721
27.977034
27.97686
27.976843
27.976738
27.976599
27.976585
27.976511
27.97648
27.976467
27.975933
27.975912
27.974495
27.974487
27.97448
27.974348
27.974344
27.973995
27.97391
27.97324
27.973236
27.973227
27.973206
27.972961
27.972755
27.972708
27.972687
27.97267
27.97222
27.97217
27.972162
27.97212
27.972057
27.972038
27.972013
27.971899
27.97182
27.97179
27.971752
27.971735
27.971687
27.971659
27.971498
27.971203
27.971037
27.970984
27.970783
27.970625
27.970484
27.970285
27.970259
27.969786
27.969719
27.969608
27.969555
27.969387
27.969337
27.969246
27.969152
27.969055
27.968945
27.968885
27.968815
27.96864
27.968636
27.968422
27.9683
27.96826
27.968187
27.968182
27.967854
27.967852
27.967812
27.967703
27.967682
27.967682
27.9676
27.967333
27.967316
27.967194
27.967184
27.96718
27.967094
27.966421
27.96639
27.966387
27.966269
27.965883
27.96586
27.965782
27.965664
27.965631
27.96552
27.964397
27.963593
27.963583
27.963572
27.963564
27.96306
27.962889
27.962873
27.962835
27.962523
27.961952
27.961937
27.960814
27.960772
27.960398
27.960012
27.959806
27.959743
27.95924
27.959238
27.9587
27.9582
27.95807
27.95807
27.957895
27.957539
27.95713
27.95713
27.957104
27.95655
27.956327
27.956306
27.956251
27.956244
27.956211
27.955929
27.955719
27.955484
27.955303
27.955227
27.954966
27.954762
27.954725
27.95456
27.954449
27.954182
27.954176
27.954075
27.953974
27.953703
27.95364
27.953613
27.95337
27.953125
27.95294
27.952883
27.952625
27.95254
27.952442
27.952442
27.952343
27.95232
27.95209
27.952038
27.952024
27.95202
27.951822
27.951082
27.951078
27.951012
27.95099
27.950888
27.950602
27.950562
27.950544
27.950533
27.95046
27.95032
27.950266
27.95026
27.950247
27.950062
27.949768
27.949762
27.94971
27.949501
27.949389
27.949362
27.949333
27.949202
27.94918
27.94904
27.949022
27.948881
27.948664
27.948586
27.948448
27.948284
27.948225
27.947979
27.947828
27.947813
27.947807
27.947796
27.94759
27.947535
27.94749
27.947477
27.947353
27.94734
27.947285
27.946726
27.946434
27.94634
27.94622
27.946215
27.946184
27.945986
27.945621
27.94549
27.94541
27.944843
27.944736
27.944674
27.944304
27.94403
27.943974
27.94327
27.943268
27.943241
27.943155
27.94289
27.942858
27.942484
27.939566
27.939083
27.939013
27.938513
27.937746
27.937717
27.937685
27.937128
27.936954
27.93692
27.9369
27.936708
27.936623
27.936462
27.936422
27.936384
27.93548
27.935465
27.935272
27.934887
27.93475
27.934687
27.934584
27.934288
27.934164
27.934084
27.93386
27.933277
27.93327
27.932598
27.932585
27.932577
27.932407
27.932379
27.93236
27.93231
27.932138
27.927809
27.927565
27.927553
27.927412
27.92739
27.927385
27.927185
27.927183
27.927145
27.927095
27.926886
27.926882
27.926853
27.925909
27.925865
27.925547
27.92552
27.925516
27.92544
27.925304
27.92517
27.925163
27.925161
27.924894
27.924894
27.924824
27.924818
27.924809
27.9248
27.924662
27.922422
27.922081
27.922052
27.922022
27.921936
27.921886
27.921238
27.921211
27.921146
27.921116
27.921095
27.920874
27.920202
27.920042
27.919981
27.919722
27.919714
27.919567
27.91953
27.919516
27.919415
27.919178
27.919094
27.918903
27.918865
27.91884
27.918703
27.918678
27.918663
27.918589
27.91856
27.918365
27.918346
27.918312
27.91825
27.918144
27.91811
27.9181
27.918
27.91797
27.917942
27.917765
27.917572
27.916973
27.916597
27.916315
27.91601
27.916002
27.91576
27.915657
27.915472
27.915447
27.915266
27.915226
27.915148
27.914894
27.914875
27.91485
27.914734
27.914616
27.914604
27.914452
27.914402
27.914396
27.914392
27.914385
27.914225
27.914211
27.914206
27.914164
27.914152
27.914146
27.91414
27.914137
27.914082
27.912914
27.91284
27.91279
27.912775
27.912773
27.91271
27.912651
27.912054
27.910128
27.909826
27.909658
27.909426
27.909132
27.908976
27.90897
27.908878
27.908754
27.908636
27.908596
27.908573
27.908106
27.907923
27.90789
27.907888
27.907806
27.907806
27.907782
27.907774
27.907663
27.907505
27.907494
27.907011
27.906902
27.906788
27.906412
27.906399
27.906076
27.905737
27.905464
27.905447
27.90527
27.90527
27.905207
27.90489
27.904654
27.904518
27.904188
27.904066
27.903862
27.903328
27.90318
27.903114
27.903053
27.903048
27.902912
27.902876
27.902843
27.902737
27.902266
27.90221
27.902119
27.901999
27.901888
27.901417
27.901392
27.901306
27.901031
27.90072
27.900585
27.900259
27.899696
27.898834
27.898705
27.89856
27.898296
27.898258
27.898245
27.898035
27.897741
27.897272
27.896671
27.89638
27.896156
27.896046
27.89597
27.895758
27.895687
27.89547
27.895388
27.895191
27.894976
27.894886
27.894829
27.894701
27.894594
27.894484
27.89441
27.894352
27.894201
27.89414
27.894094
27.893948
27.893871
27.893774
27.893742
27.893633
27.89361
27.893517
27.89348
27.89347
27.89321
27.892609
27.892586
27.892452
27.88966
27.889645
27.88964
27.888512
27.888468
27.888378
27.888315
27.88828
27.88799
27.886965
27.886806
27.886301
27.885782
27.883574
27.882757
27.88262
27.882528
27.882437
27.882393
27.880287
27.879465
27.87943
27.879412
27.879364
27.879337
27.878765
27.878752
27.878735
27.878645
27.878635
27.87857
27.878498
27.878313
27.877924
27.877756
27.8757
27.875416
27.875254
27.870659
27.870562
27.87028
27.87025
27.870235
27.870176
27.870026
27.869865
27.869486
27.869448
27.869429
27.869398
27.868645
27.868635
27.86863
27.868622
27.868616
27.868608
27.868486
27.868206
27.868185
27.867481
27.867336
27.867287
27.867184
27.867147
27.865114
27.864887
27.864882
27.864807
27.864754
27.864613
27.864574
27.864573
27.86382
27.863817
27.863684
27.863676
27.863613
27.863592
27.863556
27.863398
27.86315
27.862766
27.862299
27.862225
27.862185
27.862135
27.861876
27.861864
27.861586
27.861286
27.861166
27.86092
27.86082
27.860088
27.859674
27.859022
27.858877
27.858723
27.858673
27.858614
27.858438
27.858253
27.858038
27.857906
27.85774
27.857647
27.857637
27.857439
27.857271
27.856802
27.85674
27.856647
27.85663
27.856554
27.856325
27.85596
27.855955
27.855938
27.855873
27.85586
27.855158
27.85509
27.854921
27.854706
27.854366
27.854261
27.854076
27.854073
27.854067
27.853981
27.853872
27.85355
27.853489
27.853342
27.853294
27.852959
27.852892
27.851912
27.851831
27.851784
27.851574
27.851446
27.851328
27.851295
27.850962
27.850822
27.85017
27.85016
27.850136
27.849886
27.849745
27.849396
27.849218
27.849194
27.848944
27.84889
27.84888
27.84882
27.848713
27.848595
27.848572
27.848562
27.848501
27.848478
27.848444
27.847626
27.84762
27.847614
27.847599
27.847599
27.847576
27.84757
27.846062
27.846003
27.845978
27.845753
27.845638
27.845615
27.84552
27.845324
27.845184
27.8449
27.844769
27.84454
27.844505
27.844494
27.844324
27.841879
27.841864
27.841785
27.841742
27.84173
27.841724
27.841719
27.841694
27.841682
27.841677
27.841032
27.841024
27.841022
27.840933
27.840715
27.840704
27.8407
27.840603
27.840414
27.840395
27.84038
27.840366
27.840136
27.840117
27.840107
27.840088
27.840075
27.839956
27.839893
27.839886
27.839825
27.83981
27.839796
27.839508
27.839252
27.83913
27.839064
27.839052
27.839048
27.837934
27.837933
27.837833
27.837767
27.83768
27.83737
27.837343
27.836926
27.836735
27.836664
27.836384
27.836315
27.8362
27.836159
27.836111
27.835833
27.835802
27.835752
27.83573
27.835358
27.835243
27.835226
27.834852
27.834812
27.834778
27.834766
27.834658
27.834625
27.834114
27.833885
27.833872
27.83383
27.833748
27.833563
27.833427
27.8333
27.833233
27.833153
27.833067
27.833012
27.83296
27.832865
27.832813
27.832792
27.83276
27.832747
27.832705
27.832682
27.83267
27.832594
27.832586
27.83251
27.832497
27.832495
27.832462
27.832428
27.832424
27.832348
27.832237
27.832035
27.831995
27.831995
27.831991
27.831991
27.831974
27.831944
27.831915
27.831905
27.831749
27.831343
27.831306
27.831285
27.831163
27.831142
27.830961
27.830746
27.830713
27.830637
27.830576
27.830553
27.830538
27.83053
27.830517
27.830517
27.830341
27.830322
27.83032
27.829226
27.829197
27.82916
27.828398
27.82836
27.82828
27.828217
27.828197
27.828146
27.828138
27.828127
27.8281
27.82806
27.828001
27.827879
27.8278
27.827581
27.827354
27.827297
27.827152
27.827091
27.82709
27.827084
27.8268
27.826738
27.826683
27.826672
27.826668
27.826666
27.826656
27.826653
27.826561
27.826483
27.826458
27.826458
27.826403
27.826332
27.826292
27.826221
27.826185
27.82592
27.82591
27.82581
27.8258
27.825684
27.825254
27.82516
27.825142
27.825134
27.825018
27.824831
27.824816
27.824804
27.824345
27.824293
27.824123
27.82409
27.823687
27.823687
27.823675
27.823595
27.823557
27.823513
27.82351
27.823483
27.823454
27.823399
27.823372
27.823315
27.823284
27.823248
27.823202
27.823156
27.823067
27.823015
27.822994
27.822989
27.822975
27.822908
27.822874
27.822853
27.82284
27.822836
27.822796
27.822542
27.822536
27.822523
27.822521
27.822386
27.822365
27.822365
27.822365
27.822363
27.82236
27.822353
27.822351
27.82235
27.82235
27.822338
27.822308
27.822111
27.822105
27.822075
27.822073
27.822073
27.822073
27.822073
27.822035
27.821941
27.821749
27.821749
27.82172
27.821676
27.821674
27.82163
27.8216
27.821598
27.82157
27.821482
27.82148
27.82148
27.82144
27.821424
27.82142
27.821346
27.821346
27.821264
27.821264
27.821093
27.821054
27.821043
27.82088
27.82088
27.820879
27.82083
27.820797
27.82078
27.820776
27.820736
27.820627
27.820616
27.820177
27.82017
27.820166
27.820166
27.820154
27.820147
27.820131
27.820097
27.820076
27.819937
27.819916
27.819906
27.819822
27.819613
27.819605
27.819485
27.819124
27.819027
27.819004
27.818972
27.818884
27.818853
27.818716
27.818575
27.818361
27.818312
27.81801
27.817665
27.81765
27.817646
27.817598
27.817596
27.817436
27.8174
27.817389
27.817377
27.817318
27.817268
27.817242
27.81721
27.817198
27.81719
27.817081
27.816938
27.816935
27.816877
27.816816
27.816776
27.816767
27.81675
27.81667
27.816626
27.8166
27.816597
27.816595
27.816587
27.816582
27.816343
27.816341
27.816214
27.81621
27.816193
27.81619
27.816172
27.816172
27.816097
27.816097
27.815765
27.815765
27.815756
27.815756
27.815748
27.815748
27.815008
27.815008
27.815008
27.815006
27.815006
27.815006
27.814411
27.81441
27.81441
27.814405
27.814405
27.814396
27.814386
27.814386
27.814363
27.814308
27.8143
27.81402
27.814003
27.813913
27.813831
27.813793
27.813725
27.813725
27.81361
27.813606
27.813597
27.811832
27.811832
27.81183
27.81183
27.811726
27.811611
27.811502
27.811502
27.81147
27.811405
27.811405
27.811132
27.811123
27.811121
27.810957
27.810955
27.81089
27.81089
27.81089
27.810873
27.810862
27.810856
27.810835
27.810814
27.81069
27.81063
27.810553
27.810493
27.810425
27.810326
27.810314
27.810314
27.810312
27.809904
27.809896
27.809896
27.809896
27.809893
27.809868
27.809866
27.809843
27.809835
27.80975
27.809643
27.809605
27.809582
27.809504
27.80948
27.809443
27.809359
27.809359
27.809332
27.809301
27.809294
27.809284
27.809273
27.809029
27.808054
27.808048
27.807936
27.807316
27.807238
27.80723
27.80702
27.80697
27.806925
27.806864
27.806833
27.806658
27.806648
27.806559
27.80636
27.806263
27.806248
27.806097
27.805916
27.805891
27.805891
27.805761
27.805693
27.805578
27.805437
27.805347
27.805317
27.80526
27.80508
27.805035
27.804964
27.804808
27.804655
27.804646
27.804632
27.804592
27.804579
27.804565
27.80425
27.804087
27.803802
27.803782
27.803774
27.80375
27.803623
27.803434
27.803427
27.803415
27.803408
27.80334
27.803318
27.803288
27.8032
27.803192
27.803185
27.80317
27.802834
27.802643
27.802595
27.802586
27.80238
27.80218
27.802114
27.802069
27.801943
27.80179
27.801704
27.801702
27.80117
27.801014
27.800991
27.80085
27.800745
27.800716
27.798992
27.798855
27.798595
27.798092
27.797865
27.79709
27.79705
27.796568
27.794786
27.793669
27.79291
27.792137
27.791767
27.791096
27.790699
27.790457
27.79038
27.789677
27.789585
27.789515
27.789488
27.789478
27.789461
27.788902
27.788774
27.788607
27.788542
27.788494
27.788443
27.788355
27.788334
27.788136
27.788122
27.787045
27.78703
27.787004
27.786987
27.786966
27.786243
27.786163
27.786003
27.786
27.785984
27.785633
27.78561
27.785593
27.785587
27.78548
27.785475
27.785463
27.785461
27.785452
27.78486
27.7847
27.784697
27.784693
27.784693
27.784693
27.784414
27.784328
27.784328
27.784328
27.784315
27.784311
27.784306
27.784264
27.784218
27.784212
27.784191
27.784147
27.784136
27.784122
27.78408
27.784067
27.784065
27.783983
27.783699
27.783686
27.783623
27.783611
27.78361
27.783575
27.783562
27.78356
27.783539
27.783537
27.783358
27.783342
27.783186
27.783182
27.78293
27.782793
27.782236
27.781996
27.781954
27.781952
27.781778
27.781704
27.781496
27.781305
27.78129
27.781048
27.780863
27.780859
27.780602
27.780506
27.780493
27.780312
27.780163
27.78005
27.780039
27.780018
27.78001
27.779854
27.779825
27.77981
27.77981
27.779182
27.778963
27.77896
27.778923
27.778875
27.778656
27.778639
27.778444
27.778368
27.777395
27.777264
27.77706
27.776917
27.776855
27.776676
27.77666
27.776651
27.776615
27.776497
27.776375
27.77633
27.776312
27.776283
27.775959
27.775734
27.775505
27.775505
27.775463
27.775381
27.775352
27.775335
27.775248
27.775232
27.77522
27.775213
27.775202
27.775122
27.774994
27.774992
27.774973
27.774755
27.774672
27.77467
27.774616
27.77448
27.774414
27.77441
27.774408
27.7744
27.77439
27.774227
27.774187
27.774115
27.77398
27.77387
27.773617
27.773352
27.77323
27.773008
27.772993
27.772696
27.772366
27.77231
27.7723
27.772295
27.772137
27.772114
27.772003
27.771696
27.771694
27.771646
27.771595
27.771593
27.771526
27.771488
27.770985
27.770895
27.770233
27.770071
27.770054
27.769993
27.769722
27.769707
27.769674
27.769657
27.769655
27.769392
27.76908
27.769062
27.769053
27.768953
27.768904
27.768816
27.76879
27.768785
27.768763
27.768604
27.76858
27.768538
27.768503
27.768473
27.768389
27.768358
27.768332
27.76832
27.7683
27.768297
27.768236
27.768116
27.768099
27.768078
27.7679
27.76782
27.76774
27.767584
27.767567
27.767553
27.76751
27.76737
27.767366
27.767365
27.767082
27.767054
27.767048
27.76701
27.767008
27.766811
27.766413
27.76623
27.766033
27.765995
27.765738
27.765541
27.765507
27.765322
27.765318
27.765308
27.765295
27.765282
27.765276
27.76526
27.76516
27.76513
27.765104
27.764982
27.764935
27.76493
27.764927
27.76411
27.763975
27.763355
27.763006
27.763004
27.762896
27.762434
27.762272
27.761724
27.761528
27.761465
27.76143
27.76135
27.761349
27.76128
27.76128
27.761223
27.761116
27.760958
27.760958
27.760939
27.760927
27.76079
27.760786
27.760786
27.760693
27.760685
27.760685
27.760685
27.760668
27.760595
27.760305
27.759956
27.759802
27.759623
27.759607
27.759571
27.758486
27.757866
27.757452
27.757282
27.75663
27.756292
27.756233
27.756193
27.756144
27.755774
27.755672
27.755623
27.755611
27.755608
27.755453
27.755392
27.755375
27.755363
27.755322
27.755308
27.755056
27.75482
27.754747
27.754608
27.754606
27.754549
27.754543
27.754526
27.754494
27.754484
27.754381
27.754353
27.754309
27.75424
27.754206
27.754173
27.754143
27.754143
27.754124
27.754084
27.754059
27.754032
27.753933
27.75393
27.75381
27.753729
27.753712
27.753632
27.753632
27.753502
27.753473
27.753233
27.75321
27.753155
27.753103
27.753086
27.753052
27.753042
27.753004
27.753002
27.752928
27.752825
27.752783
27.75275
27.752718
27.752695
27.752684
27.752663
27.752651
27.752632
27.752604
27.752565
27.752552
27.752535
27.752508
27.75249
27.75247
27.752419
27.752405
27.752367
27.752026
27.75197
27.751955
27.751888
27.75178
27.751707
27.751675
27.751656
27.751442
27.751402
27.751377
27.751356
27.751183
27.751146
27.751137
27.751102
27.750877
27.75079
27.7507
27.75068
27.750679
27.750677
27.750675
27.750664
27.750647
27.750645
27.75063
27.75061
27.750597
27.750214
27.750206
27.750189
27.750174
27.749998
27.749992
27.749865
27.749836
27.74983
27.749805
27.749779
27.749773
27.749758
27.749737
27.749725
27.749525
27.749493
27.749485
27.749477
27.749365
27.749365
27.749273
27.74922
27.74917
27.749146
27.749119
27.749073
27.749058
27.74901
27.748999
27.748909
27.748892
27.748812
27.748812
27.748806
27.748743
27.748537
27.74851
27.748474
27.748417
27.7484
27.748343
27.748299
27.748299
27.748281
27.748201
27.7482
27.748125
27.748085
27.748081
27.748041
27.748022
27.748016
27.748
27.747995
27.747143
27.747139
27.74712
27.747051
27.74702
27.746988
27.746975
27.746967
27.74693
27.74691
27.746885
27.746845
27.746843
27.746836
27.74683
27.746819
27.746788
27.746778
27.746775
27.746767
27.746738
27.74673
27.746698
27.746693
27.746683
27.746672
27.746338
27.746326
27.746304
27.74628
27.746275
27.746271
27.74623
27.74622
27.746218
27.746212
27.746206
27.746174
27.745998
27.745872
27.74585
27.74584
27.74569
27.745543
27.745169
27.745148
27.745113
27.745007
27.744904
27.74477
27.74469
27.744652
27.744514
27.744501
27.744465
27.744444
27.744421
27.744383
27.744324
27.744238
27.743689
27.743448
27.743
27.742836
27.742645
27.742466
27.742332
27.742311
27.742207
27.742126
27.742043
27.741991
27.741467
27.741255
27.741238
27.74123
27.741007
27.740604
27.740469
27.74034
27.740297
27.740257
27.739887
27.739597
27.739553
27.739508
27.739506
27.739489
27.739458
27.739452
27.738964
27.73893
27.738914
27.738892
27.738691
27.738552
27.738546
27.738451
27.73837
27.738316
27.738058
27.738031
27.73801
27.737967
27.737488
27.737478
27.73696
27.736958
27.73691
27.736883
27.736765
27.735493
27.735487
27.735483
27.735033
27.73454
27.73435
27.734346
27.734346
27.734343
27.734163
27.734152
27.733904
27.733786
27.733015
27.733004
27.732983
27.731665
27.731352
27.73011
27.729876
27.72935
27.729166
27.727428
27.727104
27.726904
27.726763
27.726685
27.726618
27.726381
27.72635
27.726337
27.726234
27.726082
27.726046
27.725704
27.725138
27.725004
27.724487
27.723654
27.723385
27.723104
27.722893
27.722107
27.722038
27.722017
27.721989
27.721777
27.721712
27.7217
27.721073
27.721062
27.72103
27.720972
27.720753
27.720371
27.720356
27.720282
27.720278
27.720245
27.720192
27.720173
27.720102
27.72009
27.720074
27.720062
27.71999
27.719984
27.719748
27.719744
27.719633
27.719622
27.7196
27.719076
27.719002
27.71899
27.717691
27.717669
27.717663
27.717573
27.717367
27.717354
27.717344
27.717318
27.717293
27.717274
27.71621
27.715889
27.71531
27.715273
27.715061
27.71481
27.71478
27.71458
27.71407
27.713985
27.713959
27.713842
27.713837
27.713802
27.713789
27.713778
27.713728
27.713661
27.713562
27.712725
27.712711
27.7127
27.712284
27.71227
27.712229
27.712053
27.712044
27.711964
27.71191
27.71191
27.711895
27.71187
27.711857
27.711834
27.711786
27.711779
27.711773
27.711636
27.71163
27.711618
27.711617
27.711584
27.711493
27.71145
27.711378
27.711355
27.711348
27.711332
27.711327
27.711325
27.711252
27.71101
27.710995
27.710743
27.71038
27.710217
27.710136
27.710085
27.710072
27.710043
27.70981
27.709692
27.709574
27.709566
27.709564
27.70944
27.709204
27.709164
27.709133
27.709124
27.709095
27.708982
27.70876
27.70868
27.708569
27.708536
27.708496
27.70846
27.707977
27.707945
27.707918
27.707842
27.707829
27.707817
27.707798
27.707638
27.707537
27.707502
27.707489
27.70683
27.7068
27.706789
27.706785
27.706718
27.706703
27.7067
27.706696
27.706696
27.706694
27.705294
27.705278
27.70518
27.705175
27.704594
27.704569
27.704554
27.70455
27.70273
27.70273
27.70269
27.702665
27.702648
27.702644
27.70264
27.702343
27.70234
27.700867
27.700855
27.700815
27.700808
27.700804
27.7008
27.700264
27.700253
27.700247
27.700245
27.700003
27.699991
27.699963
27.699959
27.699959
27.699726
27.699718
27.699715
27.699703
27.699696
27.699678
27.69937
27.699362
27.699354
27.699352
27.699345
27.699339
27.699049
27.698936
27.698584
27.69858
27.697496
27.697441
27.696657
27.695652
27.695621
27.695492
27.695158
27.695105
27.695086
27.695034
27.695011
27.695005
27.694859
27.694422
27.69433
27.694286
27.694262
27.694239
27.694225
27.694193
27.69407
27.69403
27.69403
27.693987
27.693888
27.693815
27.693708
27.693657
27.693613
27.693573
27.693512
27.693464
27.693428
27.69276
27.692198
27.692171
27.691938
27.691921
27.691912
27.691895
27.691885
27.691847
27.691801
27.691797
27.6917
27.69156
27.691505
27.6915
27.691223
27.691221
27.691221
27.691122
27.691101
27.691065
27.691046
27.691036
27.690962
27.690945
27.69094
27.690779
27.690407
27.690386
27.690363
27.690361
27.690268
27.690187
27.690182
27.690182
27.690163
27.690153
27.68924
27.68921
27.688486
27.687489
27.687096
27.686985
27.686945
27.686537
27.686522
27.686306
27.686232
27.685774
27.68572
27.685696
27.685627
27.68557
27.685486
27.685246
27.685125
27.685085
27.68504
27.684992
27.684946
27.684925
27.68492
27.684912
27.684866
27.684849
27.684809
27.684792
27.68478
27.684774
27.684746
27.684612
27.684551
27.684448
27.684086
27.683998
27.683786
27.683657
27.68365
27.68362
27.683617
27.683613
27.683598
27.683594
27.68359
27.683569
27.683466
27.683447
27.683432
27.683367
27.683035
27.682978
27.682917
27.682905
27.682787
27.682709
27.682652
27.682621
27.682468
27.68241
27.682123
27.682121
27.682106
27.68204
27.68197
27.68192
27.681887
27.681824
27.681694
27.681562
27.681538
27.681536
27.681528
27.681458
27.681454
27.6814
27.681364
27.681341
27.681328
27.681301
27.681273
27.681269
27.681227
27.681162
27.681126
27.681105
27.681093
27.681086
27.681084
27.681047
27.68098
27.680971
27.680971
27.680729
27.680725
27.680702
27.680668
27.680601
27.680584
27.680584
27.680569
27.680387
27.680296
27.680292
27.68026
27.680256
27.68025
27.680243
27.680223
27.67991
27.679907
27.679888
27.679796
27.679789
27.679737
27.679728
27.679722
27.679716
27.678986
27.67898
27.678972
27.678953
27.678947
27.678938
27.678926
27.678864
27.678839
27.67855
27.678547
27.67822
27.678167
27.678038
27.678019
27.678013
27.67779
27.677778
27.67777
27.677765
27.677763
27.67769
27.677675
27.677603
27.67744
27.677433
27.677378
27.67737
27.677364
27.677364
27.677362
27.677357
27.67735
27.674692
27.674318
27.67404
27.673985
27.673866
27.673746
27.673695
27.673666
27.673588
27.673502
27.673304
27.673222
27.673187
27.673117
27.67299
27.672953
27.67291
27.67287
27.67286
27.666826
27.666735
27.666712
27.666643
27.666445
27.66635
27.66617
27.666147
27.666138
27.666128
27.665798
27.665754
27.665602
27.66559
27.665478
27.665466
27.665453
27.665161
27.66515
27.665144
27.665136
27.665092
27.665087
27.665045
27.664421
27.664299
27.664255
27.664177
27.66395
27.663939
27.66392
27.6637
27.663698
27.663685
27.663519
27.663513
27.663507
27.663506
27.663504
27.663504
27.663502
27.663496
27.663496
27.663496
27.663486
27.663485
27.663483
27.663479
27.663479
27.663479
27.663475
27.663471
27.663471
27.66347
27.663464
27.663446
27.663443
27.66344
27.663342
27.663317
27.663313
27.663313
27.663301
27.663298
27.663298
27.663242
27.66293
27.662928
27.662207
27.66218
27.661915
27.661915
27.661879
27.661865
27.661846
27.661821
27.661797
27.661785
27.661785
27.661783
27.661688
27.661686
27.661518
27.66151
27.661276
27.661194
27.661108
27.660976
27.660868
27.660845
27.660685
27.660275
27.659914
27.659887
27.659525
27.659363
27.659136
27.659067
27.658875
27.658857
27.658855
27.658834
27.658815
27.658806
27.658731
27.658716
27.6587
27.658428
27.657871
27.657736
27.657618
27.657616
27.657476
27.657427
27.657423
27.654856
27.65472
27.654552
27.654488
27.654175
27.654015
27.653818
27.6537
27.653172
27.652937
27.651917
27.651846
27.651823
27.651808
27.651804
27.65177
27.651747
27.651747
27.651701
27.651606
27.651228
27.651001
27.65082
27.64986
27.649858
27.64973
27.649324
27.6493
27.649284
27.649221
27.648853
27.648838
27.648838
27.648773
27.648746
27.648746
27.648726
27.648691
27.648245
27.648245
27.648129
27.647987
27.647966
27.647955
27.647896
27.647657
27.647593
27.64756
27.647036
27.646889
27.646875
27.646864
27.646833
27.64682
27.64681
27.646502
27.646492
27.646488
27.646479
27.646454
27.64645
27.646444
27.646418
27.646362
27.64632
27.646296
27.646141
27.646126
27.646116
27.6461
27.646004
27.645979
27.645903
27.645893
27.645891
27.645872
27.645868
27.64576
27.645727
27.645718
27.645702
27.645666
27.645657
27.645653
27.64563
27.645609
27.645603
27.645468
27.645426
27.645414
27.645407
27.6454
27.645397
27.645306
27.645302
27.645287
27.64528
27.645275
27.645273
27.645117
27.644901
27.644655
27.64454
27.644537
27.644506
27.644337
27.64432
27.643864
27.643848
27.643822
27.643806
27.643707
27.64369
27.643665
27.643654
27.643637
27.643618
27.643597
27.643532
27.643496
27.643469
27.643461
27.643454
27.643423
27.64338
27.643364
27.64333
27.643291
27.643257
27.64314
27.64312
27.643055
27.642939
27.6428
27.642601
27.642467
27.642359
27.642244
27.642088
27.6419
27.641851
27.64176
27.641638
27.640707
27.640635
27.640438
27.640392
27.640327
27.639942
27.639875
27.639307
27.639278
27.639244
27.638935
27.638908
27.63889
27.638777
27.63873
27.638662
27.63852
27.638508
27.638496
27.638386
27.638172
27.638004
27.637999
27.637753
27.637714
27.637598
27.637487
27.637312
27.637312
27.637028
27.636692
27.636477
27.636402
27.636335
27.636026
27.63581
27.63571
27.635658
27.635643
27.635582
27.635475
27.63539
27.635317
27.63516
27.635107
27.63492
27.634916
27.63484
27.634836
27.634792
27.634718
27.634674
27.634665
27.634525
27.634356
27.634327
27.634295
27.634275
27.634264
27.634138
27.634054
27.634039
27.634027
27.633993
27.633944
27.633873
27.633854
27.633791
27.633728
27.63372
27.633694
27.633574
27.633484
27.633474
27.633467
27.63346
27.633411
27.633389
27.63334
27.633137
27.633057
27.63303
27.633015
27.633007
27.632877
27.632795
27.632727
27.632572
27.6325
27.632433
27.632015
27.631868
27.631773
27.631712
27.631565
27.63149
27.631477
27.631115
27.631014
27.63098
27.630922
27.630817
27.630741
27.630554
27.630535
27.630445
27.630434
27.630348
27.63033
27.630322
27.630322
27.630316
27.630297
27.630291
27.630287
27.630281
27.630089
27.629946
27.62981
27.629808
27.6298
27.629755
27.629734
27.629732
27.629707
27.629705
27.629705
27.629702
27.6297
27.6297
27.6297
27.629694
27.629566
27.629557
27.629555
27.629545
27.629538
27.629522
27.629517
27.629297
27.629269
27.629269
27.629118
27.629114
27.629097
27.62909
27.629082
27.629068
27.629059
27.629059
27.629051
27.629045
27.629042
27.62904
27.629038
27.629025
27.62892
27.628735
27.628658
27.628654
27.628649
27.628643
27.628637
27.628635
27.628635
27.628633
27.628407
27.628296
27.628119
27.62546
27.625423
27.625414
27.625387
27.625275
27.625092
27.62408
27.623962
27.6239
27.623802
27.623617
27.623554
27.623552
27.620794
27.617891
27.61716
27.61712
27.616972
27.616825
27.61669
27.616688
27.616688
27.616686
27.616457
27.616444
27.616419
27.616405
27.616352
27.616344
27.616243
27.616137
27.61604
27.616014
27.616003
27.615744
27.615717
27.615715
27.615553
27.615507
27.615505
27.61545
27.615425
27.615389
27.615383
27.615229
27.614851
27.614788
27.614758
27.614653
27.61463
27.614622
27.61462
27.614616
27.614183
27.614113
27.6141
27.613054
27.613043
27.613035
27.613018
27.613
27.61298
27.612894
27.612873
27.612856
27.61223
27.612226
27.612217
27.612202
27.612135
27.61213
27.612123
27.612118
27.612108
27.611996
27.61192
27.61115
27.611074
27.610756
27.61075
27.61074
27.610615
27.610598
27.610592
27.610577
27.610573
27.610569
27.610567
27.610481
27.610481
27.610434
27.610432
27.61043
27.610424
27.610415
27.61031
27.609901
27.60988
27.609865
27.609856
27.609648
27.60962
27.609571
27.609444
27.609388
27.609303
27.609295
27.609287
27.609274
27.609262
27.609262
27.609213
27.608477
27.608255
27.608215
27.608208
27.607618
27.607536
27.607515
27.607473
27.60723
27.607225
27.607119
27.607073
27.606987
27.606619
27.606617
27.606405
27.606403
27.606401
27.606396
27.606298
27.606297
27.606297
27.606297
27.606283
27.60624
27.606184
27.606052
27.606052
27.606
27.605854
27.605814
27.6058
27.605793
27.605787
27.60578
27.605633
27.605627
27.605556
27.605537
27.605536
27.605385
27.60361
27.603607
27.603603
27.60348
27.602478
27.602253
27.602058
27.601986
27.60195
27.60194
27.601936
27.601936
27.601933
27.601933
27.601929
27.601925
27.601858
27.601738
27.60172
27.600338
27.597933
27.597328
27.59702
27.597012
27.59696
27.596615
27.596611
27.596605
27.596596
27.59659
27.59655
27.596504
27.595774
27.595678
27.595678
27.595678
27.595545
27.595406
27.595385
27.595348
27.595348
27.595278
27.59515
27.595089
27.595018
27.59499
27.594975
27.594944
27.594933
27.594921
27.594913
27.594822
27.594816
27.59481
27.594763
27.59476
27.59476
27.594593
27.594591
27.59457
27.594471
27.594372
27.594276
27.59421
27.594164
27.594122
27.593868
27.593727
27.593594
27.593508
27.593498
27.593493
27.593485
27.593481
27.593393
27.593323
27.59319
27.59317
27.593151
27.593073
27.59307
27.592987
27.592735
27.592703
27.592701
27.592701
27.5927
27.592691
27.592644
27.592627
27.592619
27.592619
27.592598
27.592546
27.59253
27.592527
27.592525
27.5925
27.5925
27.592497
27.592436
27.592434
27.59242
27.592413
27.592407
27.5924
27.592384
27.592382
27.592358
27.59235
27.592342
27.592342
27.59211
27.59211
27.592077
27.592049
27.591955
27.591852
27.59185
27.591846
27.591702
27.591698
27.591433
27.591406
27.59131
27.59129
27.59125
27.591244
27.591158
27.591133
27.591076
27.591017
27.590944
27.590721
27.590647
27.59062
27.590567
27.590563
27.590555
27.590328
27.59032
27.590311
27.59029
27.590246
27.590233
27.59022
27.590206
27.590202
27.590202
27.590172
27.590162
27.59015
27.59
27.589632
27.589607
27.58959
27.589567
27.589499
27.589449
27.589392
27.589361
27.58925
27.589245
27.589245
27.589155
27.589155
27.589153
27.589024
27.58902
27.588915
27.588905
27.588894
27.58889
27.588865
27.588854
27.588741
27.588646
27.588615
27.58861
27.588596
27.588587
27.588554
27.588541
27.588541
27.588497
27.588299
27.588299
27.588297
27.588203
27.588203
27.588116
27.588081
27.588024
27.588013
27.588001
27.58798
27.587969
27.587912
27.587894
27.58789
27.587831
27.587353
27.587318
27.587118
27.587046
27.586985
27.585274
27.585234
27.585142
27.585114
27.584843
27.584839
27.584831
27.584814
27.584799
27.58453
27.584522
27.584015
27.583952
27.583881
27.583876
27.583853
27.58385
27.583845
27.583834
27.583822
27.58381
27.583794
27.583782
27.583565
27.583557
27.583502
27.583485
27.583467
27.583454
27.58344
27.583282
27.583199
27.583193
27.58318
27.583073
27.58306
27.583048
27.583044
27.582682
27.582237
27.581964
27.581127
27.581121
27.581118
27.581106
27.581104
27.58088
27.580763
27.580723
27.58072
27.580719
27.580713
27.580671
27.580654
27.580631
27.580624
27.580502
27.580286
27.580221
27.580156
27.579933
27.579924
27.579868
27.579866
27.579458
27.57942
27.579325
27.579296
27.579292
27.57892
27.578913
27.57886
27.578836
27.578827
27.578823
27.578762
27.578495
27.578472
27.578465
27.578451
27.57818
27.578148
27.578098
27.578045
27.57801
27.577995
27.577984
27.577972
27.577969
27.577965
27.57796
27.577888
27.577858
27.577795
27.57675
27.57672
27.576105
27.5761
27.576073
27.576063
27.57571
27.575558
27.575552
27.575552
27.575548
27.575304
27.57529
27.57529
27.575281
27.575281
27.575281
27.575281
27.575243
27.57524
27.575216
27.575134
27.575129
27.575127
27.575085
27.575056
27.575043
27.57504
27.574955
27.574625
27.573576
27.573544
27.573538
27.573538
27.573524
27.573483
27.573412
27.573383
27.573057
27.573034
27.573023
27.573015
27.573002
27.572973
27.572954
27.572927
27.572918
27.572905
27.572887
27.572847
27.572826
27.572823
27.572819
27.572762
27.572721
27.572685
27.572676
27.57266
27.572628
27.572624
27.572624
27.57262
27.572567
27.57218
27.571953
27.5712
27.571129
27.570883
27.570822
27.570395
27.570381
27.570055
27.569714
27.56969
27.569637
27.569622
27.5693
27.569288
27.56922
27.569078
27.569063
27.568813
27.5688
27.568636
27.568562
27.568525
27.568506
27.568493
27.568487
27.568438
27.568415
27.56828
27.56828
27.56826
27.568224
27.56821
27.568203
27.568197
27.56818
27.568163
27.568148
27.568129
27.568089
27.568083
27.568007
27.568005
27.568
27.567997
27.567944
27.567936
27.567936
27.567926
27.567926
27.567915
27.567852
27.567816
27.567799
27.56779
27.56774
27.567736
27.567736
27.567732
27.567719
27.567719
27.567701
27.567694
27.56768
27.567518
27.567514
27.567505
27.5675
27.56711
27.567038
27.566967
27.566935
27.566868
27.566782
27.566772
27.566767
27.566542
27.566467
27.566456
27.566341
27.566261
27.56626
27.566118
27.56604
27.565962
27.565958
27.56593
27.565786
27.565748
27.565744
27.56567
27.565502
27.565132
27.564894
27.56479
27.564718
27.564634
27.564629
27.564215
27.56411
27.564089
27.564001
27.564001
27.56371
27.563616
27.563612
27.563227
27.562145
27.562077
27.561916
27.561756
27.561743
27.56165
27.561647
27.561647
27.561607
27.561602
27.561594
27.561522
27.561403
27.561113
27.561054
27.561007
27.56095
27.560863
27.560814
27.560812
27.5608
27.560797
27.560791
27.560787
27.560772
27.560764
27.56045
27.560446
27.560106
27.559961
27.559706
27.558558
27.557941
27.55791
27.557892
27.557684
27.557673
27.557253
27.556438
27.556252
27.556095
27.555347
27.55441
27.553509
27.553331
27.553165
27.55307
27.552992
27.55271
27.55271
27.552698
27.552526
27.552523
27.552084
27.551756
27.55166
27.551403
27.551292
27.551233
27.55119
27.55066
27.549187
27.549116
27.548733
27.54857
27.548082
27.548048
27.547874
27.547796
27.547602
27.547352
27.54676
27.546711
27.54667
27.546587
27.546553
27.546204
27.546095
27.546057
27.545933
27.545874
27.54575
27.545063
27.545044
27.545008
27.544975
27.54496
27.544947
27.544333
27.544329
27.544186
27.544184
27.544182
27.544176
27.544136
27.54376
27.543749
27.543678
27.543638
27.5434
27.543388
27.542871
27.542852
27.542845
27.542812
27.542734
27.542677
27.542595
27.542448
27.542433
27.54241
27.54229
27.542288
27.542238
27.54182
27.54129
27.541235
27.540226
27.540218
27.53989
27.539867
27.53971
27.539663
27.539593
27.539417
27.539278
27.53902
27.539013
27.539005
27.538889
27.538885
27.538885
27.538456
27.538399
27.538343
27.538239
27.538239
27.538204
27.538204
27.538174
27.538145
27.538124
27.538124
27.538124
27.538002
27.53796
27.53792
27.53792
27.53792
27.537909
27.537518
27.537367
27.537292
27.53719
27.537066
27.537043
27.537025
27.537016
27.537006
27.536774
27.536743
27.536627
27.536617
27.536432
27.536238
27.536116
27.536095
27.53609
27.536055
27.536053
27.53605
27.53603
27.536022
27.535955
27.535933
27.535933
27.535799
27.535645
27.535639
27.535177
27.535177
27.535164
27.535034
27.53491
27.53491
27.534906
27.53476
27.534729
27.534416
27.534212
27.533916
27.533895
27.533842
27.533827
27.533815
27.533808
27.53335
27.532576
27.532553
27.532534
27.532116
27.532093
27.531643
27.531061
27.530952
27.530802
27.530783
27.530754
27.530712
27.530697
27.530663
27.530613
27.530365
27.53029
27.530273
27.53027
27.530176
27.530127
27.530115
27.53009
27.530073
27.53007
27.530027
27.530003
27.529991
27.529955
27.529938
27.52993
27.529898
27.529846
27.529785
27.52964
27.529589
27.529575
27.529568
27.529564
27.529554
27.529322
27.529234
27.529167
27.52867
27.528662
27.528404
27.527885
27.527805
27.527803
27.52755
27.527355
27.527132
27.52713
27.526705
27.526659
27.526648
27.526644
27.526642
27.526588
27.526438
27.526394
27.526392
27.526392
27.526371
27.526323
27.52628
27.52619
27.526161
27.525898
27.52588
27.525873
27.525816
27.52576
27.52575
27.525702
27.525677
27.525349
27.525324
27.52532
27.52526
27.525248
27.525238
27.525229
27.525219
27.525215
27.525208
27.525204
27.525118
27.525118
27.525114
27.525078
27.525076
27.525043
27.524965
27.52493
27.524818
27.524477
27.524458
27.524445
27.52435
27.524345
27.524294
27.524267
27.524189
27.523945
27.523602
27.523518
27.52302
27.52302
27.522617
27.522587
27.522522
27.522522
27.522459
27.522451
27.522423
27.522413
27.5224
27.522398
27.521727
27.521624
27.521614
27.52152
27.521488
27.521488
27.521477
27.521416
27.521269
27.521269
27.521168
27.520834
27.520662
27.520662
27.520638
27.520622
27.520569
27.520561
27.520445
27.520428
27.520327
27.520311
27.520107
27.519936
27.519838
27.519695
27.519684
27.519684
27.519676
27.519659
27.519619
27.519611
27.51961
27.51928
27.519232
27.519228
27.519228
27.518986
27.518827
27.51881
27.518442
27.51841
27.51826
27.517073
27.516964
27.516956
27.51694
27.516872
27.51687
27.516836
27.516806
27.51679
27.516167
27.516146
27.51612
27.516075
27.516054
27.516047
27.516045
27.516045
27.516031
27.51582
27.514837
27.514824
27.514578
27.513786
27.513414
27.513103
27.512959
27.512796
27.512722
27.512629
27.512085
27.51188
27.511778
27.511467
27.511316
27.511158
27.511057
27.510952
27.510546
27.510052
27.509777
27.509623
27.50947
27.509405
27.509356
27.509315
27.509047
27.509
27.50897
27.508904
27.508871
27.508808
27.50876
27.508724
27.508675
27.508636
27.508635
27.508556
27.508537
27.50849
27.508474
27.508427
27.508236
27.508213
27.508116
27.508108
27.508091
27.508066
27.508043
27.507896
27.507887
27.507143
27.50714
27.507103
27.506874
27.506794
27.506536
27.505667
27.505255
27.50523
27.505219
27.505196
27.505177
27.504997
27.504854
27.504839
27.504595
27.504347
27.503754
27.503656
27.50355
27.503082
27.502483
27.502138
27.5018
27.501726
27.501627
27.501469
27.5012
27.500847
27.5007
27.500546
27.500227
27.499874
27.49982
27.499655
27.49908
27.499056
27.498924
27.498724
27.498713
27.498615
27.498566
27.498554
27.49837
27.498287
27.498262
27.497547
27.497068
27.497065
27.497034
27.496618
27.496576
27.496563
27.49653
27.49646
27.49646
27.496243
27.495817
27.495602
27.495245
27.49519
27.49516
27.495155
27.494993
27.494951
27.494898
27.494667
27.4946
27.494528
27.49442
27.494383
27.494352
27.49431
27.49418
27.494127
27.494081
27.494059
27.494051
27.494047
27.49403
27.494007
27.493938
27.4939
27.493889
27.493877
27.493382
27.493334
27.493324
27.493315
27.493307
27.493181
27.493172
27.493141
27.493126
27.49312
27.49293
27.492926
27.492895
27.492846
27.49275
27.492743
27.492666
27.492653
27.492636
27.492601
27.492596
27.492594
27.492594
27.492563
27.49252
27.492476
27.49018
27.490133
27.49007
27.490063
27.490034
27.49
27.489582
27.489382
27.489355
27.489292
27.48922
27.48914
27.489052
27.48895
27.488922
27.488865
27.488646
27.488493
27.487114
27.4866
27.486567
27.48649
27.486109
27.485996
27.48595
27.485844
27.485785
27.48574
27.485638
27.485596
27.482449
27.482073
27.481941
27.481892
27.48098
27.480774
27.480692
27.480585
27.480497
27.47967
27.479414
27.479223
27.479195
27.479069
27.478926
27.47886
27.478615
27.478529
27.478504
27.478458
27.47811
27.477783
27.477734
27.47772
27.477715
27.477652
27.477648
27.477364
27.477324
27.477312
27.477278
27.477184
27.477179
27.477146
27.477047
27.476954
27.4769
27.476864
27.47682
27.476799
27.476767
27.476763
27.476755
27.476725
27.476717
27.476715
27.476606
27.476574
27.476564
27.476522
27.476254
27.476202
27.476198
27.476015
27.474794
27.47479
27.474373
27.474293
27.47422
27.47283
27.47281
27.472809
27.472809
27.472801
27.472765
27.472757
27.472736
27.472698
27.472645
27.472637
27.47211
27.47167
27.471651
27.471497
27.471369
27.471224
27.471136
27.47111
27.470999
27.470959
27.470926
27.470825
27.470818
27.470694
27.470652
27.470575
27.470541
27.470503
27.470379
27.470366
27.470072
27.470005
27.469898
27.468847
27.466969
27.466906
27.46687
27.466845
27.466387
27.466301
27.466276
27.466177
27.46609
27.465391
27.465385
27.465334
27.465101
27.464447
27.464367
27.46436
27.464317
27.464016
27.463865
27.463749
27.46372
27.463594
27.46341
27.4634
27.463192
27.46248
27.462292
27.462187
27.461596
27.461582
27.461414
27.461325
27.461224
27.461185
27.46114
27.460619
27.460476
27.460443
27.460426
27.460367
27.460339
27.460146
27.459806
27.459688
27.459618
27.459543
27.459522
27.459476
27.459414
27.45941
27.459377
27.459372
27.459354
27.459352
27.459291
27.459288
27.459225
27.459219
27.4592
27.459198
27.459173
27.459146
27.459146
27.459112
27.459076
27.459072
27.458332
27.458302
27.458261
27.458183
27.458055
27.458017
27.458002
27.457996
27.457531
27.457518
27.457262
27.456888
27.456259
27.456045
27.456038
27.456032
27.456022
27.455986
27.455921
27.455812
27.455597
27.455425
27.455265
27.455114
27.455076
27.455067
27.454973
27.454885
27.454876
27.454815
27.454765
27.454733
27.45471
27.454689
27.454588
27.454576
27.454569
27.454523
27.454515
27.454416
27.454235
27.454157
27.454155
27.453878
27.453852
27.45385
27.45384
27.453836
27.453753
27.453693
27.453642
27.45354
27.453508
27.453487
27.453465
27.453314
27.453304
27.453295
27.453245
27.453207
27.453102
27.453089
27.453007
27.452976
27.452963
27.452879
27.45285
27.452824
27.452806
27.452717
27.452707
27.452684
27.452675
27.452665
27.452658
27.452417
27.45241
27.452389
27.45229
27.452063
27.452047
27.452023
27.451994
27.451977
27.45196
27.451946
27.451897
27.451857
27.451815
27.451698
27.451683
27.451445
27.451426
27.451315
27.451223
27.451212
27.451204
27.4512
27.451195
27.451166
27.451134
27.450924
27.450869
27.450718
27.450697
27.450642
27.450623
27.450544
27.45054
27.450535
27.450527
27.450504
27.450472
27.450462
27.450438
27.45043
27.450407
27.450392
27.450388
27.450384
27.45036
27.450346
27.450314
27.450306
27.4503
27.450296
27.45029
27.450287
27.450287
27.450283
27.450275
27.450237
27.450201
27.449223
27.448969
27.448954
27.44886
27.448833
27.448828
27.44881
27.4487
27.448576
27.448568
27.448565
27.448553
27.44854
27.448433
27.448101
27.448086
27.448053
27.44804
27.44802
27.447962
27.447912
27.447884
27.447865
27.447847
27.44784
27.447824
27.447803
27.447187
27.446999
27.446987
27.446983
27.446743
27.446741
27.446726
27.446608
27.446272
27.446266
27.44626
27.445301
27.44513
27.445047
27.445017
27.44501
27.444502
27.444294
27.443129
27.443089
27.44306
27.443043
27.442732
27.442705
27.44269
27.442656
27.442648
27.442568
27.442156
27.44213
27.442099
27.442087
27.44206
27.442043
27.442026
27.44202
27.44201
27.441998
27.441977
27.441923
27.441916
27.441868
27.44178
27.44165
27.441618
27.441559
27.441523
27.441437
27.441406
27.441399
27.441395
27.441324
27.441284
27.440483
27.44048
27.440279
27.440271
27.439754
27.43894
27.438818
27.438498
27.438465
27.43835
27.438147
27.43806
27.43802
27.437899
27.437883
27.437849
27.437784
27.437593
27.43759
27.437582
27.437317
27.437313
27.43731
27.436817
27.436003
27.435978
27.43494
27.434572
27.43415
27.433592
27.433332
27.433104
27.432959
27.43242
27.431332
27.431318
27.431097
27.430754
27.4307
27.430668
27.43053
27.430439
27.430418
27.430275
27.430132
27.430035
27.429726
27.429502
27.429077
27.42903
27.42902
27.42882
27.42881
27.42879
27.428644
27.42858
27.428566
27.428423
27.428392
27.428352
27.42832
27.428259
27.428135
27.428102
27.428074
27.428026
27.42798
27.427904
27.427862
27.427814
27.427801
27.427776
27.427773
27.427763
27.427734
27.427467
27.427235
27.427132
27.42697
27.426744
27.426643
27.426624
27.426573
27.426506
27.426369
27.426336
27.426022
27.425945
27.425943
27.425877
27.425842
27.425837
27.425798
27.425734
27.425663
27.42496
27.42491
27.424566
27.42455
27.424528
27.424519
27.424421
27.4244
27.4241
27.424047
27.424006
27.423937
27.423624
27.423475
27.4234
27.423239
27.423227
27.422901
27.422544
27.422283
27.422213
27.4222
27.421904
27.421803
27.421728
27.42172
27.421682
27.42147
27.421309
27.420101
27.4201
27.420082
27.41925
27.419212
27.419186
27.418173
27.417997
27.417887
27.417835
27.417805
27.417604
27.417582
27.41742
27.417315
27.417248
27.416468
27.41438
27.414242
27.413443
27.413414
27.41096
27.407885
27.396986
27.396849
27.39676
27.396242
27.387629
27.385494
27.385418
27.385403
27.378792
27.378775
27.37841
27.373768
27.37374
27.373718
27.371693
27.370535
27.370441
27.367619
27.367231
27.364815
27.359825
27.359701
27.358677
27.358618
27.3586
27.35859
27.358006
27.357988
27.357729
27.356684
27.356682
27.356544
27.356462
27.356325
27.354876
27.35481
27.354696
27.353672
27.353388
27.35259
27.352541
27.352095
27.351973
27.351654
27.351582
27.351484
27.351387
27.351236
27.351175
27.351107
27.351082
27.351076
27.350405
27.350285
27.35018
27.350096
27.350065
27.349699
27.34955
27.34948
27.349453
27.34942
27.349352
27.349237
27.349
27.348436
27.34832
27.348293
27.348228
27.347965
27.34774
27.347647
27.34756
27.347538
27.347034
27.346807
27.34672
27.346704
27.346601
27.346594
27.346485
27.346457
27.346342
27.346304
27.345835
27.345747
27.345592
27.345554
27.345541
27.345528
27.34547
27.345457
27.345442
27.345423
27.345264
27.345236
27.34509
27.34509
27.344934
27.344717
27.344683
27.344324
27.344006
27.344004
27.34359
27.343475
27.343174
27.343119
27.343025
27.343014
27.342865
27.342804
27.34258
27.342459
27.34243
27.34231
27.342228
27.342102
27.341679
27.34158
27.341564
27.341375
27.341301
27.341257
27.341158
27.341112
27.341084
27.340769
27.340416
27.340206
27.340181
27.339806
27.339691
27.339666
27.339659
27.339575
27.33939
27.339354
27.339308
27.339273
27.339231
27.339155
27.33915
27.339146
27.339138
27.339125
27.339085
27.338972
27.33857
27.338474
27.338402
27.338083
27.338026
27.335705
27.335674
27.335642
27.335625
27.335567
27.335527
27.335466
27.335411
27.335384
27.33536
27.335257
27.335207
27.334759
27.33472
27.334637
27.334375
27.334248
27.334202
27.33401
27.333912
27.33388
27.333834
27.333565
27.33354
27.333445
27.33343
27.333426
27.333153
27.333132
27.33311
27.333097
27.333057
27.33295
27.332869
27.332869
27.332376
27.33202
27.331848
27.331764
27.331663
27.331379
27.331123
27.330732
27.330698
27.33061
27.330576
27.330019
27.329584
27.329466
27.329353
27.329222
27.329176
27.329048
27.328886
27.328846
27.328787
27.328588
27.328434
27.328266
27.328241
27.328106
27.32803
27.32799
27.32797
27.327808
27.327736
27.327703
27.327688
27.327675
27.32758
27.327522
27.327375
27.327345
27.327257
27.326754
27.32663
27.326569
27.32645
27.326303
27.326063
27.325754
27.325705
27.325663
27.324533
27.32452
27.324463
27.324377
27.324358
27.323996
27.323994
27.323973
27.323748
27.32374
27.323656
27.323595
27.323551
27.323444
27.323406
27.323383
27.323315
27.323284
27.323175
27.323158
27.322903
27.322847
27.322823
27.322683
27.32263
27.322477
27.322453
27.322365
27.322275
27.322247
27.32224
27.32221
27.32211
27.322107
27.321516
27.321497
27.321358
27.321245
27.321156
27.321146
27.32084
27.320827
27.32067
27.320654
27.319395
27.319344
27.319296
27.319292
27.319036
27.318895
27.318825
27.318151
27.318083
27.318027
27.318014
27.317904
27.317902
27.31788
27.317495
27.317467
27.317455
27.317232
27.317223
27.317022
27.315912
27.315912
27.315798
27.315758
27.315758
27.315714
27.315655
27.315594
27.315561
27.315529
27.315521
27.3155
27.315441
27.3154
27.315388
27.315369
27.315363
27.315344
27.315334
27.315325
27.315321
27.315298
27.315258
27.315203
27.315203
27.315199
27.315147
27.315145
27.315113
27.315105
27.315094
27.3126
27.312593
27.312592
27.312544
27.3125
27.312143
27.312107
27.31161
27.31012
27.309793
27.309776
27.309656
27.309505
27.309456
27.309399
27.309107
27.309048
27.308744
27.308634
27.308613
27.308598
27.308588
27.308453
27.30823
27.30746
27.307453
27.307438
27.30732
27.307308
27.30726
27.306631
27.306408
27.30612
27.306112
27.306025
27.305656
27.305508
27.30536
27.30533
27.3053
27.305244
27.305183
27.305056
27.305037
27.30492
27.3048
27.304773
27.304722
27.304625
27.304552
27.304516
27.304487
27.304474
27.304447
27.304354
27.304228
27.304207
27.304068
27.30406
27.30404
27.303997
27.303946
27.303894
27.30386
27.30384
27.30374
27.303585
27.303549
27.303501
27.303478
27.303474
27.303467
27.303463
27.303461
27.303331
27.303293
27.303148
27.303102
27.3031
27.303043
27.302917
27.302837
27.302618
27.302448
27.302385
27.302334
27.302006
27.301819
27.301588
27.301558
27.301226
27.301214
27.3012
27.300976
27.30093
27.300884
27.300825
27.300806
27.300789
27.300642
27.300547
27.30039
27.300373
27.300367
27.300259
27.299934
27.299932
27.29984
27.299805
27.299715
27.299658
27.299622
27.29957
27.299496
27.299429
27.299347
27.299294
27.29891
27.298903
27.298893
27.298792
27.295124
27.294678
27.294626
27.294222
27.288723
27.288689
27.288557
27.28787
27.287863
27.287819
27.287724
27.287468
27.287348
27.287165
27.287142
27.28668
27.285717
27.285696
27.28559
27.285494
27.28545
27.285353
27.285284
27.285269
27.28522
27.285208
27.285177
27.28507
27.283747
27.28372
27.283693
27.283667
27.283081
27.283073
27.282867
27.282854
27.282846
27.282843
