77200.78692167546
60072.5278359827
52633.99372066707
50746.576400471204
49894.84783363283
49658.5320325677
44137.02179736045
42485.40733533577
36063.588263032514
32463.81436244296
26843.108564675127
26058.764911742608
21890.10968793182
19043.39951747674
19028.427205480526
18569.512757090935
18317.04565552467
18216.029397495968
18102.335900387385
14869.111372798172
11440.384009910218
11360.155827530949
10873.397562176526
10042.312952415758
9801.135549263556
9211.93247876781
8068.54763409724
7990.725553225347
7861.410023976423
7799.870248249688
7774.8551662097
7497.821275833704
7323.3947519401
7251.780792242738
7163.907862222957
7150.568689282183
7139.265043748395
7132.952263509797
7118.495014909355
7114.937654697072
7108.939156403688
7103.583937163083
7103.22803440482
7102.528696185218
7101.450845914408
7101.398241299875
6930.336978924603
6869.153832740924
6512.936810359809
6279.862215395675
6215.479277156041
6171.90596694251
6141.302629590007
6111.854655743647
5887.524947910671
5859.520873319703
5844.6547237266395
5820.756397809776
5788.618278465797
5653.556528529937
5466.96271107727
5195.011804481084
5172.983984578529
5030.833700271265
4981.431375968514
4873.988673301741
4600.368352165911
4373.39775434722
4359.793276411043
4211.840480041432
4028.858773252374
3926.68838162949
3898.2519509050676
3839.636650450562
3508.422509603284
3448.528553329041
3411.1444872137604
3406.7982256774885
3372.0491035087234
3291.65374933602
3235.2485157916176
3175.231434380965
3153.04879139291
3151.8345311723647
3149.295103610358
3142.7370675613843
3139.5134795506656
3138.229227272307
3138.0303810529567
3137.6409809492206
3137.540988709917
3137.177440278082
3136.8363789862187
3136.2192792954156
3135.8963533291517
3135.8238966625977
3135.7819908208307
3135.734915124202
3091.425297821039
3046.3416858799405
2516.574222100853
2256.7705101532906
1935.1187992535545
1856.4752841935494
1850.0250202531479
1828.9568047362816
1754.5131380657897
1707.5421523648768
1687.7318475176153
1679.1256275055691
1673.1408867538098
1672.3019195505726
1671.8493828354303
1667.7975408949815
1664.4701508366222
1661.8292119499206
1659.7298836629504
1658.0590116397047
1656.7278120091592
1655.666371017076
1654.8194701993154
1654.1433908096865
1653.6034497073138
1653.1720871673883
1652.82737495431
1652.5518469879185
1652.331579369411
1652.1554643175537
1652.0146356635532
1651.9020133083447
1651.8119413876925
1651.73990046782
1651.6822783665775
1651.6361874917632
1651.599319147866
1651.56982726056
1651.5462355349146
1651.527363296285
1651.5122662361896
1651.5001890558306
1651.4905276108823
1651.4827986465
1651.4766155976045
1651.4716692369573
1651.4677121986606
1651.4645466001639
1651.4620141419373
1651.459988188521
1651.458367434214
1651.4570708361605
1651.4560335611686
1651.455203743384
1651.45453989057
1651.4540088092235
1651.453583944725
1651.453244053497
1651.4529721407523
1651.4527546107074
1651.4525805867688
1651.4524413676804
1651.4523299924492
1651.45224089229
1651.452169612179
1651.4521125881006
1651.4520669688443
1651.4520304734435
1651.4520012771259
1651.451977920073
1651.4519592344323
1651.4519442859203
1651.4519323271113
1651.4519227600642
1651.451915106427
1651.451908983517
1651.451904085189
1651.4519001665267
1651.4518970315971
1651.4518945236537
1651.451892517299
1651.4518909122148
1651.4518896281477
1651.4518886008939
1651.4518877790906
1651.451887121649
1651.451886595695
1651.4518861749314
1651.451885838321
1651.4518855690328
1651.4518853536017
1651.4518851812572
1651.4518850433815
1651.451884933081
1651.4518848448408
1651.4518847742481
1651.4518847177749
1651.4518846725957
1651.451884636452
1651.4518846075375
1651.4518845844061
1651.4518845659009
1651.4518845510963
1651.4518845392531
1651.4518845297785
1651.4518845221983
1651.4518845161344
1651.4518845112837
1651.4518845074026
1651.4518845042983
1651.4518845018147
1651.4518844998272
1651.4518844982376
1651.4518844969662
1651.4518844959484
1651.451884495135
1651.4518844944832
1651.4518844939628
1651.451884493546
1651.4518844932127
1651.451884492946
1651.4518844927325
1651.451884492562
1651.451884492425
1651.4518844923161
1651.451884492228
1651.4518844921588
1651.4518844921024
1651.451884492058
1651.4518844920221
1651.4518844919937
1651.4518844919703
1651.4518844919521
1651.451884491938
1651.451884491926
1651.4518844919166
1651.4518844919094
1651.4518844919035
1651.4518844918985
1651.4518844918944
1651.4518844918914
1651.451884491889
1651.4518844918869
1651.4518844918853
1651.4518844918844
1651.4518844918832
1651.4518844918825
1651.4518844918819
1651.4518844918812
1651.4518844918807
1651.4518844918805
1568.0291154172064
1528.7556407078591
1471.9929910646697
1423.7187009478057
1423.102420309491
1411.3521270572876
1406.8781879755468
1401.3809548101099
1400.8026401842699
1400.1280653825163
1399.961243635714
1399.3677167926292
1398.9239222201948
1398.588743779549
1398.3333096461058
1398.1370958555578
1397.985330273491
1397.8672492960766
1397.774916666617
1397.702415140632
1397.645287249497
1397.6001438675662
1397.564386877848
1397.5360102242012
1397.5134554216863
1397.495505352732
1397.4812053123253
1397.469803689444
1397.4607069731837
1397.4534453326833
1397.447646089089
1397.4430131382485
1397.4393109017587
1397.436351752044
1397.4339861215374
1397.432094698262
1397.430582251565
1397.4293727370375
1397.428405408828
1397.4276317276428
1397.4270128987803
1397.4265179099857
1397.426121966498
1397.4258052421394
1397.4255518821278
1397.4253492065836
1397.4251870741252
1397.4250573732645
1397.4249536158432
1397.4248706119974
1397.4248042102586
1397.4247510897246
1397.4247085938455
1397.4246745974929
1397.424647400636
1397.424625643294
1397.4246082375118
1397.4245943129451
1397.4245831733297
1397.4245742616615
1397.424567132342
1397.4245614288966
1397.4245568661465
1397.4245532159505
1397.424550295796
1397.4245479596743
1397.424546090778
1397.4245445956617
1397.4245433995684
1397.4245424426952
1397.4245416771962
1397.4245410647968
1397.424540574878
1397.424540182942
1397.4245398693943
1397.4245396185554
1397.4245394178845
1397.4245392573482
1397.4245391289187
1397.4245390261756
1397.424538943981
1397.4245388782247
1397.4245388256209
1397.424538783537
1397.4245387498695
1397.424538722936
1377.080075669107
1354.911149336152
1331.4935609320717
1321.450692871391
1307.3668143704215
1300.935806405572
1294.8341075874375
1199.3107651206835
1190.981739559209
1058.852666307311
1055.3947316405292
1051.4359512383626
1048.507630218032
1045.4661953805369
1044.6714135865957
1041.6849350250218
1041.4839290652178
1041.360419444613
1041.30644193158
1041.2792775374808
1040.8932160790837
1034.0056767057906
954.4209494120647
925.80247323995
919.0381438368095
914.5959306671775
912.1331110565695
911.6902501964065
911.3287739777984
910.6691741312437
910.3072283994151
910.1237416670186
910.0448369870635
910.0251594549152
909.8920059608802
909.6493040768426
909.4576753507221
909.3059933497356
909.185685176089
909.090102590543
909.0140614522633
908.9535004969405
908.905225784075
908.8667174066736
908.8359819962031
908.8114392943546
908.7918343338541
908.7761690540797
908.7636487909805
908.7536402353627
908.7456382899796
908.7392398691043
908.7341231390798
908.7300310393326
908.7267581814697
908.7241404212173
908.7220465496796
908.7203716679148
908.719031900401
908.7179601746438
908.7171028505215
908.7164170273726
908.7158683919887
908.7154294984881
908.7150783931642
908.7147975149697
908.7145728162956
908.7143930598405
908.7142492562663
908.7141342144245
908.7140421816022
908.7139685557612
908.7139096553552
908.7138625352006
908.7138248391867
908.7137946824453
908.7137705570973
908.713751256847
908.7137358166653
908.7137234645317
908.7137135828322
908.7137056774775
908.713699353197
908.7136942937744
908.7136902462375
908.7136870082089
908.7136844177866
908.713682345449
908.7136806875792
908.7136793612834
908.7136783002468
801.0395735017944
796.4331187569422
793.1842386799168
706.3084027489166
693.7508418197868
678.9135392387146
660.923747410464
652.3012341353176
648.494623166544
647.2301446966972
645.8944941430016
645.0305230635556
644.470257792645
644.1058289952105
643.867907345611
643.711887714474
643.6090353302318
643.5408099480647
643.4952258184768
643.4645160675396
643.4436331005386
643.4292850205375
643.4193158644401
643.4123064966208
643.4073172148824
643.4037214455029
643.4010980498465
643.3991613940233
643.3977157882143
643.3966256836306
643.3957960832045
643.3951595921374
643.3946678004193
643.3942855037714
643.3939867939583
643.3937523877107
643.3935677821389
643.3934219661141
643.3933065090913
643.3932149087831
643.3931421183349
643.3930841994473
643.3930380649587
643.3930012857655
643.3929719445855
643.392948524233
643.3929298216099
643.392914881053
643.3929029423939
643.3928934002902
643.3928857722542
643.3928796734396
643.3928747967008
643.39287089679
643.3928677778089
643.3928652832302
643.3928632879555
643.3928616919842
643.3928604153658
643.3928593941729
643.3928585772836
643.3928579238141
643.3928574010649
643.3928569828827
643.3928566483478
643.392856380727
643.3928561666348
643.3928559953639
643.3928558583489
643.3928557487382
643.3928556610505
643.3928555909006
643.392855534781
643.3928554898855
643.3928554539694
643.3928554252366
643.3928554022502
643.3928553838616
643.3928553691501
628.8086119183716
583.1104146249321
582.8141510201016
567.2213936655827
553.1909827828792
544.7349116454326
539.7417395794535
536.8810802268162
535.3182348568
492.1900268108837
482.53321160371235
445.46340883239105
428.4346781994357
422.8930451068966
422.5748037547747
422.4462563556266
421.37232750554716
420.70375080323015
400.1766363176388
393.5579765996321
390.1228979975343
380.99699963949007
377.06261971102094
376.069572573344
371.46336696626423
367.81710648559766
365.22408896256474
363.35702909549855
361.9960878587162
360.9922671296873
360.24356719311845
359.67939549772206
359.25032262387447
358.9213135935769
358.66722590135845
358.46979224807615
358.31558068576544
358.19460206651866
358.0993491747064
358.02412606355085
357.964574264095
357.9173339057901
357.87979831115246
357.84993411832653
357.8261479051113
357.80718622480856
357.7920599463388
357.77998648565716
357.7703453568522
357.76264374324205
357.7564896775917
357.75157104922346
357.7476391059862
357.74449544544905
357.7419817292132
357.7399715320282
357.73836387079507
322.92710138192683
316.1085341215393
298.3279974538795
280.84108037026505
268.5017270971956
267.26848530386735
267.0291442967438
266.82095337645666
266.80310333846273
265.679303477563
265.44171707987306
264.7730303707456
212.2869826003718
209.04375544250655
207.97723541745268
207.41127398927637
207.03510429056118
206.61445747174236
205.85380042423628
205.3458030668535
205.00374328054545
204.77127183524178
204.61164756459425
204.50081399485734
204.4229412810077
204.36755136076945
204.32766070511735
200.64883724482843
198.8623743756172
193.41792866569924
190.61028240755928
189.9971472749617
189.90925861200617
188.7174726162845
188.563128037788
186.7510456118729
186.52959757329748
185.59183650945116
185.5028634562503
185.4082188229238
184.83459850828825
184.65883825312446
184.1655958831779
183.71972337396866
183.5802354421595
183.5449699810594
183.4565564778504
183.365955588048
183.29660869623686
183.24313682760769
183.2016429453889
183.1692693517321
183.1438962445622
183.12393425018996
183.10818000916484
183.0957144432072
183.0858301996332
183.07797925865682
183.07173463636084
183.06676206203446
183.06279880162
183.05963766467835
183.05711481681453
183.05510041800474
183.05349138182495
183.0522057419167
183.0511782469728
183.05035690188666
183.04970024237383
183.04917518135952
183.04875530316946
183.0484195098151
183.04815094501816
183.04793613790798
183.04776432084532
182.57314116550256
182.42050110832034
182.26138843961576
181.8954336419912
181.88366927418565
181.7830045012001
181.7828326384872
181.77592807689945
181.74450665068855
172.36808043399094
152.37372333321335
152.285661824887
151.84025152855506
151.27359015286686
150.997463011754
150.93600312202972
150.86511872917194
150.7290164204834
150.59917103729262
150.50182654368297
149.82686907367372
141.5729078791843
138.16282440920693
137.12386261883174
137.07699817004413
136.81972301081996
136.7213274511017
136.6816141152084
131.73090199297968
130.15610381580348
129.53513002518469
129.15450409381447
128.8862961368662
128.75010588166793
128.67180887446318
128.63438253378496
128.6205766708971
128.61985851476584
128.52877407847527
128.45813699682859
128.40375265116353
128.36160537920892
128.32875809257487
128.30303740306255
128.28281742092142
128.26686963966856
128.25425746552068
128.24426119874917
128.2363240077619
128.23001254132728
128.22498787144693
128.22098381763374
128.2177906111214
128.2152424692961
128.21320806680194
128.21158317582487
128.21028494689497
128.2092474414161
128.20841812673868
128.20775511640835
128.20722499064755
128.2068010708411
128.20646205070935
128.20619090866055
128.2059740424177
128.20580057975698
128.20566182904193
128.20555084089452
128.20546205832832
128.20539103736454
128.2053342238505
128.2052887751238
128.20525241747652
128.20522333221254
128.20520006454777
128.20518145076568
128.20516655996383
128.2051546474656
119.55874977343146
118.88877556196405
111.93705322002086
107.17929755911555
102.77382861735613
100.22232625072199
97.02297146387009
95.62484041931584
94.71956515825727
94.62929329068615
94.38713214627167
94.05038233519805
93.82615115440585
93.7012258024597
93.63613966022287
93.60637739559823
93.59684383936406
93.59573776864582
93.59438915757706
93.59378656460316
93.593609319588
93.58274098818084
93.57406236554581
92.9148428715456
89.27790441703156
87.8438557016585
87.49934721125591
85.82940326916385
85.25560779804188
84.84723651366977
84.81051823550037
84.77088070718672
84.75887323406143
84.75203275356985
84.74446050179615
84.73859665569013
84.73402971020559
84.73045559791416
84.72764715230255
84.72543293611508
84.72368238895824
84.7222952797404
84.721194122611
84.72031865626418
84.71962177717504
84.71906651005624
84.71862372749878
84.71827041738092
84.71798835548059
84.71776308112445
84.71758310174458
84.71743927190795
84.71732430638563
84.71723239690989
84.71715890961225
84.7171001455552
84.71705315080946
84.71701556557281
84.71698550414185
84.7169614593224
84.7169422262351
84.71692684153693
84.71691453491222
84.71690469033813
84.71689681514331
84.71689051528469
84.71688547558801
84.71688144395242
84.71687821872187
84.71687563858728
84.71687357451154
84.71687192327136
84.7168706022923
84.71686954551741
84.71686870010285
84.71686802377464
84.71686748271426
84.71686704986737
84.71686670359075
84.71686642657002
84.7168662049538
84.71686602766107
84.71686588582705
84.71686577235991
84.71686568158627
84.71686560896738
84.71686555087233
84.71686550439627
84.71686546721544
83.24179448301923
79.99801381264625
79.59479773556306
79.0567373534139
78.71919087382204
77.7505952799409
77.188057309925
76.87392357716922
76.70959044264903
76.63378720011096
76.60876909573045
76.58637630548226
76.11776101348383
75.99081144807477
75.19478969255675
74.85373867524075
74.74003151371971
74.73637908696183
74.68844802478104
74.63984028826897
74.61371681164172
74.5787962395343
74.52703598201181
74.49221209530579
74.46856695030064
74.27791686555152
73.46476797697744
72.44340753845186
72.09882440392929
71.96641702104749
71.80668203551622
71.39560494319885
71.02268482788241
70.82965521250323
70.71554119507188
70.60124900175275
70.58611805212296
70.54579374035684
70.53683670802138
70.48614936393716
70.46849484242175
70.41023880897706
70.3749982759412
70.36059260205052
70.3578915845623
70.35778471126301
70.35642155281334
70.31058337339732
70.28580769619712
66.55682431199277
62.9941902055847
62.43393290611707
61.890070972106855
60.91887571657217
60.70131437976779
60.53960003125821
58.484017954042386
58.03562453635698
57.916139356854956
57.796529249919075
57.73685352154192
57.712160847429985
57.707157369637926
57.702197424873994
57.69935613227976
57.69929279664993
57.66878979558687
57.64437837969659
57.62554160907156
57.190762074294675
56.73845917706342
55.53898418363737
55.1659427899437
55.04489864526353
54.042598752685265
53.899897483087535
53.89680162178189
53.89349922481417
53.892154460867395
53.79467787375186
53.72291615366767
53.669487289349604
53.6292917254147
53.59876569187927
53.57538833232293
53.55735426373196
53.543354413053784
53.532428071195795
53.523862062467515
53.51712129693008
53.51180039102507
53.507589558477
53.50425026343117
53.50159762482976
53.4994875443072
53.49780717931864
53.411034566611725
53.296967945468296
53.28890999784147
53.177719521762384
53.17028761978139
53.14866110857644
53.13135407903586
53.018318164607024
52.94326417472878
52.89306081749167
52.859195625887914
52.83613386888388
52.820263916899194
52.63709302248488
52.60608477068542
52.59390402049268
52.53453970879485
52.32622384661706
52.18708130636411
52.09207028971751
52.007626204238505
51.976764561337966
51.97555916732646
51.963464366305004
51.947947421239434
51.94113860536488
51.93927858637909
51.88984558396346
51.85384289512516
51.83572953567141
51.82807967474324
51.82633791504699
51.82603752740153
51.82594584858069
51.82563601093046
51.82373794711676
51.82225824585985
51.821153956362096
51.820321386528896
51.81968788219191
51.81920191170126
51.818826468415274
51.81853464697465
51.81830665106257
51.818127749526795
51.817986865222245
51.81787558941003
51.81778748500435
49.0854743970066
48.03532008522836
47.79121096776319
47.70222731563781
47.698130593931026
46.76125223901365
36.30130474947897
27.172230734498566
26.09527682415675
24.218138057461683
23.28757088455538
22.438990465985547
21.91555655459443
21.596284896498993
21.40453187147382
21.291874604382414
21.227825688583685
21.19327577058433
21.176316933554197
21.16958576624647
21.168575809882785
21.133902614878206
21.105133424635063
21.08247838102217
21.06458494362409
21.050417776100666
21.039178494814742
21.030247519535006
21.023141427150584
20.408321636302176
18.0743910379528
17.90092219591929
16.552867131979372
16.291607096955918
14.672096097809803
14.192075296205475
13.63188310678359
13.073965907967121
12.503629801426817
12.195460704136808
12.019101850525402
11.300059218147826
11.16343756176383
11.041225176232354
10.856373995368038
10.766408537631301
9.762237228657332
9.552577998793783
9.279044164519922
8.8504846208764
8.835429162715954
8.743666081341319
8.656534340806628
8.625267711519614
8.620447081343572
8.613224605198514
8.603411098322692
8.578466119772678
8.575305098079712
8.57233642119968
8.572199949555062
8.571580037275535
8.571509904515985
8.571220656549286
8.571164649946107
8.5710235054115
8.570911111358932
8.570886886209385
8.570835347600333
8.57079478776949
8.570774372089167
8.570765740142896
8.570763762968587
8.570759932847794
8.5707556590249
8.57075227082363
8.570749580011125
8.570747440000165
8.570745736080386
8.570744378121518
8.570743295067672
8.570742430745076
8.570741740644108
8.570741189431878
8.570740749017968
8.570740397042597
8.570740115689986
8.570739890753613
8.570739710897778
8.570739567072794
8.570739452051004
8.570739360058022
8.570739286479283
8.570739227626305
8.57073918055033
8.570739142893654
8.570739112770935
8.570739088674443
8.570739069398323
8.570739053978118
8.570739041642389
8.570739031774092
8.570739023879634
8.57073901756418
8.570739012511895
8.570739008470113
8.570739005236716
8.57073900265002
8.570739000580677
8.570738998925206
8.570738997600838
8.570738996541346
8.570738995693754
8.570738995015683
8.570738994473226
8.570738994039258
8.570738993692087
8.57073899341435
8.57073899319216
8.570738993014407
8.570738992872206
8.570738992758447
8.570738992667437
8.57073899259463
8.570738992536382
8.570738992489789
8.57073899245251
8.570738992422687
8.570738992398828
8.570738992379743
8.570738992364475
8.57073899235226
8.570738992342488
8.57073899233467
8.570738992328415
8.570738992323411
8.570738992319411
8.570738992316208
8.570738992313649
8.570738992311597
8.570738992309957
8.570738992308646
8.570738992307597
8.570738992306755
8.570738992306085
8.570738992305548
8.57073899230512
8.570738992304776
8.570738992304499
8.570738992304278
8.570738992304102
8.570738992303962
8.57073899230385
8.57073899230376
8.570738992303689
8.57073899230363
8.570738992303584
8.570738992303546
8.570738992303518
8.570738992303493
8.570738992303475
8.570738992303461
8.570738992303449
8.57073899230344
8.570738992303431
8.570738992303426
8.57073899230342
8.570738992303417
8.570738992303413
8.57073899230341
8.570738992303408
8.570738992303406
8.570738992303404
8.570738992303403
8.522557966839575
7.9385984902895625
7.883366904063819
7.599577282952408
6.946243483033945
6.65645464818988
6.508649535872858
6.255463166656754
6.133466077051977
5.962215105143628
5.932160256032455
5.879565641787767
5.849306686862231
5.844519249524194
5.826199684856058
5.763808783595365
5.7200691557622365
5.689028233128005
5.666723993985274
5.650498842008471
5.6385543936029485
5.629661665711121
5.622971695130517
5.617891214175064
5.614000586536479
5.61099928898611
5.6086694218645325
5.606851077555251
5.605425553716135
5.604303791674156
5.603418322539337
5.602717589150689
5.6021618932680655
5.601720466692073
5.601369328714549
5.601089700433819
4.931797997303345
4.565434902338457
4.559527544373225
3.799948976603797
3.60792176109151
3.345109911275681
3.3263716089034485
3.1227542367475234
3.0828645615034618
3.0538461541854027
3.05099801729654
3.0376551517527384
3.033250607250544
3.0273504603100685
2.9923061096244084
2.9664435720216367
2.9620906786299304
2.9446298587905138
2.9398273453008614
2.939397557972405
2.779166456890733
2.6139677745145304
2.530917768803161
2.4725894303012086
2.4589359769483448
2.458557107656082
2.4244335697199926
2.3924712164103883
2.375375886039437
2.3728110120547474
2.3714098245867867
2.366492982520395
2.3553477429740237
2.3140680128042983
2.294937017243632
2.2921373674621712
2.2903178855537387
2.286199840019679
2.2833602375726048
2.281379649362255
2.2799814787922528
2.27898217433515
2.278259039248762
2.277729368606401
2.2773368880456313
2.143542171665598
2.0501899717993406
2.0306477329510138
2.0064987735744406
2.002243864199407
1.9994104711205845
1.9615042043043622
1.9534696150566513
1.9307050643626236
1.9210962648198282
1.9099084029193327
1.900210720706033
1.8939968424621079
1.8900140710840656
1.8874603859605736
1.8624423985653926
1.8619669974403386
1.846809534786814
1.8371966821403782
1.8311147952081144
1.82727865858063
1.8248685479463704
1.8233620905863102
1.8224267686325633
1.8114625896294734
1.8071371334880009
1.806664007235132
1.799345417663266
1.7898564686967653
1.7857601845004425
1.784281156479999
1.784047968777548
1.7837408097754688
1.7835065459171342
1.783450486050648
1.7834276907669258
1.7833946498962134
1.7833859831945953
1.7833783608455251
1.7833523813287924
1.7833331661023948
1.7833053379380932
1.7832961367517481
1.7832957076462232
1.778605489544723
1.77796915508698
1.77594769079481
1.7756857146897704
1.7756739315828831
1.775029751894854
1.7746743418134903
1.7744923712965976
1.773523442291129
1.766251206861341
1.757205306885299
1.748833978375274
1.7463239354129265
1.7450866774774008
1.7432090469883148
1.7428408397296005
1.7428099738497516
1.7375385900457507
1.7372125140414498
1.73691558659742
1.7360216653069778
1.7354602014143854
1.7352577476439721
1.7352536837275834
1.7351625143306169
1.7350443904869988
1.734971046680352
1.7349259110067128
1.734898467665676
1.734882058719486
1.7348724808275833
1.7348670900436935
1.7348642311955451
1.7348628745355639
1.7348623846754423
1.7348623738867779
1.7348610406265046
1.7348597973972133
1.7348588102359201
1.7348580252570547
1.7348574003140709
1.7348569023053526
1.7296970951234958
1.729684289351086
1.729010646418393
1.7285474865081383
1.7285081904039374
1.725075899157415
1.7225810873838534
1.720766011153495
1.7194296450098432
1.7184345967929278
1.717685946826119
1.7171173555609751
1.7166818929221748
1.716345945450055
1.712332997894618
1.709614563953483
1.709221244394727
1.7069657149017499
1.7067109023690452
1.7061073144136711
1.705961894798841
1.705811102895539
1.705424045287047
1.7051444406181895
1.7049399833905832
1.704788722573285
1.70467558909691
1.7045901224293865
1.7045249747680573
1.7044749210695143
1.7044361993462136
1.7044060675583144
1.7043825033060698
1.7043639982582415
1.704349415886518
1.7043378918557246
1.7043287634257045
1.7043215187902414
1.7043157602713455
1.7043111772574915
1.704307526079217
1.7043046148855956
1.7043022921700564
1.7033059732224847
1.702136380784451
1.7016694293301189
1.7012610748121852
1.7009226587136947
1.7006456794203002
1.700473187463075
1.7003448078827237
1.7002607521954871
1.7002054423510076
1.700168832686822
1.7001444334107678
1.7001280426013137
1.7001169322650378
1.7000463953681837
1.6992147682850647
1.6980795312320287
1.697782675502009
1.6977016074267195
1.697601276938247
1.697537151264727
1.69753415368671
1.6974888654145945
1.6974580174075355
1.6974367838726931
1.6974220017621344
1.6968584942674352
1.696723394820003
1.6966006338695976
1.6965045797568368
1.6963166606748663
1.696070795029374
1.6958714280403702
1.6957775386822265
1.6957539886466457
1.6957060406031519
1.6956584514214639
1.694991613596167
1.6941691902580036
1.6938573922570104
1.6938294838847194
1.6936421268088904
1.6933497224188767
1.6921230202116462
1.691807979072601
1.690686369092379
1.6905164393266112
1.6903560761216285
1.6903369857635175
1.6903363909742983
1.690335564936842
1.690331121289318
1.690329324450828
1.6903286320974003
1.6903286260204213
1.6903282692047499
1.690327650046026
1.6903275658250247
1.690327405373149
1.6903271210649877
1.689941652660974
1.6895612499984496
1.689205193911049
1.6889880357844163
1.688857628798813
1.6887810277003814
1.688737490495268
1.6887140166823018
1.6887025054406493
1.6886979478449065
1.6886972786627652
1.6886660963043172
1.6886404823184726
1.6886202649181519
1.6886042662224412
1.6885915794095832
1.6885815017312706
1.688573485522684
1.688567101953615
1.6885620139129527
1.6885579555217625
1.6882806878194032
1.688250150697231
1.6881989290350068
1.6881967929795838
1.6881856285688583
1.6880410323066868
1.6878062455179559
1.6877797924018656
1.687767498822479
1.6877474757186552
1.6875413307132952
1.6874690003350912
1.687400341488819
1.6873718451726138
1.6873603466046525
1.687349987193004
1.6873416213994896
1.6873308261736446
1.6873115016860862
1.6872882748104592
1.6871717955559722
1.6871109211745083
1.687092078326102
1.687073762781669
1.6870617630854252
1.687026390818478
1.6870157585654677
1.6870052260319164
1.6869973397439604
1.6869913761464812
1.686986826345545
1.6869833279941069
1.6869806198661141
1.686978511317742
1.6869768615696175
1.6869755655090855
1.6869745438529589
1.6869737362511288
1.68697309639243
1.6869725884880415
1.6869721847133754
1.6869718633249033
1.686971607258132
1.68697140307288
1.6869712401523032
1.6869711100895222
1.686971006214452
1.6869709232264962
1.6869708569078743
1.686970803898893
1.6869707615210945
1.6869707276376626
1.6869707005429533
1.6869706788748895
1.6869706615453688
1.6869706476849076
1.6869706365985582
1.6869706277307708
1.686970620637368
1.6869706149631754
1.68697061042416
1.6869706067931645
1.6869706038885064
1.6869706015648696
1.686970599706017
1.6869705982189704
1.686970597029357
1.6869705960776809
1.6869047132689512
1.686721343408931
1.6866695346654188
1.6866516004687273
1.686629714681723
1.6866117691026818
1.6865908385316064
1.6865790120595878
1.6865662314658285
1.6865578791876614
1.686557852172559
1.6865566406025265
1.6865328115614617
1.6865221187246076
1.6865189215085636
1.6865182707278676
1.686517924142857
1.6865178192789374
1.6865177604420152
1.6865113626056778
1.6864639296029116
1.6864624440852218
1.6864616049486982
1.686460941725521
1.6864609395208334
1.686460374922739
1.686460358372198
1.6354775033282118
1.385826487780894
1.1770230929909902
1.1688164652503834
1.1416801968484729
1.0682684806410394
1.009537276458618
0.9836182044745905
0.9573296904046313
0.9052338372445244
0.9047510431780424
0.9042692374127068
0.9039734713079826
0.9037942526690311
0.9036876100745599
0.9036258046816646
0.9035914059242646
0.9035735160747711
0.9035653668552892
0.8494931682504395
0.8091421895230404
0.7983904217075936
0.7965609805283066
0.7933954046239524
0.7517822475462039
0.7273900596828206
0.7144758960454977
0.6254374468093279
0.6064780917541182
0.5798179118754699
0.5297854714322606
0.5224012445707267
0.5145959482840801
0.5093142054277834
0.5052702635494394
0.5045319667528635
0.5025152683579331
0.502437372929755
0.5023107759200063
0.493311189599883
0.4924077428336433
0.48316216726373074
0.4822301958126061
0.47666423249709394
0.47358642589495664
0.46890836139787384
0.46742216229332717
0.4667421992804338
0.4662746920906964
0.4661559300554074
0.4661229022056071
0.46604543958870803
0.4659957785053377
0.4659639274051368
0.4659434882955332
0.46593036374100677
0.46592192920660563
0.46591650324898576
0.4659130083516265
0.46591075378973035
0.46590929660804803
0.4659083526021162
0.46590773931059587
0.46590733950184343
0.46590707778249857
0.46590690560872305
0.46590679167879107
0.4659067157726617
0.46590666479996107
0.46590663026321016
0.46590660662831146
0.465906590276874
0.46590657883187203
0.4659065707230053
0.46590656490607807
0.4659065606814428
0.4659065575762348
0.46590655526774827
0.4659065535333944
0.46590655221786975
0.4659065512115035
0.46590655043588486
0.4659065498342533
0.46590654936502074
0.4659065489973611
0.4659065487081787
0.4659065484799972
0.4659065482994774
0.46590654815635807
0.4659065480426922
0.4659065479522906
0.4659065478803089
0.4659065478229411
0.46590654777718593
0.465906547740671
0.46590654771151596
0.46590654768822853
0.4659065476696219
0.46590654765475153
0.46590654764286493
0.4659065476333615
0.46590654762576295
0.46590654761968636
0.4659065476148269
0.46590654761094025
0.46590654760783173
0.4659065476053451
0.4659065476033563
0.46590654760176525
0.4659065476004927
0.4659065475994746
0.46590654759866007
0.4659065475980087
0.4659065475974875
0.4659065475970705
0.46590654759673716
0.4659065475964703
0.4659065475962568
0.46590654759608596
0.46590654759594935
0.46590654759584016
0.46590654759575284
0.46590654759568273
0.46590654759562683
0.4659065475955821
0.46590654759554634
0.46590654759551764
0.46590654759549477
0.46590654759547634
0.46590654759546174
0.46590654759544986
0.4659065475954406
0.46590654759543315
0.46590654759542705
0.4659065475954222
0.4659065475954184
0.46590654759541533
0.46590654759541283
0.4659065475954109
0.46590654759540934
0.465906547595408
0.4659065475954071
0.4659065475954063
0.4659065475954056
0.465906547595405
0.4659065475954045
0.46590654759540445
0.4659065475954041
0.4659065475954039
0.46590654759540373
0.46590654759540345
0.4659065475953965
0.465906547595384
0.46590654759537403
0.46590654759536615
0.46590654759535965
0.4659065475953545
0.4659065475953505
0.4659065475953472
0.4659065475953445
0.4659065475953424
0.4659065475953408
0.4659065475953394
0.4659065475953384
0.4659065475953375
0.4659065475953368
0.46590654759533623
0.4659065475953358
0.46590654759533545
0.4659065475953351
0.4659065475953349
0.46590654759533473
0.46590654759533456
0.4659065475953345
0.46590654759533445
0.4659065475953344
0.4659065475953343
0.46590654759533423
0.4659065475953342
0.4659065475953341
0.45490218377736347
0.4379089328547951
0.4264022751627713
0.4241674668334131
0.41916796859105615
0.4151799542310059
0.41312577197474676
0.412209612878079
0.4119420850940823
0.41142260904662825
0.41097676890508117
0.41064365356320176
0.41039223762336763
0.4102007537250486
0.4100537418726643
0.4099400845611702
0.40985168810103945
0.40978258974193627
0.4097283470924145
0.4096856160369642
0.4096518555536705
0.4096251187581186
0.4096039031399699
0.40958704188915845
0.40957362408448217
0.40956293540616373
0.4095544136253793
0.40954761486434893
0.40954218780022694
0.4095378537935385
0.40953439148073784
0.40953162476172933
0.40952941339051085
0.40952764557608884
0.4095262321453849
0.4095251019261554
0.40952419808698504
0.40952347523082566
0.409522897083611
0.4095224346539756
0.40952206476667463
0.4095217688929345
0.4095215322170468
0.4095213428911234
0.40952119143984833
0.409521070284885
0.4095209733647906
0.40952089583119583
0.40952083380590765
0.40952078418669347
0.4095207444919722
0.4095207127366116
0.4095206873325895
0.4095206670095421
0.40952065075121347
0.4095206377446203
0.40952062733939054
0.40952061901523534
0.40952061235592935
0.4095206070284963
0.4095206027665574
0.40952059935701113
0.4095205966293771
0.4095205944472718
0.40952059270158886
0.4095205913050433
0.40952059018780745
0.40952058929401913
0.4095205885789886
0.4095205880069642
0.409520587549345
0.4095205871832496
0.40952058689037324
0.4095205866560723
0.40952058646863154
0.4095205863186789
0.40952058619871673
0.4095205861027472
0.4095205860259714
0.4095205859645507
0.40952058591541435
0.40952058587610524
0.40952058584465795
0.40952058581949996
0.4095205857993739
0.40952058578327266
0.40952058577039185
0.4095205857600873
0.40952058575184364
0.40952058574524847
0.4095205857399725
0.4095205857357518
0.40952058573237504
0.4095205857296738
0.4095205857275126
0.40952058572578376
0.4095205857244008
0.4095205857232944
0.4095205857224092
0.4095205857217011
0.40952058572113453
0.4095205857206814
0.4095205857203188
0.40952058572002875
0.40952058571979677
0.4095205857196111
0.40952058571946254
0.40952058571934385
0.4095205857192489
0.40952058571917277
0.40952058571911204
0.4095205857190633
0.4095205857190245
0.40952058571899325
0.4095205857189683
0.4095205857189484
0.40952058571893235
0.4095205857189196
0.4095205857189095
0.4095205857189012
0.40952058571889466
0.40952058571888944
0.4095205857188853
0.40952058571888195
0.4095205857188792
0.409520585718877
0.40952058571887545
0.40952058571887406
0.40952058571887295
0.409520585718872
0.40952058571887134
0.4095205857188708
0.4095205857188704
0.40952058571887007
0.4095205857188698
0.4095205857188696
0.40952058571886935
0.4095205857188691
0.409520585718869
0.40952058571886896
0.40952058571886885
0.4095205857188688
0.40952058571886873
0.4095205857188687
0.4095205857188686
0.40952058571886857
0.4074700357953226
0.40550321019944247
0.38183798803627256
0.3721720773748759
0.3613739728313866
0.354382196756398
0.3527188699536077
0.3515114652476122
0.3508995552547122
0.3506365960744062
0.3505712327711302
0.3505204788273638
0.3504574529519431
0.3503914962193866
0.3486532179085936
0.3485959230536853
0.3484744550587659
0.34825779523251815
0.34536135061422324
0.34424259680729863
0.34183745335763455
0.34132021475547053
0.33966501040323893
0.33878146073550713
0.3364777267831494
0.3347455074481838
0.3334306233894404
0.33311423063149687
0.33242408664435225
0.3316881123305412
0.331647894369502
0.33106854672631175
0.3310455243072027
0.3309065448263106
0.3305755218622151
0.33020713181333017
0.3279908553423674
0.32777848251006525
0.3271716453642041
0.3270749170430669
0.32495142817015393
0.3238711203650221
0.3234641334419074
0.3234311898688495
0.32341182878442765
0.32100901864175835
0.3202417895438617
0.3192521860656831
0.31844329690295764
0.31795258594918135
0.3175688410088785
0.31698066006036935
0.31624648204012884
0.31393801049218034
0.31371792761900336
0.3117606274632796
0.3084230479604262
0.3058670858065536
0.303895341010438
0.3023646811268144
0.30117006423000736
0.30023351375902074
0.29662655076676914
0.29208859245043217
0.28883103291974344
0.28646358185351634
0.28472232279786175
0.2822042113014035
0.27573322947400747
0.27133250911099754
0.2683086144838898
0.26767682089997763
0.266207375046716
0.26288462678167834
0.25962261572522405
0.2573789231924989
0.25581815560627946
0.2547194208588786
0.2533861860707625
0.25175561104401556
0.2510323149952172
0.25082562309864187
0.24939184799397762
0.24727770305871108
0.245750204456507
0.24463304867618976
0.24380642363686125
0.2431880673397507
0.24272086629204784
0.24236469520747608
0.2420910157821168
0.2413671821685337
0.2399716637484734
0.23910990914929675
0.23858348795755321
0.238266659796221
0.2380799548940753
0.23797331585358752
0.23791534854518376
0.23149505620378585
0.22875607597341935
0.22818153523380835
0.22777099960864386
0.22632073747784212
0.22609752989278784
0.2253284304779393
0.2251298409404749
0.22492180616480953
0.22491791873268788
0.2248189051396653
0.2247867607361536
0.22476923063741527
0.22476459729975012
0.2247600368159148
0.22462032178531866
0.2245742661627174
0.22457022717381295
0.2245176507927163
0.22448673175049025
0.22440850463754297
0.2243667119180193
0.2243577905226107
0.2243530746219154
0.22434819234066603
0.22434635225957655
0.22434620227080737
0.2243444410906023
0.22434239515589569
0.22434085022512198
0.2243396730433778
0.22433876890622215
0.22433806966577113
0.22433752567774534
0.2243371003460991
0.22433676639039773
0.22433650326399068
0.22433629534728358
0.22433613066794572
0.22433599998305337
0.22433589611262925
0.2243358134498834
0.2243357475971866
0.22433569509262913
0.22433565320264692
0.22433561976340616
0.2243355930585702
0.2243355717244979
0.2243355546763096
0.22433554104996362
0.2243355301566977
0.224335521447084
0.22433551448259229
0.2243355089130466
0.22433550445872047
0.22433550089609827
0.22433549804653727
0.224335495767232
0.22433549394400765
0.2243354924855689
0.22433549131890793
0.2243354903856368
0.22433548963905686
0.2243354890418164
0.22433548856403918
0.22433548818182703
0.22433548787606356
0.22433548763145675
0.22433548743577378
0.22433548727922906
0.22433548715399435
0.22433548705380715
0.22433548697365796
0.2243354869095388
0.2243354868582436
0.22433548681720764
0.22433548678437892
0.22433548675811596
0.22433548673710557
0.22420649319636812
0.2241073584806928
0.22401166097852476
0.2239745214928744
0.2239650245220574
0.22394493450174927
0.22392898506850467
0.22359507141882176
0.22331649440379886
0.2231739820312992
0.22287980143934294
0.22287620761143914
0.22285309427724287
0.22272554565930403
0.22261783461475432
0.22248053107288243
0.22246120982955023
0.22234266627889535
0.22227683019704766
0.2222663076600737
0.22210586293126341
0.2220930103511933
0.22208251363908255
0.22208220867490935
0.22207787919764854
0.22206632131492868
0.22204956210037674
0.2220471191479819
0.22203797986222987
0.2220246024052179
0.2220211120816958
0.22201543249081102
0.22201144228405204
0.22196548018487
0.2219144744991057
0.22187496756261302
0.2218441924851749
0.2218201039251482
0.22180117323835813
0.22178624639211417
0.22177444424515924
0.22172413485911685
0.22165393155123037
0.22161921512815178
0.22160516757255647
0.22155906053835234
0.22151560584106197
0.22149408885037403
0.22148535318879617
0.22148379053535625
0.22148331399328203
0.22147119984026628
0.22147057804160558
0.2214671416093077
0.22145942520748288
0.22145126781128693
0.2214452314118356
0.22144071558347816
0.22143730342716234
0.2213596785068123
0.2212662287081964
0.2211996403912338
0.22119438597972582
0.22115159951169908
0.2210526032472085
0.22094845415371997
0.22087107221814528
0.220812966566784
0.22076891397983786
0.22073522834813253
0.22070927596299317
0.2206480989477942
0.2205644831796346
0.22051265166580133
0.22048082555917917
0.22046153370072588
0.2204113117319509
0.22037190415211574
0.2203527213979305
0.22034527491277922
0.22034229021640334
0.22031147438306942
0.22031119222966603
0.22029500495269902
0.22028706667963255
0.22028406791476648
0.22027989612027551
0.22027194474415662
0.22026681974506102
0.2202474692007916
0.22023218165388678
0.22021797939458
0.22020853849746003
0.22020221516237234
0.22019794329917156
0.22019502936372723
0.22019004130079367
0.22017268369773102
0.22016152649564635
0.22015434721741248
0.22014972154422305
0.220146736365286
0.20657511119685878
0.20232602766748103
0.1954282288647755
0.18347661445234092
0.18264687814922978
0.17998461869333263
0.1779234758869545
0.17436545477611534
0.17259540156847966
0.1670336836416981
0.16472798347460846
0.16194042300062464
0.16144030730269238
0.1536335100049436
0.15254539774939846
0.15201663188531134
0.15159943964852804
0.14808174934643456
0.14511540323976496
0.14342075094000936
0.14315691377067652
0.14246919285254242
0.14093419292077078
0.13731823046348435
0.11843564248537283
0.1054408920606392
0.10058411498202642
0.10024366820628762
0.099041192211095
0.09672866838407439
0.09503647215438245
0.08280219069238955
0.06468303000513327
0.06013554404499528
0.05922025057569327
0.0586392955231837
0.058169265936919574
0.051781163816676225
0.04751203002311403
0.046766785195524414
0.04652832266882914
0.04366041521425611
0.04309546672919272
0.042029905086818135
0.040937445019652824
0.04068405597673442
0.039907627621219396
0.03975120019168339
0.03911537494061457
0.038991551689977866
0.03769394162766243
0.037194918733698415
0.03701981673475035
0.036904075320629504
0.03632739027203993
0.03590754863777019
0.035067831029566565
0.033667315538697146
0.03348894575590447
0.033151201812653
0.032954150140869116
0.02793968693247514
0.026017190980732675
0.021784872589100293
0.019558320733620266
0.018151585690059917
0.01780774612216879
0.0165355782428962
0.016461739827532424
0.016283961874022094
0.016096069826864547
0.015875377879865222
0.015783418652914775
0.01569510079623349
0.015686052463621883
0.01567155583553861
0.015664956410826904
0.01566317164834335
0.015660301912262233
0.015660140183520552
0.01565959343864277
0.015659558702445935
0.015659038146982635
0.015658862908470954
0.015574971017531546
0.015376266674559783
0.015243254689291249
0.01522283629536406
0.014882849339128942
0.014750472147975287
0.014360179186694178
0.012309151294878874
0.01229138404297002
0.011947285533150586
0.010981050808793816
0.010459033618036252
0.009981763144414003
0.009732858942060722
0.009566109494265182
0.009451871623323938
0.009440957855998985
0.009394183777237634
0.008934120408177718
0.008463301507630553
0.008369208282090545
0.008241784128566736
0.008180810990515236
0.008071403489550029
0.007891785935866936
0.007815446274342833
0.0077566831745973
0.007756664658992429
0.0077425335921301455
0.007736990383996212
0.007736243270516838
0.007728734206011528
0.007723576699046015
0.007720896816969384
0.007719678430345378
0.007719296053230046
0.00746539292053241
0.007357595807133341
0.007338881299747427
0.007290133996340185
0.0072813329941773045
0.007269956068331276
0.007262979237877279
0.007193677132516494
0.007122442319836295
0.007080171262929365
0.007079671468280333
0.006942624076737793
0.006901734320736656
0.006898176296820557
0.006897407594543861
0.006865858840527567
0.006839130574852627
0.006835128784572801
0.006826136507565274
0.006812108495227185
0.006811464208347216
0.006810152308492724
0.006806153362143053
0.006802909846393931
0.006802507702761554
0.006795578018985158
0.0067742621985455624
0.0067704045232811795
0.006764558517833519
0.006759139164763523
0.006740120689994068
0.006728773262204981
0.006722170425270659
0.006718472223113246
0.006716527464516945
0.0067156204916428664
0.006715310167105499
0.006714733176092785
0.006703688148244945
0.006701287017088731
0.006660724898883014
0.006648203714196967
0.0066400255541821844
0.006633080329425595
0.006628940671979723
0.006621879079596862
0.006617686730524259
0.006616263091197992
0.006611327794812519
0.006610463985300707
0.00660850290479002
0.006605613251005209
0.006603582972868635
0.006602138875089794
0.006601098876694186
0.006600340657067279
0.006599781299983083
0.006599364034230819
0.006599049562374666
0.006598810362966964
0.006598626925410225
0.006598485245425264
0.00659837514627597
0.0065982891436532866
0.006598221670641061
0.006598168542846271
0.006598126585004032
0.006598093367142141
0.006598067015836243
0.00659804607750104
0.0065980294181669655
0.006598016149153524
0.006598005571353213
0.006597997133055648
0.006597990397740914
0.00659798501929605
0.006597980722816588
0.006597977289649934
0.006597974545687439
0.00659797235216277
0.006597970598396046
0.006597969196056593
0.006597968074616344
0.006597967177740186
0.006597966460415924
0.006597965886669583
0.00659796542774487
0.0065979650606514135
0.006597964767006286
0.006597964532109153
0.006597964344203587
0.006597964193886907
0.006597964073638533
0.006597963977443016
0.006597963900488641
0.006597963838926444
0.006597963789677521
0.006597963750278915
0.006597963718760373
0.006597963693545757
0.006597963673374205
0.006597963657237052
0.006597963644327389
0.006597963633999695
0.006597963625737562
0.006597963619127871
0.006597963613840127
0.00659796360960994
0.006597963606225793
0.006597963603518478
0.006597963601352628
0.006597963599619949
0.0065979635982338055
0.006597963597124893
0.0065979635962377615
0.0065979635955280575
0.006597963594960295
0.006597963594506083
0.006597963594142715
0.006597963593852021
0.006597963593619466
0.006597963593433421
0.006597963593284585
0.006597963593165517
0.006597963593070261
0.006597963592994058
0.006597963592933094
0.006597963592884326
0.006597963592845309
0.0065979635928140965
0.006597963592789126
0.006597963592769149
0.006597963592753169
0.006578962794289993
0.0065737913041209566
0.006563163697676139
0.006560236156168749
0.006554616776879961
0.006552002766328863
0.006551743258792443
0.0065422305372983686
0.006534064833858069
0.006529462451009389
0.006527015859868724
0.0065258491886446895
0.006525421836746101
0.006525403785678837
0.006525156519605043
0.006525087697966963
0.006525073554500852
0.006416430450520188
0.006355912947786768
0.0062429973507077165
0.006134026471747822
0.006049046715596802
0.005982468956766801
0.005901410900224334
0.005629241389881186
0.005444834585405257
0.0053186395762556135
0.005231335046971802
0.00517022836948773
0.005053968810562494
0.004924511951796611
0.004836015522099937
0.004774862575024856
0.004732112503241438
0.004701862708775758
0.004680191041498287
0.004590545509150913
0.004478707010066564
0.004408528597534644
0.004364732995019864
0.004337598674614922
0.004320948601719377
0.0043108652687971205
0.004304870106711588
0.0042652163395046775
0.004217703861716938
0.004168798837385288
0.0041376560675586704
0.004136314460544901
0.004126328175461159
0.004018064589686354
0.0039333507443748755
0.003873418298553942
0.0038217460740086404
0.003790266381652984
0.0037713918036280333
0.0037603300137582004
0.0037540648202944145
0.0037507065781199195
0.0035223102256964674
0.003134041680741149
0.003113183484065617
0.0030683861317639333
0.003024807192012418
0.003022287082343264
0.003016954507351671
0.0029992931709429227
0.002994167221464786
0.0029933227067468655
0.002837718910324264
0.002746123866933732
0.0026790883104942545
0.002664484170455611
0.002664006153348728
0.002541488890549586
0.00252233223318524
0.002514146513296183
0.0024635249770297734
0.0024501590351242593
0.002416305693241908
0.0024108222964864126
0.0024098865677062205
0.0023967080239311917
0.0023932801370283694
0.0023739663382975396
0.0023565991537107017
0.0023422935750218926
0.0023192738968480058
0.0023147371038237754
0.002311664631522375
0.0022981668198876477
0.0022546324170743645
0.0022132963950096127
0.002209097582552556
0.002192432496059122
0.0021794073775419547
0.0021725062594567597
0.002169237510094868
0.002168063883473363
0.002168047460811686
0.002166909848265265
0.002164409340099833
0.0021625055147120515
0.002161044266334348
0.002159914827268998
0.00215903659418428
0.0021583502113437436
0.0021520327358044147
0.002142360337080313
0.0021055903591841053
0.002078447487753031
0.00199184464053679
0.001990512818808148
0.001966336936504956
0.001964346307869523
0.0019625425269651033
0.001956815216012039
0.001946741910467311
0.001944075001133085
0.001943044385131974
0.0019330702329912468
0.0019307686662310246
0.0019289995514452543
0.001928705869226972
0.001922071491824217
0.001920658410367805
0.0019170217523622037
0.0019132848122489251
0.0019115946786137515
0.0019094157437672468
0.0019031419577814576
0.0018995774769311007
0.0018969305826928514
0.0018957345856221348
0.0018893256048799541
0.0018833769957377919
0.001879534864650748
0.001877047883766191
0.001875433802408996
0.001874382859467528
0.0018678684623181882
0.00185732356481447
0.0018446062838929755
0.0018346760407598039
0.001826887738479842
0.0018207568676808805
0.0018159160244977173
0.0018120842161630294
0.0018090449238708593
0.0018066302288374946
0.0018047091856430396
0.0018031792073001079
0.0018019596126018474
0.0018009867451479322
0.0018002102484998056
0.001799590201462906
0.0017990949000136127
0.0017986991300095216
0.0017983828155456697
0.0017981299569598173
0.0017979277936016817
0.0017977661419619235
0.0017976368712400365
0.0017975334870400756
0.001797450800401738
0.0017973846643529118
0.001797331764001431
0.0017972894491522977
0.0017972556007495042
0.001797228524252237
0.0017972068644784033
0.0017971895375706833
0.0017971756766277697
0.0017971645882467265
0.0017795800919938151
0.001776208243664308
0.0017734921932289678
0.0017665733214736257
0.0017633200241192488
0.0017623666646829688
0.0017607510743724536
0.0017600651670287204
0.00175990464269273
0.0017598519197025288
0.0017597197265745458
0.0017596342995465587
0.0017595098339706174
0.0017594114954166812
0.0017590416196402359
0.001758326749615375
0.0017512750968385344
0.0017417149538131653
0.0017405613696573144
0.0017296689076651574
0.0017220734329572295
0.0017173035250055914
0.001714323740605694
0.0017124750439410793
0.0017113385703567804
0.001710648581087675
0.0017102368710153228
0.0017056075167791891
0.0016795060360815927
0.0016549088050740032
0.001640991683236177
0.0016335448100655945
0.001629946879080921
0.0016285786575263319
0.0016132962622364335
0.001607906144645994
0.0016072279134138226
0.0015969259011283752
0.0015744671414879487
0.0015661894354084913
0.0015397477759053967
0.0015195066789318997
0.0015071899358779606
0.0014860680053590712
0.0014527308789709936
0.0014354837017398203
0.0014096297402635897
0.0013867076306016393
0.0013739996175068613
0.0013686113283755048
0.0013584016401547027
0.0013318895469235465
0.0013201276662131638
0.0013149066932066948
0.001309042346090195
0.0013016643108097585
0.001301520039668283
0.0013012577307115678
0.001301086553827889
0.0013009778453602287
0.0013009516076036818
0.0013009464472127918
0.0013008916111693907
0.0013008790757951649
0.0013008765159686882
0.0012574379074654684
0.0012203611477646964
0.001168943966396353
0.001153174582271833
0.0011433755908335462
0.001136525141466341
0.0011318897017882368
0.0011290120458868885
0.0011272415665041357
0.0011261654360144614
0.0011255222935533011
0.0011251471472199424
0.0011249362254400204
0.0011248245729996121
0.001124771785436745
0.0011247529373957042
0.0011247528234487945
0.001124621283438429
0.0011244284010208528
0.0011242782501271287
0.0011241607886379643
0.0011240685213511547
0.0011239957967406002
0.0011239383141522497
0.0011238927742256277
0.001123856627816528
0.0011238278934298548
0.001123805022874504
0.0011237868012807762
0.0011237722719101477
0.0011237606790724304
0.0011237514244238811
0.001123744033262879
0.0011237381283710954
0.0011237334096013587
0.0011237296378775316
0.0011237266226053254
0.0011237242117359486
0.001123722283903415
0.001123720742189688
0.0011237195091721775
0.0011237185229843911
0.001123717734178945
0.0011237171032272477
0.0011237165985251926
0.001123716194801503
0.001123715871846841
0.0011237156134986572
0.0011237154068300598
0.0011237152415015494
0.0011237151092428166
0.0011237150034384379
0.0011237149187966042
0.0011237148510842064
0.0011237147969149711
0.0011237147535800207
0.001123714718912341
0.0011237146911783752
0.0011237146689913186
0.001123714651241746
0.0011237146370421346
0.0011237146256824764
0.001123714616594768
0.0011237146093246143
0.0011237146035084995
0.0011237145988556119
0.0011237145951333058
0.0011237145921554627
0.0011237145897731895
0.0011237145878673716
0.0011237145863427186
0.0011237145851229955
0.0011237145841472176
0.0011237145833665957
0.001123714582742098
0.0011237145822425001
0.0011237145818428218
0.0011237145815230789
0.001123714581267285
0.0011237145810626497
0.0011237145808989416
0.001123714580767975
0.0011237145806632016
0.0011237145805793826
0.001123714580512328
0.001123714580458684
0.0011237145804157689
0.001123714580381437
0.0011237145803539713
0.001113306020387528
0.0010932223579193188
0.001067489310733482
0.0010386312857048477
0.0010196600007985938
9.980488210506791E-4
9.576865866847764E-4
9.555837688624185E-4
9.223145489272368E-4
9.070474861759345E-4
9.062876050885116E-4
9.059123159996385E-4
8.943022002792291E-4
8.847722665190797E-4
8.788053008615991E-4
8.752863942508494E-4
8.673465488282264E-4
8.646528148833113E-4
8.616565122097712E-4
8.611972923133283E-4
8.584230919676027E-4
8.563713711944992E-4
8.536829322767557E-4
8.524149308446579E-4
8.46570788820454E-4
8.432506254739223E-4
8.431480787572458E-4
8.430689347050658E-4
8.43064252638489E-4
8.404548450606362E-4
8.242892531712605E-4
8.175120164567654E-4
8.076754896043722E-4
8.000746553807669E-4
7.901562243612308E-4
7.814950759307029E-4
7.800398314511843E-4
7.702757244215767E-4
7.640114876928442E-4
7.599902096026279E-4
7.57406858357828E-4
7.557457269475067E-4
7.546763735539815E-4
7.539870039493899E-4
7.535418206562626E-4
7.532537139517105E-4
7.530667741432366E-4
7.529450914517648E-4
7.52865581557984E-4
7.528133888489731E-4
7.527789404136134E-4
7.527560573337088E-4
7.527407432975507E-4
7.527304072223938E-4
7.52723364060681E-4
7.527185139782949E-4
7.527151359584558E-4
7.527127548520695E-4
7.527110556050301E-4
7.52709827815764E-4
7.527089298137046E-4
7.527082653188431E-4
7.527077682232973E-4
7.527073926270802E-4
7.527071062814471E-4
7.527068862489988E-4
7.527067160112372E-4
7.527065835254739E-4
7.527064799077089E-4
7.52706398530838E-4
7.527063344004394E-4
7.527062837176238E-4
7.52706243569133E-4
6.949232983226752E-4
6.665283974775476E-4
6.611055406506008E-4
6.49562290716748E-4
6.335315447654519E-4
6.266448885200286E-4
6.206015066537467E-4
6.169377050502061E-4
6.042038393947213E-4
5.954079878580584E-4
5.911375672818847E-4
5.89491637638966E-4
5.893079542881642E-4
5.146524913420865E-4
3.932013082928193E-4
3.817363250165447E-4
3.657574208415676E-4
3.5359237798772674E-4
3.487167877024707E-4
3.269213560963808E-4
3.1146399646213687E-4
3.0231820364279977E-4
2.9918505869081923E-4
2.9056138036100604E-4
2.807228349083734E-4
2.7884179821006954E-4
2.78062020895324E-4
2.635745417682468E-4
2.546500234103822E-4
2.4167727231422186E-4
2.2895097892731734E-4
2.259877315138328E-4
2.2365758218936265E-4
2.2176582640552942E-4
2.198035727946781E-4
2.1938888356455355E-4
2.1931781721414118E-4
2.1895483146074663E-4
2.1855903035146608E-4
2.18435518187353E-4
2.18411154315659E-4
2.1840992354535817E-4
2.184031563205602E-4
2.1839457931660061E-4
2.1839451676410797E-4
2.1839442886223854E-4
2.1352424625467657E-4
1.9962702188549875E-4
1.9950364043741338E-4
1.9296486534621708E-4
1.929097176478411E-4
1.906260764020976E-4
1.9060607316925802E-4
1.8890973114584443E-4
1.8804971754145095E-4
1.824661638442305E-4
1.7665180418024738E-4
1.7329703597775194E-4
1.7284868090900076E-4
1.7090446388962657E-4
1.7034448706760894E-4
1.6993069075247103E-4
1.6957580534431154E-4
1.693734391849021E-4
1.6926373324433023E-4
1.692093681635244E-4
1.6918725188873676E-4
1.691832393744151E-4
1.6621552690758583E-4
1.6550619684599255E-4
1.617122973082971E-4
1.6063198779063068E-4
1.592261592800557E-4
1.5842078360826935E-4
1.5703860796464607E-4
1.5568014863900692E-4
1.5497991256645775E-4
1.5466710379671427E-4
1.5457518003742865E-4
1.5126350313228383E-4
1.5057913853186398E-4
1.5028758754291184E-4
1.501678619315279E-4
1.5010291062517996E-4
1.4966190885413213E-4
1.4955408501877036E-4
1.4893789177624936E-4
1.4878363263652402E-4
1.486245368672441E-4
1.4841899484175898E-4
1.483036839922157E-4
1.482428738859217E-4
1.4791070679031175E-4
1.476069583330745E-4
1.4732894394518432E-4
1.4719035317402814E-4
1.4713312583016305E-4
1.4712167692982925E-4
1.4707250289003478E-4
1.4702439364874516E-4
1.4698685420925494E-4
1.4695742934792922E-4
1.4665602761024013E-4
1.4650284716123929E-4
1.4636310685861464E-4
1.4626067439656312E-4
1.4622243334237405E-4
1.4609962473846277E-4
1.460284893261438E-4
1.4598893233760705E-4
1.4596839160522138E-4
1.4595906612871687E-4
1.4595615429753187E-4
1.4546970787592328E-4
1.449812135855029E-4
1.44681408725717E-4
1.446283460954184E-4
1.444997988043205E-4
1.4439119774064795E-4
1.3514216436433658E-4
1.2904043218970614E-4
1.2115830953052049E-4
1.1731789546739224E-4
1.1691151313868562E-4
1.1680050632620493E-4
1.1637348608744851E-4
1.1605720224561441E-4
1.1500008456971868E-4
1.1445030089517977E-4
1.1413410290683315E-4
1.1356801899091665E-4
1.1346157022557808E-4
1.1261140734978491E-4
1.125008990864911E-4
1.1229511653002427E-4
1.1208065131841348E-4
1.119662669830887E-4
1.1194205562413933E-4
1.1188924072679767E-4
1.1183655613820739E-4
1.1183337295849605E-4
1.118079148338263E-4
1.1174800723776964E-4
1.1170466561824974E-4
1.1167292637532214E-4
1.1164941277470053E-4
1.1163180368218439E-4
1.1161848555247944E-4
1.1160832330107252E-4
1.1160050854145554E-4
1.1159445836032738E-4
1.1158974725642676E-4
1.1158606095954747E-4
1.1158316477723835E-4
1.1158088165871554E-4
1.1157907681338485E-4
1.115776467927924E-4
1.115765116439486E-4
1.115756092001568E-4
1.1157489087730464E-4
1.1157431854361896E-4
1.1157386216441191E-4
1.1157349801320076E-4
1.1157320730161078E-4
1.1157297512234127E-4
1.115727896285273E-4
1.1157264139322105E-4
1.1157252290721297E-4
1.1157242818383799E-4
1.1157235244701426E-4
1.1157229188435605E-4
1.1157224345138199E-4
1.1157220471598027E-4
1.1157217373468457E-4
1.1157214895414444E-4
1.1157212913259009E-4
1.115721132771883E-4
1.1157210059404557E-4
1.1157209044828579E-4
1.1157208233216076E-4
1.1141739948201085E-4
1.1051753258084948E-4
1.1048606837654245E-4
1.1037418159958265E-4
1.1033066221202286E-4
1.1031729442838271E-4
1.1029516801755562E-4
1.1029360148411324E-4
1.1018161278430478E-4
1.0945480953407808E-4
1.0932043829826485E-4
1.0890516794316544E-4
1.0688781911852173E-4
1.06070349073171E-4
1.059260748060835E-4
1.054805570448723E-4
1.0518848311352024E-4
1.050822233505836E-4
1.038186064573206E-4
1.031818233109094E-4
1.0296623242805142E-4
1.0285331356438827E-4
1.0250892410092572E-4
1.0222915877854135E-4
1.0218239886171169E-4
1.0197791226944257E-4
1.0178481389534458E-4
1.0165031302107625E-4
1.0155549812966797E-4
1.0124802793655964E-4
1.0083592780001248E-4
1.0073789671738059E-4
1.0070866039309516E-4
1.0066896845845851E-4
1.005312314791078E-4
1.0047821955344248E-4
1.0046994685155531E-4
1.0029090408403405E-4
1.0016972719284894E-4
1.0010054869244111E-4
1.0006297422014065E-4
1.000442863722367E-4
1.0003661400107293E-4
1.0003513396472393E-4
1.0002490871116442E-4
1.0002047840964646E-4
1.0001829700916802E-4
1.000140233787534E-4
1.0001125454237843E-4
1.0000945551677091E-4
1.0000828256411991E-4
1.0000751461341363E-4
1.0000700931615384E-4
1.0000667487886139E-4
1.0000645200135726E-4
1.0000630228964508E-4
1.0000620081806158E-4
1.0000613135137808E-4
1.0000608327280447E-4
1.000060496066005E-4
1.0000602574349646E-4
1.0000600861772308E-4
1.0000599617451869E-4
1.0000598702470032E-4
9.993972049688662E-5
9.986284809958762E-5
9.984570147587216E-5
9.98347251076048E-5
9.980377576485073E-5
9.980100489919982E-5
9.97720746554586E-5
9.974793413070903E-5
9.972940274307846E-5
9.971507749356216E-5
9.970393720472555E-5
9.969522971655318E-5
9.968839476146931E-5
9.968301066009276E-5
9.967875705111353E-5
9.967538851408822E-5
9.96727156685691E-5
9.967059146197854E-5
9.965822193451692E-5
9.964413022555261E-5
9.963718808496702E-5
9.962565846916572E-5
9.961705607321456E-5
9.961194702140068E-5
9.960899441351576E-5
9.960735849269009E-5
9.96065145019383E-5
9.960613674671835E-5
9.960602490246665E-5
9.959187724511402E-5
9.957705517689189E-5
9.956781030916156E-5
9.95620865985597E-5
9.955857782757092E-5
9.955269998019692E-5
9.954613045066028E-5
9.954394751389556E-5
7.347056154030612E-5
7.065653593413328E-5
6.954684936308044E-5
6.762687092220707E-5
6.115453716405541E-5
5.6007996091257824E-5
5.1418162321420975E-5
5.0962146037572075E-5
5.072586449475278E-5
4.957850257176931E-5
4.85418054558147E-5
4.807123053240157E-5
4.700746791439407E-5
4.6326026494166836E-5
4.5889397309459394E-5
4.5609549290637074E-5
4.5430122286103116E-5
4.531502958521125E-5
4.524116272224836E-5
4.519372190243842E-5
4.516322695574912E-5
4.51436039322592E-5
4.513096019113866E-5
4.5122800191951904E-5
4.5117523388576696E-5
4.511410271130002E-5
4.511187865934969E-5
4.51104274113069E-5
4.510947632872385E-5
4.510884980880216E-5
4.5108434574397446E-5
4.510815741505455E-5
4.510797090561602E-5
4.5107844237608086E-5
4.51077573285092E-5
4.510769703342685E-5
4.51076547059669E-5
4.510762462550673E-5
4.5107602981303594E-5
4.5107587214846674E-5
4.5107575592980736E-5
4.510756692991969E-5
4.5107560405507176E-5
4.510755544584041E-5
4.510755164441944E-5
4.510754870972268E-5
4.510754643008685E-5
4.510754464997599E-5
4.5107543253789915E-5
4.510754215469872E-5
4.5107541286854674E-5
4.510754059989394E-5
4.510754005500661E-5
4.510753962209278E-5
4.510753927767918E-5
4.510753900337545E-5
4.5107538784717864E-5
4.510753861029444E-5
4.51075384710774E-5
4.5107538359909644E-5
4.5107538271107225E-5
4.510753820014959E-5
4.5107538143437466E-5
4.5107538098102325E-5
4.510753806185629E-5
4.5107538032873625E-5
4.510753800969655E-5
4.510753799116068E-5
4.5107537976335714E-5
4.5107537964478086E-5
4.510753795499351E-5
4.431435630151838E-5
3.899932586873897E-5
3.703854181513178E-5
3.701124878257442E-5
3.687573838379772E-5
3.6808052665885444E-5
3.6778621986058516E-5
3.677214405475535E-5
3.675797131029254E-5
3.675095572619105E-5
3.674810973024983E-5
3.674760347515446E-5
3.672964975117339E-5
3.671515920732704E-5
3.670385793986988E-5
3.6695003273180894E-5
3.668803880208682E-5
3.668254355305612E-5
3.667819620365209E-5
3.667474958801399E-5
3.667201230438998E-5
3.666983528317811E-5
3.666810186184855E-5
3.6666720369994434E-5
3.6665618533445236E-5
3.666473921264369E-5
3.666403713100269E-5
3.666347634569001E-5
3.666302828063996E-5
3.666267018904797E-5
3.6662383946461134E-5
3.6662155100031196E-5
3.6661972117376526E-5
3.666182579172596E-5
3.6661708769908304E-5
3.6661615177224E-5
3.66615403189292E-5
3.666148044243909E-5
3.666143254774027E-5
3.6661394236136866E-5
3.6661363589513796E-5
3.6661339073917497E-5
3.6661319462529855E-5
3.666130377411695E-5
3.6661291223832843E-5
3.666128118389114E-5
3.666127315212054E-5
3.666126672682102E-5
3.666126158665629E-5
3.666125747457239E-5
3.666125418493596E-5
3.6661251553246414E-5
3.666124944790735E-5
3.666124776364414E-5
3.666124641623871E-5
3.6661245338317655E-5
3.6661244475982935E-5
3.666124378611651E-5
3.666124323422421E-5
3.6661242792710924E-5
3.6661242439500665E-5
3.666124215693268E-5
3.6661241930878434E-5
3.666124175003513E-5
3.666124160536054E-5
3.6661241489620896E-5
3.666124139702924E-5
3.66612413229559E-5
3.6661241263697246E-5
3.666124121629034E-5
3.66612411783648E-5
3.0820640757148607E-5
2.7694673502389546E-5
2.6728658200233512E-5
2.5715198775376073E-5
2.5406548419280502E-5
2.430316098207006E-5
2.421359962362868E-5
2.3504358243416107E-5
2.3340960115655792E-5
2.3338262447574292E-5
2.2107509235706988E-5
2.210182116135322E-5
2.201117993245478E-5
2.1993418133223606E-5
2.1830595284495396E-5
1.7375370488751713E-5
1.660852361020482E-5
1.3331401476152478E-5
9.40055886631818E-6
9.392857327115883E-6
9.383623758613345E-6
9.378365149294518E-6
9.374160869622863E-6
9.372109967245284E-6
9.371449493542741E-6
9.371402750003882E-6
9.371061419343751E-6
9.37065964941673E-6
9.37035003759388E-6
9.370109902771601E-6
9.369922629880828E-6
9.369775905947119E-6
9.369660507202655E-6
9.369569455664685E-6
9.36949742560717E-6
9.369440320711795E-6
9.3693949690519E-6
9.369358900368083E-6
9.36933018151325E-6
9.369307293528412E-6
9.369289038883913E-6
9.369274470844076E-6
9.36926283924469E-6
9.369253548577974E-6
9.369246125396788E-6
9.369240192837241E-6
9.369235450620253E-6
9.369231659298286E-6
9.369228627809746E-6
9.369226203623103E-6
9.36922426491646E-6
9.369222714362462E-6
9.369221474182502E-6
9.36922048220701E-6
9.369219688734438E-6
9.369219054025391E-6
9.369218546302316E-6
9.36921814015212E-6
9.369217815250055E-6
9.36921755533998E-6
9.369217347419327E-6
9.36921718108755E-6
9.36921704802516E-6
9.369216941577195E-6
9.369216856420063E-6
9.369216788295153E-6
9.369216733795734E-6
9.369216690196524E-6
9.369216655317369E-6
9.369216627414172E-6
9.369216605091707E-6
9.369216587233784E-6
9.369216572947484E-6
8.72574211151293E-6
8.392221368635645E-6
8.283561950055523E-6
8.168906172059087E-6
7.918043808594559E-6
7.78693269491796E-6
7.726574221317502E-6
7.706786909535255E-6
7.697061583366144E-6
7.694311478391185E-6
7.693002325376466E-6
7.5985095009705265E-6
7.495744223227152E-6
7.399203121421045E-6
7.2281326043719775E-6
7.220589620261252E-6
7.161775308888078E-6
7.155677540526092E-6
7.1462650810948105E-6
7.0956240767640635E-6
7.071265714179094E-6
7.060895809595121E-6
7.053668489357846E-6
7.039930194942075E-6
7.013423116285599E-6
7.0061925196565916E-6
7.003628120532025E-6
7.003057016985062E-6
7.002222161871929E-6
6.99769853834058E-6
6.994313474440935E-6
6.9917550776735E-6
6.989804139045011E-6
6.988304686564914E-6
6.987144355571363E-6
6.986241198610456E-6
6.985534742055449E-6
6.984979860980222E-6
6.984542537988059E-6
6.984196891989864E-6
6.983923071124447E-6
6.983705739829322E-6
6.983532979047438E-6
6.983395477144629E-6
6.983285927924905E-6
6.9831985780227446E-6
6.983128883364131E-6
6.983073246205632E-6
6.983028812362609E-6
6.9829933138538E-6
6.982964946128748E-6
6.982942271841181E-6
6.982924145142311E-6
6.982909651931175E-6
6.982898062576959E-6
6.982888794430988E-6
6.982881382050151E-6
6.982875453512481E-6
6.982870711557224E-6
6.982866918552945E-6
6.982863884507871E-6
6.982861457501155E-6
6.982859516042565E-6
6.982857962969634E-6
6.982856720571407E-6
6.982855726691304E-6
6.982854931611847E-6
6.982854295564043E-6
6.9828537867358865E-6
6.982853379679818E-6
6.982853054039092E-6
6.9828527935291566E-6
6.9828525851229E-6
6.982852418398979E-6
6.982852285020534E-6
6.982852178318223E-6
6.982852092956657E-6
6.982852024667585E-6
6.982851970036446E-6
6.982851926331608E-6
6.9828518913677865E-6
6.982851863396758E-6
6.982851841019955E-6
6.982851823118524E-6
6.982851808797389E-6
6.982851797340488E-6
6.982851788174968E-6
6.9828517808425535E-6
6.982851774976626E-6
6.982851770283883E-6
6.982851766529688E-6
6.982851763526334E-6
6.98285176112365E-6
6.935892536755992E-6
6.863335367745697E-6
6.834968921366128E-6
6.8312705091128195E-6
6.8290695015910865E-6
6.8207032594474475E-6
6.814492114945342E-6
6.80983158283985E-6
6.8063005225930225E-6
6.803601988275602E-6
6.801524001704892E-6
6.79991335061359E-6
6.794478983734983E-6
6.788217603055074E-6
6.7836781997728135E-6
6.780347285954473E-6
6.7778749445365815E-6
6.775824933314553E-6
6.7717569677339765E-6
6.771268172568418E-6
6.76910973303534E-6
6.767848504900695E-6
6.767380513446558E-6
6.765357221898287E-6
6.763520644220695E-6
6.762151509262193E-6
6.761120282692876E-6
6.758618867797748E-6
6.748509696680123E-6
6.74083956708044E-6
6.740048468906757E-6
6.73497047606912E-6
6.726533991808847E-6
6.71620091960161E-6
6.70824070789732E-6
6.702068536013246E-6
6.697256236892777E-6
6.693486678163947E-6
6.690522410744114E-6
6.677369186451717E-6
6.663426399206168E-6
6.652851998841736E-6
6.644763569386675E-6
6.638530323957979E-6
6.633021801553799E-6
6.622085457483986E-6
6.614902178323081E-6
6.610157664495123E-6
6.6043400801956275E-6
6.597520060700645E-6
6.594029191945233E-6
6.593306683297958E-6
6.592494190918868E-6
6.589002876731569E-6
6.587589598990773E-6
6.581491899816839E-6
6.572708400032061E-6
6.568018070096128E-6
6.5657611468781895E-6
6.564912626371557E-6
6.564846301529591E-6
6.564187099443105E-6
6.5640796373307605E-6
6.56333460458082E-6
6.560443419699311E-6
6.5578533181426046E-6
6.556088518952396E-6
6.552242501504399E-6
6.5498562778356356E-6
6.54838927668599E-6
6.544085905402925E-6
6.53788103176418E-6
6.533471098747095E-6
6.530288033197121E-6
6.518633075934E-6
6.5101407100567514E-6
6.50387904131223E-6
6.499210329649272E-6
6.490771969287623E-6
6.471300875605707E-6
6.457308695186212E-6
6.447129155347281E-6
6.439634614354001E-6
6.433929499281563E-6
6.421501557864265E-6
6.412989564632642E-6
6.407095400384759E-6
6.402965944402401E-6
6.396318358892401E-6
6.3885492548182085E-6
6.382885636055522E-6
6.378707806323236E-6
6.3755915043152454E-6
6.373243078246665E-6
6.371456891336004E-6
6.370087176331763E-6
6.369029314423914E-6
6.368207287358784E-6
6.357543852496596E-6
6.347506868143299E-6
6.339675623368746E-6
6.3335375668822785E-6
6.328708362866336E-6
6.316024827352342E-6
6.302189983304286E-6
6.291484628881484E-6
6.283152358665248E-6
6.276635031018349E-6
6.2684866681721515E-6
6.257460558613811E-6
6.249232870787629E-6
6.243030368411796E-6
6.238311341157604E-6
6.232784340685029E-6
6.224328981371551E-6
6.217974399882434E-6
6.213152946506611E-6
6.209463599367851E-6
6.20720272003544E-6
6.206619523616457E-6
6.202385302947463E-6
6.198902150564956E-6
6.196352928683186E-6
6.194465423193285E-6
6.193052616891288E-6
6.191984578627249E-6
6.191169960353651E-6
5.979044313523203E-6
5.342799509741331E-6
5.249551975165344E-6
4.96350859824734E-6
4.953066463120178E-6
4.700688256951607E-6
4.522316470186671E-6
4.521332506802544E-6
4.47769743256178E-6
4.463603686068113E-6
4.457867437810456E-6
4.450762868637576E-6
4.4507597034645305E-6
4.4478137289317945E-6
4.445646939845243E-6
4.44403510252137E-6
4.442823452787308E-6
4.4419039378800825E-6
4.441200201077516E-6
4.440657611714321E-6
4.440236596274234E-6
4.439908139794462E-6
4.439650722368917E-6
4.439448210993776E-6
4.4392883923354515E-6
4.439161939291537E-6
4.439061674061361E-6
4.438982036088393E-6
4.438918693205168E-6
4.438868254095484E-6
4.438828053333751E-6
4.438795989061013E-6
4.438770399298278E-6
4.4387499669475806E-6
4.438733646321099E-6
4.438720605982519E-6
4.438710184055725E-6
4.438701853134494E-6
4.4386951926344386E-6
4.438689866946032E-6
4.438685608130753E-6
4.4386822021892144E-6
4.438679478146824E-6
4.438677299367846E-6
4.4386755566358255E-6
4.438674162636551E-6
4.43867304755639E-6
4.438672155568588E-6
4.438671442027194E-6
4.4386708712253415E-6
4.438670414603869E-6
4.4386700493194945E-6
4.438669757100192E-6
4.438669523329994E-6
4.438669336317192E-6
4.4386691867091015E-6
4.4386690670240025E-6
4.4386689712768025E-6
4.438668894679606E-6
4.438668833402209E-6
4.438668784380523E-6
4.438668745163322E-6
4.438668713789654E-6
4.438668688690782E-6
4.43866866861172E-6
4.438668652548498E-6
4.438668639697936E-6
4.438668629417496E-6
4.438668621193152E-6
4.438668614613679E-6
4.4386686093501045E-6
4.438668605139246E-6
4.4386686017705606E-6
4.4386685990756134E-6
4.083182158234002E-6
3.952328477419466E-6
3.7418505579908446E-6
3.6877684951977265E-6
3.56688734694971E-6
3.4963368328749805E-6
3.4791032406244985E-6
3.446249458229105E-6
3.4444136459647954E-6
3.4415809892399545E-6
3.432983782704791E-6
3.425188397243912E-6
3.4248632376466495E-6
3.4172781243436092E-6
3.4090382064818167E-6
3.4031102824538973E-6
3.398792909798933E-6
3.3956109902780767E-6
3.393239520967387E-6
3.3914537479546706E-6
3.390096427103434E-6
3.3890562008601635E-6
3.3882532233456873E-6
3.3876295315613965E-6
3.3871425398794277E-6
3.3867606020509507E-6
3.3864599513191122E-6
3.3862225664334447E-6
3.386034665372784E-6
3.3858856289068957E-6
3.3857672217390746E-6
3.385673022087946E-6
3.385597999060246E-6
3.3855381961217352E-6
3.385490491680463E-6
3.385452416389548E-6
3.3854220126445625E-6
3.385397725800731E-6
3.3853783194630463E-6
3.385362809200822E-6
3.385350410468114E-6
3.3853404975472725E-6
3.385332571092409E-6
3.3853262324128747E-6
3.3853211630592354E-6
3.385317108593917E-6
3.385313865672922E-6
3.3853112717529334E-6
3.385309196883696E-6
3.385307537159031E-6
3.385306209488562E-6
3.385305147422116E-6
3.385304297813713E-6
3.3853036181556324E-6
3.3853030744474993E-6
3.3853026394927254E-6
3.385302291536415E-6
3.385302013176172E-6
3.385301790491053E-6
3.3853016123449253E-6
3.385301469829284E-6
3.385301355817577E-6
3.3853012646087265E-6
3.385301191641977E-6
3.3853011332687883E-6
3.3853010865703724E-6
3.3853010492117272E-6
3.385301019324866E-6
3.385300995415413E-6
3.385300976287873E-6
3.385300960985856E-6
3.3853009487442502E-6
3.3853009389509726E-6
3.385300931116354E-6
3.3853009248486618E-6
3.3853009198345096E-6
3.3853009158231886E-6
3.3853009126141327E-6
3.3853009100468885E-6
3.3853009079930928E-6
3.3853009063500564E-6
3.3853009050356277E-6
3.3853009039840854E-6
3.385300903142851E-6
3.3853009024698637E-6
3.385300901931474E-6
3.385300901500762E-6
3.3853009011561927E-6
3.3853009008805364E-6
3.3853009006600126E-6
3.3853009004835926E-6
3.385300900342456E-6
3.3853009002295488E-6
3.3853009001392216E-6
3.3853009000669595E-6
3.3853009000091504E-6
3.3853008999629032E-6
3.385300899925906E-6
3.385300899896308E-6
3.3853008998726294E-6
3.385300899853687E-6
3.3853008998385325E-6
3.3853008998264094E-6
3.385300899816711E-6
3.385300899808952E-6
3.3853008998027446E-6
3.385300899797779E-6
3.385300899793806E-6
3.385300899790628E-6
3.385300899788086E-6
3.3853008997860512E-6
3.385300899784424E-6
3.3853008997831226E-6
3.385300899782081E-6
3.385300899781248E-6
3.3853008997805815E-6
3.385300899780049E-6
3.3853008997796222E-6
3.385300899779281E-6
3.3853008997790077E-6
3.385300899778789E-6
3.3853008997786147E-6
3.385300899778475E-6
3.3853008997783627E-6
3.3853008997782738E-6
3.3853008997782026E-6
3.385300899778145E-6
3.3853008997780993E-6
3.385300899778063E-6
3.385300899778033E-6
3.3853008997780095E-6
3.3853008997779913E-6
3.385300899777976E-6
3.385300899777964E-6
3.3853008997779544E-6
3.385300899777947E-6
3.385300899777941E-6
3.3853008997779354E-6
3.385300899777931E-6
3.3853008997779286E-6
3.385300899777926E-6
3.3853008997779235E-6
3.385300899777922E-6
3.385300899777921E-6
3.38530089977792E-6
3.3853008997779193E-6
3.3853008997779184E-6
3.3853008997779176E-6
3.385300899777917E-6
1.928159987046507E-6
1.6270803077830234E-6
1.2999085794321167E-6
1.18955210800017E-6
1.1885915657658812E-6
1.1741319376837737E-6
1.1696330618053902E-6
1.163554047023759E-6
1.1610012409847571E-6
1.1604376558567893E-6
1.1553702842578813E-6
1.1513905676848618E-6
1.1485079528214948E-6
1.1463946023036317E-6
1.1448272763679533E-6
1.1436523624857223E-6
1.1427629573743768E-6
1.142083769921742E-6
1.141561115406956E-6
1.141156236881414E-6
1.1408408109162035E-6
1.1405938953313776E-6
1.1403998349834166E-6
1.1402468088617837E-6
1.140125810144788E-6
1.14002992136659E-6
1.1399537928690873E-6
1.1398932628871203E-6
1.1398450775038097E-6
1.139806681902609E-6
1.1397760631531357E-6
1.1397516307017077E-6
1.1397321247713833E-6
1.1397165456468459E-6
1.139704098743839E-6
1.1396941517152716E-6
1.1396862008084747E-6
1.1396798443813135E-6
1.139674761990481E-6
1.1396706978383887E-6
1.139667447643483E-6
1.1396648482086893E-6
1.139662769122378E-6
1.1396611061487039E-6
1.1396597759588055E-6
1.1396587119278724E-6
1.1396578607805562E-6
1.1396571799122596E-6
1.1396566352493377E-6
1.1345684563343926E-6
1.0260007026749826E-6
9.898228587241744E-7
9.471839692954318E-7
9.452347888932468E-7
9.320442003040295E-7
9.209559870878507E-7
9.120263974239675E-7
9.102317968671206E-7
8.972445543279056E-7
8.959434723000769E-7
8.954975026703139E-7
8.900756401745138E-7
8.85589655547629E-7
8.82487174950651E-7
8.803164270199677E-7
8.787790200654364E-7
8.776765769914212E-7
8.768762113255596E-7
8.762881356206143E-7
8.758510938264145E-7
8.755228484036987E-7
8.752739403936185E-7
8.750835745155328E-7
8.749368885522509E-7
8.748231280947051E-7
8.74734416249039E-7
8.746649165455433E-7
8.746102574374911E-7
8.745671321700848E-7
8.745330172483431E-7
8.745059718979473E-7
8.744844934333084E-7
8.650217738569345E-7
8.560140913556106E-7
8.477114685663699E-7
8.452037917475702E-7
8.404420612711827E-7
8.375795523437253E-7
8.373589136188352E-7
8.349973052861399E-7
8.33536486163663E-7
8.331284543090299E-7
8.328208317811489E-7
8.104251073208518E-7
8.096551767140833E-7
8.084875938311743E-7
8.08053862183165E-7
8.057259501861517E-7
8.043295119484394E-7
8.035105318286043E-7
8.030461768337505E-7
8.02796823462517E-7
8.026755043653052E-7
8.007168126964427E-7
7.996314631491452E-7
7.979286729565075E-7
7.939987785925355E-7
7.913435828155916E-7
7.895322068111468E-7
7.88283285602541E-7
7.874122635764249E-7
7.867974395176232E-7
7.863580561503208E-7
7.860401340195119E-7
7.858072904352052E-7
7.856347718047781E-7
7.855055608921284E-7
7.854078267166912E-7
7.853332454913382E-7
7.852758884246541E-7
7.852314798360091E-7
7.851968982865033E-7
7.821159648177883E-7
7.820592824510979E-7
7.814721035541238E-7
7.811128592536074E-7
7.808961830561147E-7
7.806610901285604E-7
7.790905005592788E-7
7.78926642280859E-7
7.781455566987173E-7
7.776689506772048E-7
7.77382553824283E-7
7.772141646390901E-7
7.748808186367066E-7
7.747268546569291E-7
7.741329658241685E-7
7.737681009126705E-7
7.727991664568576E-7
7.725721854687237E-7
7.718868162309123E-7
7.713988700279903E-7
7.710471365455422E-7
7.707904687867128E-7
7.697149086610084E-7
7.686820689287814E-7
7.678816396721116E-7
7.672578354854071E-7
7.667693772359676E-7
7.663853851003675E-7
7.646713152359385E-7
7.638613189609245E-7
7.632255066790992E-7
7.623701839294314E-7
7.613602080250815E-7
7.606693038589427E-7
7.601915095227293E-7
7.598572286116454E-7
7.59620494799826E-7
7.594507499372808E-7
7.593275250468673E-7
7.592369905742949E-7
7.591697120776826E-7
7.591191846925176E-7
7.590967418536683E-7
7.59080871848146E-7
7.590515713734548E-7
7.561367434679079E-7
7.559372417253808E-7
7.557111245162198E-7
7.556867657909188E-7
7.55671335761723E-7
7.556643879950671E-7
7.556435722291552E-7
7.550734196239974E-7
7.548560520744404E-7
7.548338808512245E-7
7.548170062396736E-7
7.548108561792945E-7
7.547033170520256E-7
7.546059874528242E-7
7.545477748755282E-7
7.544628892917595E-7
7.543616099894337E-7
7.542890340525489E-7
7.541721456361693E-7
7.540987247186809E-7
7.540936129024339E-7
7.540645356179498E-7
7.537533938444139E-7
7.536769936457897E-7
7.53622676946275E-7
7.535837363187113E-7
7.535554719651719E-7
7.53534708897387E-7
7.535192814287894E-7
7.535106261527265E-7
7.535076965647143E-7
7.534989132243685E-7
7.53492196664677E-7
7.53487021888978E-7
7.534830090905334E-7
7.534798801459314E-7
7.534774290185083E-7
7.534755014146545E-7
7.534739806423465E-7
7.534483796133523E-7
7.534252021871756E-7
7.534100203833394E-7
7.534000254280171E-7
7.533934664622525E-7
7.533934057759184E-7
7.53292824089601E-7
7.532158283536736E-7
7.531564833887355E-7
7.531104484560197E-7
7.530745427749568E-7
7.530525674828893E-7
7.530464084797773E-7
7.447447320831798E-7
7.311578346300903E-7
7.256343400515865E-7
7.219727577550447E-7
7.207316258301852E-7
7.1556760633405E-7
7.065588691345962E-7
6.969691913669362E-7
6.966963395829951E-7
6.94909616735822E-7
6.909864993983788E-7
6.88482428548461E-7
6.863692964685209E-7
6.863264741170794E-7
6.850795220374058E-7
6.833764315973818E-7
6.833643907370831E-7
6.814210930341015E-7
6.719502865602486E-7
6.708639420057914E-7
6.708139460565732E-7
6.697018026522694E-7
6.690210934888176E-7
6.679886353645087E-7
6.672994632910461E-7
6.665620201865117E-7
6.663815767772412E-7
6.66015646943875E-7
6.657088400445599E-7
6.655146731526378E-7
6.653921579607187E-7
6.653151495330198E-7
6.652669851753958E-7
6.652370568153993E-7
6.652186201281074E-7
6.652073946187256E-7
6.652006694691094E-7
6.651967327144651E-7
6.651945070643812E-7
6.651933177466381E-7
6.64106190164826E-7
6.610452778315272E-7
6.507381583233694E-7
6.430922228018511E-7
6.395065309155986E-7
6.38442443488726E-7
6.383204968301595E-7
6.242137067337002E-7
6.180372850563663E-7
6.056283056407608E-7
6.054840042265632E-7
6.002076743934146E-7
5.985151007997551E-7
5.942500124087721E-7
5.908253559235435E-7
5.886401432100037E-7
5.872468610229434E-7
5.863593635829088E-7
5.857947277490343E-7
5.854360508375522E-7
5.85208649631962E-7
5.850648344745908E-7
5.849741700652386E-7
5.849172466763456E-7
5.848816971739276E-7
5.848596506655594E-7
5.848461050387468E-7
5.848378871484215E-7
5.848329887472808E-7
5.84830142609485E-7
5.848285521524429E-7
5.84827719116854E-7
5.848273338596112E-7
5.848272056034031E-7
5.796990335596423E-7
5.659767406927128E-7
5.490724586425029E-7
5.371200841710811E-7
5.271746672517686E-7
4.963085339854871E-7
4.848598315573074E-7
4.8149078533012E-7
4.784198959515774E-7
4.73540226680573E-7
4.72896839927529E-7
4.7216036142457955E-7
4.702482259329492E-7
4.700692702118327E-7
4.697492207948357E-7
4.6960812800615266E-7
4.695240346550121E-7
4.6949710521267753E-7
4.6768722448365387E-7
4.668379328614213E-7
4.651247675543381E-7
4.6405871182502134E-7
4.634007322120316E-7
4.6299906210273646E-7
4.627575427072026E-7
4.6261540987359253E-7
4.625343965237076E-7
4.6249050931068163E-7
4.6246879055906524E-7
4.62459985809807E-7
4.6245842697170273E-7
4.6245232940273944E-7
4.6241508696057363E-7
4.623880299669186E-7
4.6236813602644383E-7
4.623533419329118E-7
4.623422241357488E-7
4.623337890837222E-7
4.6232733492095166E-7
4.623223596731996E-7
4.6231849984777504E-7
4.623154890260128E-7
4.6231312967329266E-7
4.583178822371628E-7
4.573070601697381E-7
4.571181903621022E-7
4.5703338768478534E-7
4.567291483585666E-7
4.5660484212763123E-7
4.565816116901086E-7
4.5332967376420575E-7
4.5323255605885603E-7
4.5251718211119984E-7
4.5233087693047276E-7
4.5209276835751694E-7
4.5172732493134075E-7
4.514825690499515E-7
4.5131722761495354E-7
4.5120445095982784E-7
4.511267073911653E-7
4.510724982997161E-7
4.510342419151842E-7
4.510069077762803E-7
4.5098713388513886E-7
4.5097265456101445E-7
4.509619285665394E-7
4.50953896548447E-7
4.5094782215156504E-7
4.5094318741331873E-7
4.5093962348144733E-7
4.509368644055347E-7
4.509347160693386E-7
4.509330351120837E-7
4.509317144817688E-7
4.5093067342422976E-7
4.509298504640952E-7
4.5092919842296096E-7
4.509286808393169E-7
4.509282693639299E-7
4.509279418421987E-7
4.509276808863036E-7
4.5092747280094124E-7
4.5092730676743747E-7
4.5092717421889787E-7
4.509270683581547E-7
4.509269837835367E-7
4.5092691619678747E-7
4.5092686217407287E-7
4.509268189857794E-7
4.509267844542668E-7
4.5047520536035515E-7
4.4950366910657127E-7
4.4934249769806916E-7
4.482680124671887E-7
4.4789899059030634E-7
4.474958514778462E-7
4.4501412903254256E-7
4.437241729477953E-7
4.413897063440709E-7
4.408045363661186E-7
4.4010158168675996E-7
4.391802236720496E-7
4.3569537693338163E-7
4.339732881255649E-7
4.3314653087425065E-7
4.315585782754022E-7
4.2976182254907126E-7
4.2934720196183437E-7
4.288660723389362E-7
4.284241937370828E-7
4.0571751857808946E-7
3.788789038016084E-7
3.7869147480897963E-7
3.644454934968306E-7
3.633941843056734E-7
3.5661661809860733E-7
3.5352491168397654E-7
3.5306184335592624E-7
3.528883609441573E-7
3.514866117797287E-7
3.5059367620294715E-7
3.4972871504052687E-7
3.492785731586284E-7
3.4907322896385393E-7
3.4900800596691033E-7
3.489734955260967E-7
3.487291761441603E-7
3.4855855639274466E-7
3.4843795547425736E-7
3.483516474643609E-7
3.48289111600375E-7
3.482432496573027E-7
3.482092268216389E-7
3.481837152531366E-7
3.4816439828635265E-7
3.481496437772576E-7
3.4813828757115344E-7
3.481294889430202E-7
3.4812263329603404E-7
3.4811726606197783E-7
3.4811304733619405E-7
3.481097203949021E-7
3.481070895870429E-7
3.4810500461766717E-7
3.4810334923539027E-7
3.4810203298923153E-7
3.481009851504889E-7
3.481001501807328E-7
3.480994843177202E-7
3.480989529794971E-7
3.4809852877431846E-7
3.480981899640314E-7
3.480979192702696E-7
3.4809770294211925E-7
3.4809753002478904E-7
3.480973917838466E-7
3.480972812505621E-7
3.480971928619955E-7
3.4809712217550103E-7
3.4809706564189506E-7
3.480970204249877E-7
3.480969842578473E-7
3.4809695532822163E-7
3.480969321871367E-7
3.480969136759427E-7
3.480968988680588E-7
3.4809688702243725E-7
3.4809687754637887E-7
3.4809686996581304E-7
3.4809686390154E-7
3.4809685905023677E-7
3.480968551692677E-7
3.4809685206453953E-7
3.4809684958078715E-7
3.4809684759380445E-7
3.4809684600423087E-7
3.4809684473257994E-7
3.480968437152641E-7
3.480968429014148E-7
3.4809684225033723E-7
3.4809684172947656E-7
3.4809684131278897E-7
3.480968409794395E-7
3.4809684071276004E-7
3.4809684049941674E-7
3.480968403287423E-7
3.4809684019220297E-7
3.480968400829714E-7
3.480968399955862E-7
3.4809683992567807E-7
3.4809683986975166E-7
3.480968398250104E-7
3.4809683978921757E-7
3.480968397605832E-7
3.480968397376757E-7
3.480968397193496E-7
3.4809683970468887E-7
3.480968396929602E-7
3.480968396835773E-7
3.4809683967607107E-7
3.4809683967006603E-7
3.4809683966526203E-7
3.480968396614186E-7
3.4809683965834415E-7
3.4809683965588447E-7
3.480968396539168E-7
3.4609378130029055E-7
3.329741565128392E-7
3.160453319181375E-7
3.121012519290725E-7
2.968312575131723E-7
2.900465951647274E-7
2.880949185239076E-7
2.8465553332426815E-7
2.8447781535859376E-7
2.834098610598993E-7
2.81611463809473E-7
2.61239925992782E-7
2.3539991857877446E-7
2.1577448021227202E-7
2.1292997416897508E-7
2.1144575925320928E-7
2.0196336378406686E-7
1.967850375291805E-7
1.807418969524616E-7
1.726876383096204E-7
1.716706612756833E-7
1.6703081195894507E-7
1.652914939520131E-7
1.6516247887220096E-7
1.648908984835061E-7
1.648880782662886E-7
1.6457666546168034E-7
1.6423344102277952E-7
1.6408131787085396E-7
1.6403799144479823E-7
1.637258809285034E-7
1.6350178036206693E-7
1.633468105948776E-7
1.6323839362014034E-7
1.6316161769731974E-7
1.6310656985952343E-7
1.6306661024558103E-7
1.6303725289445556E-7
1.6301543763117346E-7
1.6299905461582342E-7
1.629866324885198E-7
1.6297713272906184E-7
1.629698132046219E-7
1.6296413696627075E-7
1.629597107795584E-7
1.6295624330472842E-7
1.629535163485699E-7
1.629513648788146E-7
1.6294966296392022E-7
1.6294831375898695E-7
1.6294724228430895E-7
1.629463901536985E-7
1.6294571168065463E-7
1.629451709703438E-7
1.629447397256949E-7
1.629443955770796E-7
1.6294412080033368E-7
1.6294390132591074E-7
1.6294372596843552E-7
1.6294358582457568E-7
1.6294347380044497E-7
1.6294338423935295E-7
1.6294331262773535E-7
1.6294325536228507E-7
1.6294320956518498E-7
1.629431729372713E-7
1.6294314364119089E-7
1.6294312020832687E-7
1.629431014645959E-7
1.629430864712497E-7
1.6294307447762132E-7
1.629430648833898E-7
1.6294305720843414E-7
1.6294305106874443E-7
1.6294304615716864E-7
1.6294304222802069E-7
1.6294303908477427E-7
1.6294303657022335E-7
1.6294303455861208E-7
1.6294303294934192E-7
1.6294303166193794E-7
1.6294303063202254E-7
1.629430298080951E-7
1.629430291489563E-7
1.6294302862164735E-7
1.629430281998014E-7
1.629430278623256E-7
1.6294302759234538E-7
1.6294302737636154E-7
1.6294302720357476E-7
1.629430270653455E-7
1.6294302695476206E-7
1.6294302686629548E-7
1.629430267955222E-7
1.6294302673890363E-7
1.6294302669360875E-7
1.6294302665737281E-7
1.6294302662838417E-7
1.6294302660519318E-7
1.6294302658664048E-7
1.6294302657179821E-7
1.6294302655992448E-7
1.629430265504255E-7
1.6294302654282627E-7
1.6294302653674685E-7
1.6294302653188335E-7
1.6294302652799258E-7
1.6294302652487995E-7
1.6294302652238986E-7
1.6294302652039782E-7
1.6294302651880413E-7
1.6294302651752916E-7
1.6294302651650922E-7
1.6294302651569327E-7
1.629430265150405E-7
1.6294302651451827E-7
1.6294302651410053E-7
1.6294302651376632E-7
1.629430265134989E-7
1.6294302651328507E-7
1.629430265131139E-7
1.6294302651297702E-7
1.6294302651286748E-7
1.6294302651277987E-7
1.629430265127098E-7
1.629430265126537E-7
1.6294302651260888E-7
1.6294302651257298E-7
1.6294302651254426E-7
1.6294302651252123E-7
1.629430265125029E-7
1.6294302651248817E-7
1.6294302651247645E-7
1.6294302651246705E-7
1.6294302651245953E-7
1.6294302651245347E-7
1.629430265124487E-7
1.6294302651244482E-7
1.6294302651244174E-7
1.6294302651243928E-7
1.629430265124373E-7
1.629430265124357E-7
1.629430265124345E-7
1.629430265124334E-7
1.6294302651243259E-7
1.62943026512432E-7
1.6294302651243147E-7
1.6294302651243105E-7
1.629430265124307E-7
1.6294302651243047E-7
1.6294302651243023E-7
1.6294302651243007E-7
1.6294302651242994E-7
1.6294302651242983E-7
1.6294302651242975E-7
1.629430265124297E-7
1.6294302651242962E-7
1.6294302651242957E-7
1.6294302651242954E-7
1.6294302651242952E-7
1.629430265124295E-7
1.6294302651242946E-7
1.6294302651242944E-7
1.629430265124294E-7
