220483.25
182980.92
127938.51
84808.43
53717.863
33599.684
20632.145
12097.5205
7159.227
4774.674
3208.6624
2414.1155
1938.7001
1645.84
1416.2438
1280.1058
1150.2793
1021.5644
933.4352
850.5003
780.6445
739.83655
645.94824
590.781
539.9416
502.26187
475.2736
442.3437
417.56586
398.29504
377.3168
362.9604
350.27353
337.06897
320.53116
305.3203
298.47522
291.99527
285.12503
275.69485
267.56058
258.4251
251.50406
245.19377
230.5736
224.80043
223.08983
219.75107
215.09126
211.16216
204.92154
202.10794
198.92749
193.19188
187.19733
186.12328
182.69238
181.11526
178.60126
176.93636
173.21298
170.36647
167.34361
164.53314
161.79642
160.6005
156.8623
154.78598
154.24326
152.80466
151.14616
149.42601
146.04613
144.22993
140.93304
138.73662
137.70108
137.16954
135.8371
134.56279
132.54294
132.10669
130.32782
128.5115
127.4427
126.964066
125.879135
124.61998
123.01463
122.455246
121.52129
120.50143
119.65993
119.34832
117.95028
117.369026
116.34395
115.415474
114.22314
114.04326
112.501625
112.16035
111.237175
109.75986
109.546295
109.255165
108.4219
108.107735
108.05397
106.162
106.06717
104.92017
104.22981
103.04113
102.338715
102.07425
101.15612
100.5187
99.290726
98.809204
98.10939
97.46773
97.17724
96.62317
95.52326
94.283424
94.20504
93.547134
93.16801
92.70472
92.20127
91.47157
90.75889
89.89492
88.67599
87.55917
87.06489
86.6435
86.202736
85.69033
85.477165
84.67933
84.50672
84.32879
84.097916
83.66955
83.12049
82.236374
81.73217
81.46275
81.287636
81.09651
80.44675
80.42404
80.231575
80.15728
79.79509
79.441505
79.11617
78.86193
78.478745
78.18095
77.720894
77.43871
77.07905
76.58068
75.977585
75.38973
75.31108
74.955
74.89109
74.73684
74.436386
73.81492
73.47618
73.02824
72.58566
72.42973
72.11776
71.89261
71.6582
70.968124
70.681595
70.35339
70.18082
70.04475
69.96042
69.93015
69.6703
69.43282
69.37721
69.13147
68.94073
68.329506
68.07292
67.14014
66.89153
66.82335
66.73189
66.453026
66.32377
66.119
65.862854
65.62163
65.498
65.23588
65.195
65.04822
64.60265
64.44004
64.09021
63.91247
63.659523
63.03314
62.887455
62.5605
62.369823
61.957504
61.914608
61.80349
61.54478
61.294514
60.96188
60.67542
60.609478
60.449112
60.074844
59.93895
59.868504
59.6602
59.598766
59.199497
59.006935
58.774868
58.751896
58.56433
58.43624
58.20862
58.13418
58.069637
58.049355
57.695255
57.65481
57.474842
57.32033
57.1028
56.983833
56.91217
56.780968
56.746716
56.599022
56.495483
56.282
56.11408
56.082874
55.995228
55.851852
55.652756
55.492226
55.358524
55.21471
55.04282
54.99658
54.923954
54.80791
54.719765
54.661846
54.55053
54.464897
54.362495
54.346718
54.32312
54.255535
54.127155
53.92892
53.863773
53.805607
53.554775
53.539333
53.510967
53.40411
53.31407
53.155895
53.097958
53.06127
52.98041
52.91837
52.83085
52.77454
52.662052
52.595684
52.46829
52.389565
52.27635
52.237297
52.21293
52.17182
52.15361
52.077137
51.93328
51.793804
51.690407
51.518444
51.43081
51.359608
51.113224
50.989075
50.938637
50.79257
50.777622
50.761753
50.725002
50.66927
50.607803
50.491417
50.458145
50.399925
50.33151
50.253395
50.097095
49.99245
49.92047
49.87644
49.83087
49.818424
49.74817
49.71145
49.579796
49.53003
49.468624
49.38105
49.180016
48.91772
48.853275
48.788654
48.730457
48.64655
48.626156
48.588142
48.55601
48.480747
48.436928
48.341248
48.313354
48.14807
48.060844
47.977356
47.9211
47.9041
47.87527
47.810867
47.76747
47.723064
47.69927
47.65084
47.565113
47.472702
47.409416
47.348244
47.22178
47.146465
47.110435
47.055233
47.011013
47.00846
46.90981
46.890526
46.715294
46.65778
46.527473
46.479115
46.44316
46.36792
46.349613
46.28908
46.2547
46.17754
46.14465
46.105625
46.04632
46.0307
45.982788
45.943108
45.92421
45.880302
45.816982
45.76818
45.67201
45.658104
45.617867
45.572514
45.53095
45.479527
45.414314
45.372726
45.33356
45.270008
45.24551
45.145493
45.09737
45.062798
44.989807
44.83001
44.79108
44.702156
44.677425
44.637356
44.269615
44.203743
44.175064
44.157738
44.022755
44.00822
43.975044
43.931984
43.891895
43.867104
43.77444
43.750324
43.720165
43.698044
43.621395
43.564465
43.553932
43.53414
43.5188
43.49211
43.449356
43.444042
43.431618
43.41817
43.396526
43.375023
43.140938
43.12519
43.023937
42.992405
42.97814
42.958668
42.9515
42.908146
42.893867
42.856697
42.714886
42.695927
42.680737
42.663105
42.66048
42.63686
42.410458
42.4038
42.361755
42.24232
42.237354
42.128353
42.034084
42.01935
42.016308
41.99302
41.965466
41.908493
41.833332
41.772526
41.75658
41.607433
41.42168
41.3003
41.25277
41.03953
41.029804
40.894444
40.849773
40.84374
40.592136
40.48718
40.305195
40.28399
40.167152
40.160435
40.046158
40.01809
39.993572
39.966038
39.928688
39.89862
39.84186
39.76947
39.766525
39.739693
39.430187
39.413937
39.40138
39.363483
39.35053
39.341167
39.33462
39.315796
39.187294
39.183655
38.944744
38.83875
38.705196
38.470615
38.25907
38.220314
38.087284
37.861916
37.853874
37.818306
37.78174
37.7773
37.77197
37.75396
37.71134
37.53851
37.526203
37.484486
37.472755
37.42122
37.233276
37.22462
37.185795
37.16122
37.023766
36.997852
36.947685
36.940052
36.936
36.933716
36.902874
36.88928
36.86532
36.8554
36.847168
36.811287
36.78636
36.77821
36.737087
36.73224
36.722214
36.715206
36.707005
36.686134
36.67357
36.628933
36.626587
36.606495
36.601414
36.580265
36.56061
36.534035
36.517857
36.515854
36.490284
36.471092
36.458935
36.452698
36.45107
36.44242
36.422955
36.420036
36.415867
36.410297
36.380726
36.376446
36.37127
36.350636
36.33749
36.33156
36.324265
36.32216
36.31945
36.31306
36.308537
36.30516
36.26841
36.222813
36.21571
36.17699
36.149796
36.099266
36.068886
36.066124
36.062866
36.04656
36.027073
35.9863
35.977474
35.97575
35.73766
35.560513
35.544025
35.519577
35.460934
35.449326
35.436634
35.420353
35.416542
35.411148
35.40282
35.38452
35.319466
35.2913
35.29055
35.28798
35.27814
35.269184
35.264442
35.253483
35.250225
35.237503
35.233715
35.23043
35.226696
35.22148
35.214558
35.198437
35.156483
35.153324
35.127567
35.12507
35.115883
35.11103
35.10389
34.97012
34.96564
34.963238
34.957138
34.944817
34.942398
34.936573
34.911987
34.792076
34.788967
34.787334
34.76837
34.72084
34.669395
34.664837
34.65079
34.642292
34.638123
34.627914
34.626804
34.61127
34.56506
34.562416
34.543736
34.48498
34.47734
34.47572
34.45814
34.45372
34.437073
34.42863
34.420204
34.35696
34.356033
34.3384
34.325394
34.32294
34.318844
34.311092
34.302742
34.29267
34.280445
34.26758
34.258507
34.253654
34.245396
34.241966
34.237354
34.233376
34.23052
34.22758
34.214252
34.208965
34.196938
34.192978
34.136864
34.133503
34.128895
34.12299
34.116447
34.11519
34.11106
34.106113
34.102512
34.041134
34.03842
34.02216
34.00064
33.878086
33.873367
33.843033
33.825005
33.82333
33.81273
33.79961
33.795345
33.79128
33.786163
33.76092
33.75483
33.754154
33.727654
33.688156
33.685314
33.675404
33.64715
33.560417
33.402664
33.399395
33.390938
33.378704
33.37576
33.363632
33.294353
33.290993
33.28659
33.285133
33.27553
33.247116
33.234726
33.22861
33.145752
33.141865
33.049847
33.047623
33.035557
33.024475
33.022846
32.992214
32.989296
32.81972
32.799442
32.794186
32.446922
32.421963
32.398426
32.37666
32.35793
32.256237
32.2437
32.229923
32.179104
32.14288
32.130276
32.058315
32.056896
32.04921
32.035717
32.001194
31.986086
31.88342
31.862026
31.725681
31.611092
31.561901
31.56183
31.55889
31.496813
31.493975
31.470787
31.393986
31.369164
31.261885
31.040792
31.037996
30.541555
30.42737
30.387905
30.343538
29.943304
29.940754
29.807705
29.793232
29.744148
29.683226
29.639185
29.60818
29.587456
29.518452
29.509453
29.45803
29.454113
29.418541
29.270803
29.239157
29.134474
29.120636
29.103327
29.084766
29.035748
28.975328
28.912153
28.869844
28.859455
28.849424
28.84306
28.830536
28.823895
28.819695
28.783634
28.780514
28.736002
28.726025
28.630066
28.613276
28.610935
28.591127
28.590326
28.524836
28.507973
28.502287
28.495556
28.492323
28.47738
28.475029
28.415564
28.411999
28.409302
28.405802
28.401464
28.386145
28.38145
28.320019
28.31557
28.30084
28.29208
28.283155
28.272383
28.267956
28.265947
28.236277
28.231071
28.230614
28.225685
28.219597
28.215315
28.200647
28.177471
28.166592
28.146173
28.129137
28.115356
28.110312
28.104784
28.09417
28.087095
28.083443
28.081299
28.065664
28.056248
28.04626
28.035563
28.032307
28.02548
28.016493
28.000933
27.995062
27.98922
27.984312
27.97976
27.972895
27.968904
27.96604
27.964132
27.959644
27.95782
27.943134
27.941694
27.937681
27.92731
27.925482
27.924538
27.920855
27.914816
27.913227
27.904823
27.903704
27.898834
27.89768
27.89033
27.870762
27.862286
27.857538
27.853418
27.850977
27.846838
27.842611
27.840742
27.835436
27.832
27.823002
27.8216
27.820225
27.817038
27.815683
27.813627
27.811256
27.807413
27.804045
27.789356
27.787214
27.785069
27.784328
27.77985
27.77643
27.770851
27.767395
27.762438
27.757969
27.757011
27.753242
27.749224
27.747105
27.745619
27.743568
27.7416
27.73111
27.728146
27.725258
27.722883
27.721117
27.716759
27.711025
27.710001
27.70849
27.704306
27.69791
27.694952
27.689455
27.684357
27.681019
27.677553
27.674107
27.669374
27.664877
27.66087
27.656881
27.655066
27.651438
27.647665
27.644358
27.642643
27.641432
27.638914
27.636433
27.632433
27.629953
27.625048
27.622087
27.616913
27.615389
27.60613
27.602
27.599834
27.595299
27.593323
27.5904
27.585823
27.580168
27.576544
27.57288
27.569456
27.566647
27.562181
27.557896
27.552584
27.545902
27.544153
27.539532
27.537464
27.534603
27.530806
27.52899
27.52408
27.521221
27.519285
27.515402
27.513119
27.511003
27.507612
27.50254
27.500767
27.498209
27.49411
27.49124
27.486168
27.48036
27.47953
27.47307
27.466703
27.46128
27.459644
27.45107
27.441296
27.42314
27.419481
27.416616
27.413233
27.410265
27.402048
27.39801
27.38848
27.385885
27.383202
27.380232
27.37714
27.367542
27.365755
27.363037
27.361696
27.359236
27.35563
27.349623
27.347746
27.342665
27.340027
27.337635
27.3343
27.332819
27.329351
27.32804
27.325857
27.32343
27.321386
27.316057
27.312054
27.30976
27.305704
27.304148
27.300861
27.296242
27.294273
27.287807
27.286211
27.284018
27.280931
27.278206
27.276562
27.275476
27.272156
27.268843
27.261549
27.259394
27.256285
27.254282
27.248877
27.243425
27.241407
27.239626
27.235783
27.232704
27.229954
27.227936
27.226072
27.223076
27.219471
27.216154
27.21406
27.211878
27.209843
27.207083
27.20448
27.202728
27.201015
27.198334
27.195301
27.192574
27.191927
27.190104
27.187933
27.184202
27.182117
27.178438
27.176548
27.174267
27.168243
27.165722
27.162031
27.15997
27.154474
27.152899
27.148989
27.146982
27.14289
27.137403
27.13503
27.133692
27.131102
27.126371
27.123766
27.12146
27.118908
27.116941
27.114708
27.112545
27.110403
27.108576
27.106586
27.103466
27.100283
27.097633
27.095348
27.091278
27.089787
27.08648
27.083698
27.0821
27.079151
27.077904
27.076832
27.074944
27.07057
27.06853
27.065306
27.063656
27.06056
27.05709
27.055454
27.051489
27.049871
27.047705
27.046078
27.042994
27.039495
27.036213
27.033781
27.03081
27.02725
27.025322
27.023472
27.019646
27.017302
27.014101
27.010023
27.007757
27.005913
27.004713
27.001646
27.000206
26.99768
26.995512
26.992958
26.990469
26.987091
26.984465
26.982275
26.98043
26.979239
26.975142
26.973104
26.971697
26.968401
26.96432
26.961088
26.958178
26.956413
26.951763
26.948748
26.945055
26.941273
26.938381
26.935436
26.933132
26.931309
26.929304
26.926678
26.923582
26.918707
26.915388
26.912596
26.90989
26.907759
26.905998
26.903769
26.900492
26.898384
26.897402
26.890251
26.885618
26.881323
26.879616
26.87577
26.873196
26.870909
26.869326
26.86724
26.864086
26.862482
26.859158
26.857235
26.854387
26.852787
26.850069
26.848614
26.845692
26.843699
26.842377
26.84044
26.836996
26.835478
26.83214
26.830706
26.828312
26.826845
26.824453
26.821737
26.818703
26.815369
26.813374
26.810816
26.80894
26.805746
26.801792
26.799004
26.79678
26.793133
26.79034
26.78884
26.786488
26.782818
26.780544
26.777477
26.77166
26.767487
26.765007
26.761692
26.760447
26.75697
26.754055
26.75139
26.747225
26.743048
26.740437
26.737606
26.735538
26.731863
26.72839
26.72526
26.72151
26.719296
26.714344
26.711458
26.709303
26.706823
26.704445
26.7019
26.699678
26.69693
26.692608
26.690546
26.688772
26.68795
26.685987
26.683037
26.68157
26.677547
26.674767
26.674002
26.6724
26.670813
26.667585
26.666016
26.664171
26.661121
26.658064
26.655792
26.65231
26.65053
26.648058
26.642843
26.639502
26.637762
26.633991
26.63276
26.628012
26.623188
26.62099
26.61741
26.613796
26.610682
26.606873
26.604883
26.603416
26.598894
26.595274
26.593868
26.591587
26.587946
26.58427
26.582148
26.579077
26.575554
26.57251
26.569159
26.56512
26.561806
26.556599
26.554472
26.548819
26.544638
26.543623
26.542078
26.537657
26.53378
26.530626
26.528168
26.525143
26.522646
26.520864
26.517454
26.515203
26.510649
26.50849
26.505507
26.503395
26.499676
26.497143
26.495556
26.491682
26.488806
26.486055
26.482561
26.47927
26.47645
26.473063
26.470728
26.467798
26.465183
26.460976
26.45866
26.455872
26.453474
26.45157
26.448814
26.444891
26.442608
26.439314
26.438122
26.435596
26.432957
26.430918
26.428066
26.426752
26.423952
26.422598
26.41887
26.417215
26.414686
26.413597
26.411493
26.409327
26.40603
26.40423
26.402689
26.401123
26.398607
26.396305
26.39422
26.392155
26.389624
26.387232
26.384268
26.382017
26.37931
26.3776
26.374882
26.371891
26.370535
26.368292
26.3668
26.364374
26.361353
26.357462
26.354631
26.35227
26.350344
26.346642
26.342566
26.339119
26.335451
26.333698
26.331861
26.33031
26.327694
26.322931
26.320227
26.317759
26.315557
26.313246
26.310978
26.30792
26.305538
26.304605
26.30062
26.298336
26.294107
26.292341
26.289738
26.287317
26.28496
26.281761
26.278486
26.276802
26.273552
26.269766
26.267231
26.264387
26.262398
26.260437
26.257055
26.25548
26.252449
26.247047
26.245192
26.2405
26.237577
26.235226
26.23272
26.229834
26.225996
26.224016
26.22025
26.218601
26.21506
26.210022
26.206614
26.204529
26.201956
26.19823
26.194487
26.191965
26.189688
26.186214
26.183268
26.179922
26.175673
26.173065
26.17045
26.167242
26.16377
26.160149
26.156609
26.152891
26.148487
26.14559
26.142025
26.137297
26.134956
26.131392
26.128193
26.127039
26.12565
26.123299
26.121248
26.11981
26.11741
26.115238
26.112535
26.109867
26.108517
26.105217
26.103489
26.099352
26.097137
26.093328
26.090265
26.086609
26.08478
26.081793
26.079702
26.076878
26.074276
26.07246
26.070223
26.068504
26.065004
26.06265
26.060541
26.057829
26.055918
26.05216
26.048737
26.04723
26.045002
26.042322
26.039478
26.036448
26.032179
26.030102
26.02731
26.02531
26.022118
26.019331
26.016262
26.0129
26.01079
26.007458
26.003593
26.00086
25.99661
25.993958
25.990664
25.988348
25.987087
25.985128
25.983278
25.979734
25.97813
25.973516
25.970024
25.967663
25.964943
25.962557
25.96054
25.957027
25.955317
25.952429
25.949743
25.947577
25.945349
25.942402
25.939476
25.936157
25.933876
25.931948
25.929304
25.924404
25.920614
25.918823
25.915129
25.911783
25.908026
25.904871
25.903385
25.900198
25.896448
25.89416
25.890654
25.888018
25.885725
25.882452
25.880175
25.87682
25.8753
25.872625
25.870022
25.867163
25.86488
25.861958
25.857645
25.854483
25.852564
25.849524
25.846016
25.843912
25.8407
25.836905
25.834303
25.831837
25.829996
25.827547
25.825975
25.824709
25.821232
25.81958
25.816198
25.815134
25.811651
25.809025
25.8053
25.802578
25.799719
25.797491
25.793272
25.791048
25.78927
25.78775
25.784822
25.782866
25.77976
25.776531
25.773579
25.770796
25.769527
25.766605
25.764242
25.761284
25.757357
25.755348
25.753117
25.75094
25.74845
25.745914
25.744738
25.74254
25.741484
25.739843
25.737787
25.734688
25.73165
25.728205
25.726423
25.72423
25.721783
25.719133
25.717003
25.71307
25.710445
25.706749
25.702328
25.700163
25.697231
25.694792
25.692476
25.688725
25.685762
25.682718
25.681213
25.677782
25.674768
25.669598
25.666555
25.663153
25.660248
25.657202
25.654795
25.653364
25.650106
25.647003
25.644814
25.641977
25.639015
25.637365
25.634426
25.632635
25.628597
25.625742
25.62171
25.619667
25.616962
25.611654
25.609375
25.606731
25.602898
25.600924
25.597357
25.594282
25.591484
25.58756
25.583284
25.581736
25.578815
25.575989
25.5734
25.570362
25.56742
25.565035
25.561584
25.558817
25.5563
25.553846
25.55167
25.547998
25.54469
25.541649
25.538645
25.535349
25.532656
25.529636
25.527409
25.525604
25.522583
25.521736
25.519537
25.516376
25.513172
25.510923
25.50783
25.506123
25.50256
25.50002
25.497066
25.49362
25.49128
25.48888
25.48594
25.483465
25.48038
25.477446
25.473608
25.469841
25.466087
25.462395
25.458336
25.455784
25.453005
25.450356
25.447859
25.445385
25.443014
25.440092
25.43859
25.43499
25.431416
25.429356
25.426912
25.424486
25.422977
25.42071
25.417116
25.414639
25.411861
25.408733
25.405066
25.40267
25.398922
25.395025
25.392673
25.389788
25.387867
25.384924
25.3822
25.37943
25.376036
25.372131
25.367847
25.365294
25.363825
25.361341
25.357338
25.35458
25.351864
25.347383
25.345669
25.34323
25.338512
25.334997
25.331234
25.328255
25.325626
25.3233
25.319145
25.316603
25.312994
25.309393
25.305666
25.302494
25.299015
25.297058
25.29385
25.289577
25.286388
25.28308
25.278612
25.275862
25.272326
25.270039
25.267689
25.264036
25.260506
25.257877
25.255543
25.25233
25.249458
25.245405
25.243982
25.242205
25.2394
25.23625
25.231968
25.228045
25.225138
25.220419
25.21711
25.214106
25.210743
25.208776
25.206387
25.202673
25.198599
25.196568
25.19331
25.190664
25.188103
25.184916
25.181055
25.177223
25.173943
25.17029
25.168257
25.16589
25.162437
25.157888
25.155397
25.15248
25.148655
25.146662
25.143208
25.141277
25.137743
25.134245
25.13081
25.128145
25.124352
25.121595
25.118166
25.114527
25.111755
25.107368
25.103525
25.100756
25.098774
25.095469
25.092163
25.090666
25.088034
25.084896
25.082207
25.078442
25.075083
25.07252
25.069567
25.066824
25.063585
25.061129
25.058376
25.056427
25.05315
25.050722
25.04794
25.04383
25.042368
25.039251
25.035105
25.031996
25.029736
25.026323
25.02397
25.021236
25.018223
25.01582
25.012556
25.00942
25.006096
25.003443
24.999895
24.996773
24.993414
24.989897
24.98508
24.98196
24.978613
24.975056
24.97175
24.96889
24.965765
24.963161
24.960018
24.956814
24.953173
24.949532
24.946857
24.943415
24.940483
24.93614
24.933186
24.928999
24.92446
24.921299
24.918346
24.913565
24.90922
24.904995
24.901245
24.898703
24.89528
24.892431
24.889244
24.883268
24.88045
24.878386
24.874804
24.87154
24.86831
24.865698
24.86275
24.859419
24.856579
24.853506
24.850586
24.846804
24.843157
24.839931
24.836184
24.833323
24.829922
24.826166
24.823664
24.821102
24.818846
24.815775
24.812826
24.80968
24.807875
24.804758
24.802338
24.798656
24.796082
24.793617
24.790802
24.787275
24.784737
24.782513
24.779688
24.776031
24.773489
24.770094
24.767282
24.763985
24.759125
24.756447
24.752821
24.7496
24.74671
24.743717
24.740358
24.73715
24.733877
24.730433
24.724403
24.722046
24.718811
24.716164
24.712267
24.70896
24.707241
24.704407
24.702885
24.699194
24.696444
24.693539
24.689753
24.68577
24.682951
24.678856
24.675455
24.67239
24.670124
24.666683
24.66346
24.661652
24.658781
24.656199
24.652866
24.650255
24.647705
24.645924
24.642298
24.639765
24.636946
24.633791
24.630873
24.628181
24.62495
24.621294
24.618004
24.615568
24.612705
24.609686
24.606323
24.60331
24.60102
24.597466
24.595652
24.59078
24.588076
24.585121
24.581873
24.578764
24.575085
24.572065
24.56951
24.566637
24.56404
24.560818
24.55861
24.555868
24.553053
24.54919
24.54678
24.5438
24.540363
24.537178
24.535038
24.53112
24.526587
24.522928
24.520561
24.517023
24.515333
24.513231
24.50961
24.50715
24.503357
24.498068
24.495304
24.492876
24.490057
24.487547
24.484594
24.481783
24.478584
24.475319
24.472025
24.469593
24.46717
24.46479
24.462019
24.45853
24.45352
24.451319
24.447203
24.444147
24.439547
24.437586
24.435116
24.430965
24.428158
24.424849
24.421722
24.41762
24.413551
24.410746
24.409481
24.406363
24.402567
24.40037
24.397429
24.39436
24.390064
24.386969
24.383415
24.379602
24.376015
24.372906
24.369453
24.365156
24.360657
24.359072
24.35454
24.351067
24.347975
24.343609
24.340935
24.336588
24.334324
24.330748
24.327986
24.324654
24.322603
24.31742
24.313868
24.311018
24.307655
24.303347
24.301174
24.298557
24.295818
24.292055
24.28906
24.286055
24.284016
24.2806
24.277763
24.275059
24.273012
24.270712
24.26718
24.264095
24.262684
24.259735
24.257002
24.253883
24.251698
24.248802
24.246393
24.243866
24.240303
24.23737
24.234495
24.232267
24.229357
24.225897
24.22375
24.220324
24.217306
24.215189
24.211475
24.209661
24.204958
24.202124
24.200367
24.19799
24.195532
24.193949
24.192242
24.190273
24.186962
24.184813
24.182844
24.180382
24.177439
24.175453
24.172691
24.170204
24.167044
24.16439
24.161333
24.158596
24.156942
24.153849
24.151619
24.149263
24.146093
24.142748
24.140469
24.137676
24.135006
24.13108
24.128435
24.125237
24.12318
24.120632
24.117235
24.114672
24.11122
24.108765
24.105827
24.102772
24.100657
24.09817
24.095856
24.093729
24.090864
24.088358
24.085604
24.083836
24.081276
24.07931
24.076155
24.073748
24.070477
24.067488
24.063765
24.06111
24.058594
24.054321
24.049967
24.047998
24.045204
24.04164
24.03898
24.036585
24.033161
24.030579
24.028772
24.02493
24.022486
24.020647
24.01863
24.015415
24.012615
24.009747
24.006275
24.004345
24.001352
23.996878
23.993464
23.990465
23.98766
23.984823
23.981659
23.977757
23.97468
23.970354
23.967583
23.963928
23.95976
23.95764
23.954102
23.95
23.947695
23.945072
23.941273
23.93875
23.9357
23.932299
23.928974
23.925611
23.922573
23.919464
23.916077
23.913582
23.910095
23.907154
23.905107
23.9023
23.89925
23.895807
23.892178
23.888554
23.885458
23.882908
23.880169
23.877012
23.874218
23.871977
23.868591
23.865583
23.863304
23.861048
23.8584
23.853966
23.850554
23.847342
23.844728
23.842106
23.838512
23.835615
23.832977
23.8302
23.82725
23.823704
23.820873
23.817535
23.815004
23.812346
23.809858
23.805805
23.802853
23.79989
23.797735
23.793589
23.789072
23.78643
23.782932
23.779585
23.775618
23.7712
23.766956
23.76314
23.759693
23.756067
23.752214
23.749502
23.74583
23.74181
23.738789
23.73542
23.73184
23.7279
23.725176
23.722082
23.717958
23.714949
23.711876
23.708841
23.705853
23.70211
23.699427
23.694817
23.690693
23.687483
23.684351
23.681536
23.678993
23.6752
23.672497
23.66922
23.66599
23.663204
23.660482
23.656729
23.6533
23.64969
23.647228
23.642954
23.63982
23.636198
23.633688
23.630672
23.626738
23.623888
23.621138
23.617107
23.612616
23.609964
23.606293
23.602657
23.599722
23.596798
23.593668
23.589724
23.585426
23.582092
23.579197
23.575628
23.571547
23.569256
23.5668
23.563133
23.558666
23.555737
23.552519
23.548979
23.547096
23.54288
23.53953
23.536314
23.53314
23.52989
23.52685
23.522858
23.519098
23.515839
23.512396
23.510017
23.505554
23.503706
23.50217
23.498156
23.494904
23.49181
23.489477
23.487335
23.484865
23.482594
23.479342
23.476618
23.473213
23.471052
23.467445
23.4647
23.461826
23.459171
23.456287
23.453375
23.451092
23.448809
23.445564
23.442953
23.439634
23.437136
23.43434
23.431782
23.428381
23.425077
23.42239
23.420107
23.417152
23.414679
23.41158
23.408878
23.406437
23.4039
23.401329
23.398232
23.39519
23.39268
23.389296
23.384752
23.380854
23.377682
23.37417
23.369967
23.367609
23.364313
23.361073
23.358738
23.3554
23.352827
23.350147
23.346998
23.344172
23.341423
23.337477
23.33424
23.332296
23.328217
23.32616
23.323793
23.320894
23.318258
23.315006
23.312765
23.3095
23.306143
23.302837
23.299318
23.296648
23.29361
23.2901
23.2873
23.284184
23.27995
23.276207
23.272987
23.269255
23.26579
23.262785
23.259497
23.256084
23.251286
23.248682
23.245571
23.242878
23.240303
23.23811
23.23435
23.230919
23.226803
23.223227
23.220907
23.21821
23.21499
23.212006
23.207684
23.204441
23.202019
23.199272
23.197056
23.194124
23.190931
23.187586
23.18469
23.181057
23.178614
23.176327
23.171944
23.168697
23.16646
23.164001
23.16088
23.158054
23.15522
23.152927
23.1494
23.146149
23.142874
23.140163
23.136522
23.133821
23.131355
23.128424
23.125782
23.122276
23.11858
23.11631
23.11428
23.111076
23.108997
23.105776
23.102983
23.10095
23.09803
23.095451
23.091393
23.088726
23.086206
23.083452
23.080057
23.077192
23.074009
23.07116
23.069952
23.066376
23.063179
23.06133
23.058811
23.056305
23.053614
23.051289
23.04813
23.04558
23.04357
23.040047
23.037964
23.03559
23.03253
23.030315
23.0273
23.023703
23.021057
23.01834
23.016088
23.01121
23.007505
23.004742
23.002209
22.99823
22.995178
22.990917
22.987482
22.984386
22.982107
22.978807
22.975752
22.97238
22.969831
22.9658
22.962574
22.960255
22.957884
22.955685
22.952465
22.94974
22.945543
22.942497
22.939932
22.93753
22.933987
22.930471
22.927551
22.924341
22.920866
22.918085
22.914757
22.911863
22.90912
22.906347
22.902924
22.89912
22.89686
22.893469
22.890371
22.887074
22.883749
22.87946
22.875566
22.871605
22.86858
22.863209
22.859222
22.855932
22.85346
22.849833
22.846792
22.843203
22.838566
22.836103
22.831692
22.82734
22.824213
22.819857
22.817081
22.81419
22.809605
22.806509
22.803219
22.800703
22.798576
22.795813
22.792736
22.789646
22.787052
22.784079
22.780912
22.778465
22.775686
22.773869
22.770897
22.76835
22.764433
22.76188
22.760027
22.757349
22.75459
22.751884
22.748922
22.745375
22.742193
22.738688
22.735682
22.733309
22.73023
22.726208
22.722914
22.719862
22.716478
22.713442
22.7105
22.707691
22.70519
22.701801
22.69854
22.694466
22.69207
22.68925
22.686762
22.683563
22.681042
22.677477
22.67469
22.672
22.66976
22.66742
22.66496
22.662477
22.660389
22.657417
22.653896
22.649723
22.647661
22.645224
22.642954
22.640093
22.637285
22.634333
22.630623
22.627686
22.623646
22.620796
22.617826
22.614815
22.611263
22.608465
22.606071
22.60337
22.60009
22.59602
22.593672
22.589853
22.587488
22.585012
22.581678
22.578672
22.576416
22.573936
22.570574
22.568079
22.564764
22.562597
22.558662
22.55491
22.552088
22.549671
22.546688
22.543194
22.540276
22.537523
22.53493
22.532545
22.53019
22.526245
22.523249
22.520514
22.517225
22.514696
22.511295
22.508
22.50541
22.502157
22.498653
22.496494
22.492895
22.4894
22.486444
22.483635
22.48061
22.477354
22.473824
22.471436
22.468128
22.464344
22.462067
22.45991
22.457197
22.454952
22.4523
22.449846
22.446815
22.44369
22.440722
22.437958
22.435833
22.43353
22.430567
22.428059
22.42468
22.422039
22.419216
22.416586
22.413866
22.411055
22.407816
22.404886
22.40217
22.399433
22.396284
22.393345
22.391073
22.387917
22.385347
22.382883
22.381006
22.378292
22.375147
22.371552
22.369274
22.366903
22.36439
22.360252
22.358168
22.355347
22.352222
22.349161
22.34666
22.343533
22.341364
22.337439
22.335365
22.332893
22.330267
22.327356
22.323936
22.320951
22.318647
22.31657
22.313177
22.311193
22.307955
22.305641
22.303396
22.300295
22.298048
22.295397
22.292294
22.290012
22.287731
22.285892
22.283148
22.280325
22.27789
22.275454
22.272491
22.269304
22.266151
22.263441
22.259277
22.25647
22.254333
22.250877
22.248343
22.244818
22.24201
22.237827
22.233326
22.230425
22.227098
22.224102
22.221394
22.218254
22.215445
22.212896
22.209938
22.207212
22.204954
22.20107
22.197598
22.195002
22.19182
22.189522
22.186136
22.182795
22.179981
22.17686
22.173697
22.17109
22.167637
22.165026
22.162075
22.159716
22.15702
22.153309
22.151058
22.14822
22.145033
22.14171
22.13996
22.136595
22.133514
22.13081
22.1272
22.124056
22.121473
22.116608
22.113806
22.109892
22.106625
22.102692
22.100233
22.096869
22.094263
22.091545
22.088139
22.084717
22.08194
22.078495
22.07512
22.071943
22.068731
22.066217
22.06306
22.060278
22.057922
22.054178
22.05117
22.048092
22.045483
22.042362
22.037947
22.034157
22.030762
22.028162
22.024298
22.021593
22.018066
22.014706
22.01172
22.00847
22.005348
22.002949
22.000105
21.997469
21.994753
21.992025
21.989288
21.98721
21.98434
21.98133
21.978626
21.976376
21.97341
21.970572
21.967611
21.965748
21.96303
21.959951
21.95767
21.95557
21.952686
21.950325
21.947468
21.944721
21.941769
21.93918
21.936922
21.934326
21.931343
21.928434
21.926146
21.923468
21.920725
21.917965
21.91573
21.913187
21.91117
21.909224
21.906624
21.903896
21.901472
21.897987
21.896093
21.893175
21.891232
21.889135
21.886675
21.883785
21.881891
21.879463
21.87676
21.873447
21.87119
21.86949
21.866413
21.863655
21.861345
21.858757
21.856035
21.853458
21.851023
21.848461
21.845716
21.843616
21.840363
21.837948
21.834948
21.83172
21.829185
21.825869
21.82259
21.81993
21.816442
21.813574
21.810547
21.807697
21.804462
21.800987
21.798117
21.795166
21.792036
21.789936
21.786898
21.784176
21.781372
21.779161
21.776323
21.77322
21.770687
21.767748
21.764568
21.761755
21.759071
21.755228
21.753271
21.748726
21.744938
21.741953
21.739214
21.736473
21.732965
21.730354
21.72675
21.724697
21.721375
21.719128
21.715874
21.713457
21.711676
21.70827
21.705357
21.702803
21.698977
21.69581
21.693443
21.690193
21.687294
21.68371
21.680964
21.677929
21.675385
21.672499
21.670305
21.66748
21.664639
21.662304
21.659637
21.657146
21.653694
21.650904
21.648582
21.645716
21.642511
21.640892
21.63773
21.635035
21.632948
21.630344
21.627766
21.625029
21.622036
21.619577
21.616552
21.612892
21.610065
21.607605
21.604187
21.601534
21.598827
21.596087
21.592876
21.589802
21.58692
21.584995
21.582281
21.579515
21.576092
21.572706
21.570036
21.566566
21.563356
21.560802
21.55766
21.554934
21.552397
21.549839
21.54672
21.54426
21.542341
21.539495
21.537418
21.534735
21.532228
21.529825
21.527617
21.525263
21.522226
21.520136
21.517363
21.514343
21.511578
21.509712
21.506947
21.503756
21.501163
21.497557
21.494394
21.491499
21.488352
21.4855
21.482588
21.479862
21.476917
21.474749
21.472662
21.469868
21.467705
21.46569
21.463137
21.460949
21.45863
21.456566
21.454432
21.451471
21.448404
21.445925
21.443958
21.440657
21.43829
21.435696
21.433687
21.431318
21.42862
21.426321
21.424276
21.421968
21.419905
21.416895
21.41403
21.411465
21.40844
21.406116
21.403704
21.40055
21.397867
21.39437
21.39176
21.389187
21.385551
21.383358
21.38086
21.378363
21.37632
21.373608
21.371439
21.369274
21.366724
21.364267
21.362062
21.359064
21.356073
21.352837
21.350435
21.348106
21.34543
21.343267
21.340149
21.33768
21.334352
21.331966
21.32902
21.326437
21.323938
21.320711
21.31861
21.316187
21.313625
21.310968
21.309082
21.306011
21.303139
21.300972
21.2979
21.295124
21.292751
21.28987
21.286884
21.284395
21.282461
21.279724
21.277292
21.274797
21.272308
21.269901
21.26813
21.264715
21.261992
21.259615
21.25693
21.253796
21.25143
21.248821
21.245583
21.242865
21.239756
21.237158
21.23416
21.23099
21.227957
21.224977
21.22229
21.21928
21.215921
21.212833
21.210222
21.207478
21.204983
21.202145
21.199064
21.196522
21.192757
21.190163
21.187586
21.185047
21.182777
21.180634
21.178007
21.175566
21.173113
21.170034
21.167276
21.164246
21.161348
21.158497
21.155828
21.153194
21.150723
21.14779
21.144459
21.14106
21.138462
21.135479
21.132633
21.130157
21.1273
21.124794
21.122263
21.119646
21.116428
21.113466
21.110338
21.107708
21.104336
21.101542
21.098455
21.095776
21.091604
21.088139
21.084957
21.081875
21.078959
21.075739
21.072594
21.069405
21.066473
21.06309
21.060223
21.057722
21.055334
21.051685
21.04782
21.045027
21.042198
21.039234
21.035864
21.032635
21.029877
21.026817
21.02397
21.02119
21.018589
21.016058
21.01313
21.011547
21.008446
21.005373
21.002626
21.000195
20.997993
20.994831
20.99276
20.990337
20.98755
20.984558
20.98235
20.978994
20.976368
20.973812
20.971556
20.968296
20.965864
20.963593
20.961567
20.959114
20.956635
20.953947
20.951347
20.948278
20.946493
20.943972
20.941103
20.938145
20.935217
20.93239
20.929316
20.926605
20.924322
20.921816
20.91916
20.916954
20.914398
20.911549
20.909279
20.907175
20.904827
20.901348
20.898983
20.89584
20.892328
20.89002
20.887028
20.884396
20.882053
20.879896
20.877708
20.875711
20.8729
20.870586
20.868122
20.865202
20.863108
20.86062
20.858633
20.856716
20.85443
20.852411
20.850437
20.848948
20.847143
20.845144
20.84354
20.841177
20.839077
20.83723
20.83559
20.833456
20.831387
20.82945
20.826336
20.824018
20.821735
20.819672
20.81702
20.814526
20.812305
20.80937
20.806969
20.804737
20.80151
20.799452
20.796822
20.793911
20.791471
20.789433
20.786947
20.785109
20.783175
20.781366
20.77931
20.777271
20.77516
20.773155
20.77101
20.769
20.766315
20.764395
20.762133
20.759901
20.757547
20.75518
20.753561
20.751291
20.748854
20.746784
20.744616
20.74245
20.740427
20.737827
20.735592
20.733494
20.731384
20.729225
20.726814
20.724314
20.722452
20.720022
20.718584
20.716164
20.713167
20.711353
20.709661
20.707386
20.705658
20.703611
20.701763
20.700096
20.697937
20.696636
20.694712
20.692488
20.690437
20.687862
20.685616
20.683685
20.681282
20.679447
20.676952
20.674593
20.67208
20.66977
20.667812
20.665758
20.66326
20.661146
20.65891
20.656635
20.654366
20.652456
20.650198
20.64773
20.644938
20.64308
20.640654
20.638523
20.635565
20.633533
20.631695
20.629116
20.627495
20.625134
20.62306
20.62061
20.617533
20.6154
20.61353
20.61118
20.608305
20.606173
20.603765
20.601433
20.599115
20.596714
20.593576
20.59103
20.588646
20.585827
20.583864
20.581602
20.57907
20.577122
20.575094
20.57272
20.57053
20.568428
20.56616
20.564457
20.561756
20.559093
20.556389
20.55385
20.550821
20.548182
20.54528
20.542736
20.540335
20.53814
20.53567
20.533531
20.531696
20.529285
20.527035
20.524641
20.522768
20.520622
20.518782
20.516703
20.514729
20.512669
20.510271
20.50822
20.506401
20.504393
20.502504
20.500505
20.498283
20.496254
20.494331
20.492208
20.490118
20.48828
20.485722
20.483686
20.481905
20.480078
20.47796
20.476234
20.474419
20.47254
20.469425
20.4668
20.464882
20.461819
20.459755
20.457037
20.454832
20.452463
20.449806
20.447334
20.44563
20.443233
20.441523
20.439484
20.437315
20.435194
20.43319
20.431377
20.429552
20.427862
20.42618
20.425035
20.42359
20.421438
20.420015
20.418339
20.416525
20.414751
20.412842
20.410887
20.408993
20.407444
20.405619
20.404093
20.402153
20.400858
20.399239
20.397644
20.396421
20.394354
20.39284
20.391272
20.389654
20.388338
20.3869
20.384985
20.383148
20.381237
20.3794
20.377546
20.375488
20.373482
20.37195
20.37006
20.368736
20.366787
20.364841
20.363245
20.361612
20.359772
20.35804
20.35641
20.354607
20.352877
20.351133
20.34958
20.34791
20.346361
20.34479
20.343153
20.341501
20.339909
20.33814
20.336317
20.334883
20.333326
20.33126
20.32959
20.327837
20.326078
20.324276
20.322655
20.32068
20.318733
20.316677
20.314472
20.312733
20.311058
20.30949
20.3078
20.306261
20.30453
20.303127
20.301851
20.300467
20.298859
20.297548
20.295912
20.294308
20.292593
20.290363
20.288832
20.28686
20.285109
20.28282
20.280718
20.27839
20.276327
20.274775
20.273046
20.271345
20.269953
20.268383
20.267185
20.265648
20.264004
20.262148
20.260803
20.259459
20.257881
20.255901
20.254246
20.252306
20.250364
20.24896
20.24706
20.245056
20.243248
20.241083
20.239378
20.237373
20.235626
20.234005
20.231884
20.230501
20.228533
20.226692
20.22528
20.223307
20.221672
20.219893
20.218346
20.216583
20.21475
20.213251
20.211283
20.20963
20.207724
20.206038
20.20359
20.201315
20.199087
20.196653
20.194221
20.191994
20.189877
20.186987
20.184752
20.182861
20.180845
20.178967
20.176888
20.174969
20.172457
20.170353
20.168535
20.166836
20.164911
20.162743
20.160624
20.158678
20.156055
20.153868
20.151402
20.149641
20.14773
20.14542
20.14341
20.141508
20.139652
20.138079
20.136522
20.135204
20.133749
20.132236
20.130219
20.128963
20.12727
20.125542
20.124168
20.122566
20.121157
20.119558
20.117851
20.115688
20.113949
20.112244
20.11074
20.109066
20.107244
20.105888
20.104383
20.103142
20.101135
20.099894
20.098223
20.096453
20.094698
20.093323
20.091972
20.089775
20.088179
20.08605
20.084759
20.082937
20.081638
20.07953
20.077799
20.076332
20.074383
20.0727
20.071066
20.069832
20.0682
20.066944
20.065561
20.064001
20.062191
20.061052
20.059261
20.057253
20.055403
20.053886
20.052095
20.050562
20.049044
20.047499
20.04579
20.044529
20.042805
20.041296
20.039976
20.037828
20.035852
20.0339
20.03227
20.030699
20.028664
20.026896
20.024841
20.022667
20.021023
20.019178
20.017431
20.015783
20.014204
20.012684
20.01073
20.008825
20.00738
20.00573
20.004185
20.002827
20.001522
20.000206
19.998861
19.997656
19.996433
19.9953
19.994375
19.993279
19.991947
19.990778
19.989279
19.987953
19.986555
19.985043
19.983665
19.982573
19.981213
19.97959
19.977964
19.976557
19.975529
19.974127
19.972704
19.971443
19.97006
19.96913
19.967674
19.966177
19.964989
19.963543
19.962183
19.961021
19.959661
19.958387
19.957367
19.956259
19.95512
19.95403
19.952982
19.951841
19.950832
19.949738
19.948616
19.947803
19.94669
19.94587
19.945032
19.944092
19.94329
19.94222
19.941145
19.939995
19.939005
19.937706
19.936607
19.934967
19.933441
19.931995
19.930403
19.929039
19.927786
19.926107
19.92468
19.92314
19.921726
19.920408
19.919077
19.917902
19.916681
19.915363
19.914116
19.913084
19.911573
19.910536
19.90949
19.908384
19.907412
19.905926
19.905046
19.90412
19.902948
19.901714
19.900465
19.89917
19.897497
19.895874
19.894575
19.893227
19.891666
19.890022
19.888172
19.886465
19.884346
19.882286
19.880526
19.878649
19.876339
19.874365
19.8732
19.871845
19.87027
19.868536
19.866627
19.86524
19.863375
19.862286
19.861473
19.860546
19.85954
19.85851
19.857374
19.856537
19.85578
19.854645
19.85359
19.852604
19.851711
19.850424
19.849482
19.848577
19.847645
19.847052
19.846014
19.844913
19.844086
19.84294
19.842043
19.84074
19.839361
19.83824
19.8366
19.835302
19.834068
19.832722
19.83137
19.830122
19.829046
19.827648
19.826221
19.824911
19.823778
19.822504
19.821362
19.820152
19.818956
19.817839
19.816982
19.815815
19.81493
19.814053
19.813139
19.812328
19.811405
19.810513
19.80934
19.808407
19.807579
19.806786
19.805769
19.804983
19.804146
19.803259
19.802382
19.801542
19.800606
19.79989
19.799152
19.798376
19.797323
19.796444
19.79552
19.79453
19.793509
19.792559
19.791485
19.790245
19.789408
19.788517
19.787445
19.78619
19.784872
19.78362
19.782398
19.781271
19.78031
19.77921
19.77808
19.777132
19.776184
19.775118
19.77415
19.773174
19.772322
19.771706
19.770723
19.76993
19.769104
19.768383
19.767296
19.76663
19.765858
19.764952
19.764187
19.763206
19.76235
19.761553
19.76059
19.759455
19.758417
19.757637
19.756586
19.755653
19.754799
19.753706
19.752836
19.75185
19.751034
19.750023
19.749077
19.748201
19.747366
19.746487
19.745493
19.744635
19.74398
19.743294
19.74236
19.74142
19.740736
19.739721
19.73874
19.737804
19.736778
19.73598
19.735058
19.73426
19.73373
19.733076
19.732458
19.7317
19.730856
19.730152
19.729506
19.72862
19.727894
19.72693
19.726143
19.725283
19.724285
19.723364
19.722687
19.72204
19.721125
19.720394
19.7197
19.718786
19.717978
19.717283
19.716587
19.715883
19.714684
19.713764
19.71276
19.711905
19.711346
19.710583
19.709797
19.708912
19.708105
19.707373
19.706646
19.705793
19.705156
19.70429
19.703539
19.702868
19.702154
19.701477
19.700584
19.699812
19.699146
19.698511
19.697714
19.696808
19.695852
19.694988
19.694
19.693274
19.692509
19.691639
19.690859
19.690271
19.68961
19.688967
19.68828
19.687634
19.686665
19.685951
19.685234
19.684343
19.683342
19.682316
19.68117
19.680311
19.679708
19.678793
19.67773
19.676859
19.676125
19.675291
19.674288
19.67332
19.67257
19.671705
19.670607
19.669529
19.668455
19.667128
19.665882
19.665081
19.664171
19.663301
19.662561
19.661741
19.661068
19.66015
19.659058
19.658485
19.657665
19.656816
19.65605
19.655317
19.654383
19.653692
19.652988
19.652248
19.651499
19.650919
19.650093
19.649412
19.648794
19.648174
19.64746
19.646822
19.646154
19.645502
19.644743
19.644024
19.643442
19.64269
19.641993
19.641376
19.640543
19.639946
19.639347
19.638754
19.638065
19.637505
19.636925
19.63599
19.635387
19.634743
19.634007
19.633291
19.632608
19.631777
19.631077
19.630228
19.629368
19.6286
19.627657
19.626902
19.625898
19.625086
19.62426
19.623388
19.622658
19.62188
19.621174
19.620403
19.619633
19.618906
19.618036
19.617384
19.616554
19.615782
19.614902
19.614172
19.61337
19.61258
19.61165
19.61091
19.610048
19.609219
19.608362
19.607473
19.60674
19.606077
19.605375
19.604555
19.603718
19.603113
19.602444
19.601831
19.601265
19.600536
19.599907
19.599203
19.598722
19.598145
19.597506
19.596882
19.596056
19.595385
19.594795
19.594086
19.593544
19.592817
19.592371
19.591616
19.590975
19.59041
19.589827
19.58921
19.588715
19.588179
19.587702
19.58721
19.586544
19.58592
19.585337
19.58489
19.584255
19.58381
19.583189
19.58262
19.58196
19.581364
19.5806
19.57989
19.579044
19.578209
19.577385
19.57664
19.575916
19.57503
19.574146
19.573317
19.572485
19.57165
19.57085
19.569948
19.568933
19.56805
19.566954
19.565819
19.565012
19.56423
19.56349
19.562864
19.562138
19.561192
19.560677
19.559813
19.558992
19.55838
19.557749
19.557062
19.55654
19.555986
19.555338
19.554857
19.554266
19.553663
19.55318
19.552711
19.552212
19.551764
19.551222
19.550655
19.55026
19.549849
19.549347
19.548712
19.548136
19.547535
19.546865
19.546137
19.545593
19.54502
19.544476
19.543837
19.543156
19.54263
19.541878
19.541235
19.540577
19.53997
19.539534
19.538828
19.538275
19.53772
19.537224
19.536657
19.536102
19.535557
19.535059
19.534609
19.533882
19.533264
19.532663
19.532099
19.531609
19.53111
19.530678
19.530283
19.529804
19.529367
19.528887
19.528429
19.527882
19.527529
19.527227
19.526834
19.526384
19.526062
19.525713
19.525219
19.524868
19.524395
19.523888
19.523335
19.522867
19.52234
19.521898
19.521338
19.520733
19.520334
19.519865
19.51926
19.518545
19.517946
19.517382
19.516771
19.515966
19.515314
19.51459
19.513906
19.513147
19.512201
19.511303
19.510532
19.509796
19.509026
19.50817
19.507263
19.506254
19.505247
19.504248
19.503
19.501644
19.500648
19.49977
19.498783
19.498186
19.49732
19.496696
19.496284
19.49584
19.495296
19.494844
19.494389
19.493889
19.49347
19.49303
19.492605
19.492268
19.491852
19.491402
19.490986
19.490559
19.490202
19.48993
19.489576
19.489233
19.48884
19.488499
19.488152
19.487875
19.48745
19.487097
19.486712
19.486265
19.485874
19.485508
19.485086
19.484718
19.484272
19.48392
19.483376
19.48297
19.48249
19.482048
19.481707
19.481325
19.480854
19.480349
19.479837
19.479427
19.478952
19.478413
19.47808
19.477661
19.477177
19.476526
19.476023
19.475573
19.474974
19.474539
19.47421
19.473974
19.473675
19.473452
19.473242
19.47302
19.472778
19.47254
19.472294
19.47204
19.47184
19.471601
19.471344
19.471046
19.470806
19.4706
19.47036
19.470095
19.469908
19.469702
19.469501
19.46924
19.469069
19.468912
19.468723
19.468567
19.468426
19.468287
19.468151
19.467916
19.467747
19.467524
19.467337
19.467123
19.466917
19.466715
19.466524
19.466303
19.466091
19.46585
19.465696
19.465416
19.465193
19.464993
19.464758
19.464573
19.464361
19.464169
19.464014
19.463789
19.463602
19.463444
19.463243
19.463041
19.462847
19.462687
19.462494
19.462353
19.462128
19.4619
19.46172
19.461517
19.461298
19.461054
19.460888
19.460669
19.460516
19.460348
19.46013
19.459978
19.459747
19.459515
19.459291
19.45894
19.458685
19.458382
19.458153
19.457924
19.45765
19.457397
19.457207
19.456999
19.456795
19.45657
19.456215
19.456003
19.455742
19.455524
19.455135
19.454868
19.454542
19.454292
19.453962
19.453726
19.453402
19.453106
19.452814
19.452583
19.452349
19.452156
19.451914
19.45167
19.45143
19.45116
19.450947
19.450727
19.45054
19.450377
19.450178
19.450012
19.44983
19.449612
19.449419
19.449146
19.448942
19.448603
19.448326
19.44808
19.447842
19.447388
19.447027
19.446573
19.446253
19.445955
19.445536
19.445051
19.444672
19.444193
19.443684
19.443226
19.442608
19.441946
19.441221
19.440619
19.43994
19.439466
19.438782
19.438202
19.4378
19.43722
19.436632
19.435942
19.435469
19.434925
19.43437
19.433994
19.433596
19.433249
19.433018
19.43278
19.432629
19.432383
19.432127
19.43192
19.431673
19.431435
19.431162
19.430899
19.430712
19.430464
19.430183
19.429918
19.429707
19.429445
19.429234
19.429028
19.428823
19.428627
19.428362
19.428164
19.42795
19.427763
19.427584
19.427345
19.427225
19.427092
19.426954
19.426826
19.426643
19.42648
19.426348
19.426188
19.426044
19.425913
19.425806
19.425703
19.42557
19.425423
19.42526
19.425121
19.424961
19.4248
19.424671
19.424557
19.424381
19.424215
19.424023
19.42386
19.42368
19.42344
19.42326
19.422997
19.422739
19.42258
19.422314
19.422
19.421637
19.421257
19.420687
19.420292
19.419685
19.419199
19.41877
19.41843
19.417643
19.416754
19.415625
19.414656
19.414246
19.413635
19.413431
19.413368
19.413164
19.413046
19.412895
19.412638
19.412447
19.412329
19.412174
19.41202
19.411898
19.41177
19.411503
19.411266
19.411121
19.41095
19.410786
19.410618
19.410479
19.41035
19.410192
19.409992
19.40982
19.40967
19.409475
19.409357
19.409084
19.408754
19.408478
19.408232
19.407967
19.407602
19.40714
19.406858
19.406473
19.40606
19.405731
19.405397
19.40515
19.404766
19.404505
19.404333
19.40415
19.404022
19.403933
19.403818
19.403751
19.403677
19.403612
19.403553
19.403484
19.40345
19.40339
19.403357
19.40333
19.403297
19.40327
19.403246
19.403223
19.40319
19.403154
19.403114
19.403082
19.403048
19.403015
19.402967
19.402924
19.402885
19.402843
19.402798
19.402752
19.402704
19.40266
19.40262
19.402575
19.402529
19.402493
19.402464
19.402424
19.402378
19.40234
19.402283
19.402246
19.40219
19.402151
19.402128
19.402107
19.402086
19.402061
19.402029
19.402006
19.401983
19.401945
19.401907
19.401882
19.401852
19.401812
19.401775
19.401737
19.401703
19.401663
19.401615
19.40158
19.401552
19.40151
19.401468
19.401428
19.401392
19.401375
19.401358
19.401339
19.401318
19.401299
19.40128
19.401253
19.401232
19.401194
19.40117
19.401154
19.401136
19.401081
19.401024
19.400995
19.400948
19.4009
19.40084
19.4008
19.400785
19.40075
19.400713
19.400661
19.400623
19.400583
19.400549
19.400476
19.400425
19.400398
19.400316
19.40023
19.400137
19.400059
19.399958
19.399845
19.399723
19.399633
19.399479
19.399302
19.399118
19.399036
19.398981
19.398924
19.398867
19.39881
19.398773
19.398685
19.398624
19.398573
19.398523
19.398493
19.39843
19.398365
19.398283
19.398235
19.39817
19.398108
19.39801
19.39793
19.397898
19.397835
19.397797
19.397696
19.39763
19.397583
19.397528
19.39748
19.397429
19.39739
19.39737
19.397335
19.397266
19.397213
19.39717
19.397137
19.397097
19.397043
19.396984
19.396925
19.39688
19.39685
19.396824
19.396795
19.396767
19.396751
19.396727
19.396696
19.39667
19.39663
19.396599
19.396564
19.396528
19.39651
19.396465
19.396444
19.396421
19.396383
19.396372
19.396345
19.39633
19.396305
19.396275
19.396257
19.396223
19.396204
19.396189
19.396166
19.396137
19.396114
19.396095
19.39608
19.396065
19.396051
19.396029
19.396017
19.396004
19.395988
19.395975
19.39596
19.39594
19.395926
19.395916
19.395899
19.395893
19.39587
19.39586
19.395847
19.395836
19.395826
19.395823
19.395817
19.395813
19.395805
19.3958
19.39579
19.395784
19.395777
19.39577
19.395761
19.395756
19.395748
19.395748
19.395742
19.395735
19.395733
19.39573
19.395725
19.395723
19.395723
19.395721
19.395718
19.395718
19.395716
19.395714
19.395712
19.39571
19.39571
19.395704
19.3957
19.395697
19.395695
19.395693
19.395689
19.395683
19.39568
19.395678
19.395672
19.395668
19.395662
19.395657
19.39565
19.395647
19.39564
19.395636
19.39563
19.395622
19.39561
19.3956
19.395588
19.39557
19.395555
19.395536
19.395517
19.395502
19.395487
19.395464
19.395445
19.395424
19.395403
19.395391
19.395384
19.395374
19.395365
19.39536
19.395359
19.395351
19.395348
19.395338
19.39533
19.395325
19.39532
19.395313
19.395304
19.395294
19.395287
19.395277
19.395264
19.39526
19.395237
19.395214
19.3952
19.395178
19.395151
19.395134
19.39512
19.395094
19.395071
19.395025
19.394976
19.394926
19.3949
19.394833
19.394753
19.39467
19.394615
19.394526
19.394434
19.394348
19.394274
19.394173
19.39406
19.393963
19.393791
19.393698
19.393675
19.393667
19.393658
19.393652
19.393646
19.393639
19.393633
19.393625
19.393618
19.393612
19.393599
19.39359
19.393583
19.393578
19.393568
19.393564
19.393559
19.393555
19.393547
19.393541
19.39353
19.393518
19.393513
19.3935
19.393492
19.393476
19.393469
19.393457
19.393454
19.393444
19.393433
19.393415
19.393393
19.393368
19.39335
19.393328
19.3933
19.393257
19.39318
19.39307
19.392956
19.3929
19.392761
19.392555
19.392313
19.392029
19.391735
19.391401
19.391085
19.390888
19.39077
19.39063
19.390594
19.390593
19.390593
19.39059
19.390589
19.390587
19.390587
19.390585
19.390581
19.390577
19.390575
19.390572
19.390566
19.390562
19.39056
19.390558
19.390558
19.390556
19.390556
19.390554
19.390553
19.39055
19.390547
19.390545
19.390543
19.390541
19.39054
19.39054
19.390537
19.390535
19.390533
19.390532
19.390532
19.390532
19.39053
19.39053
19.390528
19.390528
19.390528
19.390526
19.390526
19.390524
19.390524
19.390524
19.390524
19.390522
19.390522
19.390522
19.390522
19.390522
19.390522
19.390522
19.390522
19.390522
19.390522
19.390522
19.390522
19.390522
19.390522
19.390522
19.390522
19.390522
19.390522
19.390522
19.390522
19.390522
19.390522
19.390522
19.390522
19.39052
19.39052
19.39052
19.39052
19.39052
19.39052
19.390516
19.390516
19.390516
19.390516
19.390514
19.390514
19.390514
19.390514
19.390514
19.390512
19.390512
19.390512
19.390512
19.390512
19.39051
19.39051
19.39051
19.39051
19.390509
19.390509
19.390507
19.390505
19.390503
19.390503
19.390501
19.3905
19.390497
19.390497
19.390495
19.390493
19.390491
19.39049
19.390486
19.390484
19.390482
19.390476
19.390472
19.39047
19.390465
19.390463
19.390455
19.390446
19.390434
19.390423
19.390411
19.3904
19.390387
19.390371
19.390356
19.390345
19.390333
19.390316
19.390287
19.390266
19.390242
19.390224
19.390194
19.390175
19.390135
19.390099
19.390062
19.389992
19.389948
19.389902
19.389862
19.389843
19.389822
19.389814
19.389814
19.389814
19.389814
19.389814
19.389812
19.38981
19.389809
19.389805
19.389801
19.389795
19.389788
19.389782
19.389776
19.389763
19.389742
19.389734
19.389723
19.389713
19.389704
19.389688
19.389677
19.389671
19.389662
19.389652
19.389645
19.389635
19.389626
19.38962
19.389614
19.389608
19.389606
19.389606
19.389605
19.389605
19.3896
19.3896
19.389599
19.389597
19.389595
19.389593
19.389593
19.389591
19.38959
19.389585
19.389584
19.389582
19.389578
19.389574
19.389566
19.389559
19.389551
19.389536
19.38952
19.389513
19.389488
19.389462
19.389452
19.389439
19.389408
19.389355
19.389307
19.389284
19.389238
19.389177
19.389109
19.389078
19.389048
19.388971
19.388924
19.388885
19.388853
19.388851
19.388851
19.388851
19.388851
19.388851
19.38885
19.38885
19.38885
19.388847
19.388845
19.388845
19.388842
19.388838
19.388834
19.38883
19.388826
19.388819
19.388807
19.3888
19.388792
19.388783
19.388773
19.388752
19.388737
19.388731
19.388714
19.388702
19.388674
19.388649
19.38864
19.388607
19.388588
19.388573
19.388552
19.38854
19.388527
19.388514
19.388502
19.388496
19.388487
19.388481
19.388475
19.38847
19.388466
19.388464
19.388462
19.38846
19.38846
19.388458
19.388458
19.388458
19.388458
19.388458
19.388458
19.388458
19.388458
19.388458
19.388458
19.388458
19.388458
19.388458
19.388458
19.388458
19.388458
19.388458
19.388458
19.388458
19.388458
19.388458
19.388458
19.388458
19.388458
19.388458
19.388458
19.388458
19.388458
19.388458
19.388458
19.388458
19.388458
19.388458
19.388458
19.388458
19.388458
19.388458
19.388458
19.388458
19.388458
19.388458
19.388458
19.388458
19.388458
19.388458
19.388458
19.388458
19.388458
19.388458
19.388458
19.388458
19.388458
19.388458
19.388458
19.388458
19.388458
19.388458
19.388458
19.388458
19.388458
19.388458
19.388458
19.388458
19.388458
19.388458
19.388458
19.388458
19.388458
19.388458
19.388458
19.388458
19.388458
19.388458
19.388458
19.388458
19.388458
19.388458
19.388458
19.388458
19.388458
19.388458
19.388458
19.388458
19.388458
19.388458
19.388458
19.388458
19.388458
19.388458
19.388458
19.388458
19.388458
19.388458
19.388458
19.388458
19.388458
19.388458
19.388458
19.388458
19.388458
19.388458
19.388458
19.388458
19.388458
19.388458
19.388458
19.388458
19.388458
19.388458
19.388458
19.388458
19.388458
19.388458
19.388458
19.388458
19.388458
19.388458
19.388458
19.388458
19.388458
19.388458
19.388458
19.388458
19.388458
19.388458
19.388458
19.388458
19.388458
19.388458
19.388458
19.388458
19.388458
19.388458
19.388458
19.388458
19.388458
19.388458
19.388458
19.388458
19.388458
19.388458
19.388458
19.388458
19.388458
19.388458
19.388458
19.388458
19.388458
19.388458
19.388458
19.388458
19.388458
19.388458
19.388458
19.388458
19.388458
19.388458
19.388458
19.388458
19.388458
19.388456
19.388456
19.388456
19.388456
19.388456
19.388456
19.388456
19.388456
19.388456
19.388456
19.388456
19.388456
19.388456
19.388456
19.388456
19.388456
19.388456
19.388456
19.388456
19.388456
19.388456
19.388456
19.388456
19.388456
19.388456
19.388456
19.388456
19.388456
19.388456
19.388456
19.388456
19.388456
19.388456
19.388456
19.388456
19.388456
19.388456
19.388456
19.388456
19.388454
19.388454
19.388454
19.388454
19.388454
19.388454
19.388453
19.388453
19.388453
19.388453
19.38845
19.38845
19.38845
19.38845
19.388449
19.388449
19.388449
19.388449
19.388447
19.388447
19.388447
19.388445
19.388445
19.388441
19.388441
19.388441
19.38844
19.388437
19.388435
19.388433
19.388432
19.388428
19.388424
19.388422
19.38842
19.388416
19.388409
19.388405
19.3884
19.38839
19.388384
19.388372
19.388357
19.388342
19.388336
19.38833
19.388317
19.388311
19.388304
19.388292
19.38828
19.388266
19.388248
19.388233
19.38822
19.388218
19.388218
19.388218
19.388218
19.388218
19.388218
19.388218
19.388218
19.388218
19.388216
19.388216
19.388216
19.388216
19.388216
19.388216
19.388214
19.388214
19.388214
19.388212
19.388212
19.38821
19.38821
19.388208
19.388205
19.388203
19.388197
19.388193
19.38819
19.388186
19.388178
19.388174
19.388165
19.388157
19.38815
19.388144
19.38814
19.388134
19.388132
19.388126
19.388123
19.388123
19.388123
19.388123
19.388123
19.388123
19.388123
19.388123
19.388123
19.388123
19.388123
19.38812
19.38812
19.38812
19.38812
19.38812
19.388119
19.388119
19.388119
19.388119
19.388117
19.388115
19.388115
19.388115
19.388113
19.388113
19.388111
19.38811
19.388105
19.388103
19.388102
19.3881
19.388098
19.388094
19.388092
19.388086
19.38808
19.388073
19.388067
19.38806
19.388052
19.388044
19.388035
19.388027
19.388025
19.388021
19.388018
19.388014
19.388014
19.388014
19.388014
19.388014
19.388014
19.388014
19.388014
19.388014
19.388014
19.388014
19.388014
19.388014
19.388014
19.388014
19.388014
19.388014
19.388014
19.388014
19.388014
19.388014
19.388014
19.388014
19.388014
19.388014
19.388014
19.388014
19.388014
19.388014
19.388014
19.388014
19.388012
19.388012
19.388012
19.388012
19.388012
19.388012
19.388012
19.388012
19.388012
19.388012
19.388012
19.388012
19.38801
19.38801
19.38801
19.38801
19.38801
19.38801
19.38801
19.38801
19.38801
19.38801
19.38801
19.38801
19.38801
19.38801
19.38801
19.38801
19.38801
19.38801
19.38801
19.38801
19.38801
19.38801
19.38801
19.388008
19.388008
19.388008
19.388008
19.388008
19.388008
19.388006
19.388006
19.388006
19.388004
19.388004
19.388002
19.388002
19.388002
19.388002
19.388
19.388
19.387999
19.387997
19.387997
19.387997
19.387995
19.387995
19.387995
19.387995
19.387995
19.387993
19.387993
19.387993
19.387993
19.38799
19.38799
19.387989
19.387989
19.387989
19.387987
19.387987
19.387987
19.387987
19.387987
19.387983
19.387983
19.387983
19.387981
19.387981
19.387981
19.387981
19.387981
19.387981
19.387981
19.387981
19.387981
19.387981
19.387981
19.387981
19.387981
19.387981
19.387981
19.387981
19.387981
19.387981
19.387981
19.387981
19.387981
19.387981
19.387981
19.387981
19.387981
19.387981
19.387981
19.387981
19.387981
19.387981
19.387981
19.387981
19.387981
19.387981
19.387981
19.387981
19.387981
19.387981
19.387981
19.387981
19.387981
19.387981
19.387981
19.387981
19.387981
19.38798
19.38798
19.38798
19.38798
19.38798
19.38798
19.38798
19.38798
19.38798
19.38798
19.38798
19.38798
19.38798
19.38798
19.38798
19.38798
19.38798
19.38798
19.38798
19.38798
19.38798
19.38798
19.38798
19.38798
19.38798
19.38798
19.38798
19.38798
19.38798
19.38798
19.38798
19.38798
19.38798
19.38798
19.38798
19.38798
19.38798
19.38798
19.38798
19.38798
19.38798
19.38798
19.38798
19.38798
19.38798
19.38798
19.38798
19.38798
19.38798
19.38798
19.38798
19.38798
19.38798
19.38798
19.38798
19.38798
19.38798
19.38798
19.38798
19.38798
19.38798
19.38798
19.38798
19.38798
19.38798
19.38798
19.38798
19.38798
19.38798
19.38798
19.38798
19.38798
19.38798
19.38798
19.38798
19.38798
19.38798
19.38798
19.38798
19.38798
19.38798
19.38798
19.38798
19.38798
19.38798
19.38798
19.38798
19.38798
19.38798
19.38798
19.38798
19.38798
19.38798
19.38798
19.38798
19.38798
19.38798
19.38798
19.38798
19.38798
19.38798
19.38798
19.38798
19.38798
19.38798
19.38798
19.38798
19.38798
19.38798
19.38798
19.38798
19.38798
19.38798
19.38798
19.38798
19.38798
19.38798
19.38798
19.38798
19.38798
19.38798
19.38798
19.38798
19.38798
19.38798
19.38798
19.38798
19.38798
19.38798
19.38798
19.38798
19.38798
19.38798
19.38798
19.38798
19.38798
19.38798
19.38798
19.38798
19.38798
19.38798
19.38798
19.38798
19.38798
19.38798
19.38798
19.38798
19.38798
19.38798
19.38798
19.38798
19.38798
19.38798
19.38798
19.38798
19.38798
19.38798
19.38798
19.38798
19.38798
19.38798
19.38798
19.38798
19.38798
19.38798
19.38798
19.38798
19.38798
19.38798
19.38798
19.38798
19.38798
19.38798
19.38798
19.38798
19.38798
19.38798
19.38798
19.38798
19.38798
19.38798
19.38798
19.38798
19.38798
19.38798
19.38798
19.38798
19.38798
19.38798
19.38798
19.38798
19.38798
19.38798
19.38798
19.38798
19.38798
19.38798
19.38798
19.38798
19.38798
19.38798
19.38798
19.38798
19.38798
19.38798
19.38798
19.38798
19.38798
19.38798
19.38798
19.38798
19.38798
19.38798
19.38798
19.38798
19.38798
19.38798
19.38798
19.38798
19.38798
19.38798
19.38798
19.38798
19.38798
19.38798
19.38798
19.38798
19.38798
19.38798
19.38798
19.38798
19.38798
19.38798
19.38798
19.38798
19.38798
19.38798
19.38798
19.38798
19.38798
19.38798
19.38798
19.38798
19.38798
19.38798
19.38798
19.38798
19.38798
19.38798
19.38798
19.38798
19.38798
19.38798
19.38798
19.38798
19.38798
19.38798
19.38798
19.38798
19.38798
19.38798
19.38798
19.38798
19.38798
19.38798
19.38798
19.38798
19.38798
19.38798
19.38798
19.38798
19.38798
19.38798
19.38798
19.38798
19.38798
19.38798
19.38798
19.38798
19.38798
19.38798
19.38798
19.38798
19.38798
19.38798
19.38798
19.38798
19.38798
19.38798
19.38798
19.38798
19.38798
19.38798
19.38798
19.38798
19.38798
19.38798
19.38798
19.38798
19.38798
19.38798
19.38798
19.38798
19.38798
19.38798
19.38798
19.38798
19.38798
19.38798
19.38798
19.38798
19.38798
19.38798
19.38798
19.38798
19.38798
19.38798
19.38798
19.38798
19.38798
19.38798
19.38798
19.38798
19.38798
19.38798
19.38798
19.38798
19.38798
19.38798
19.38798
19.38798
19.38798
19.38798
19.38798
19.38798
19.38798
19.38798
19.38798
19.38798
19.38798
19.38798
19.38798
19.38798
19.38798
19.38798
19.38798
19.38798
19.38798
19.38798
19.38798
19.38798
19.38798
19.38798
19.38798
19.38798
19.38798
19.38798
19.38798
19.38798
19.38798
19.38798
19.38798
19.38798
19.38798
19.38798
19.38798
19.38798
19.38798
19.38798
19.38798
19.38798
19.38798
19.38798
19.38798
19.38798
19.38798
19.38798
19.38798
19.38798
19.38798
19.38798
19.38798
19.38798
19.38798
19.38798
19.38798
19.38798
19.38798
19.38798
19.38798
19.38798
19.38798
19.38798
19.38798
19.38798
19.38798
19.38798
19.38798
19.38798
19.38798
19.38798
19.38798
19.38798
19.38798
19.38798
19.38798
19.38798
19.38798
19.38798
19.38798
19.38798
19.38798
19.38798
19.38798
19.38798
19.38798
19.38798
19.38798
19.38798
19.38798
19.38798
19.38798
19.38798
19.38798
19.38798
19.38798
19.38798
19.38798
19.38798
19.38798
19.38798
19.38798
19.38798
19.38798
19.38798
19.38798
19.38798
19.38798
19.38798
19.38798
19.38798
19.38798
19.38798
19.38798
19.38798
19.38798
19.38798
19.38798
19.38798
19.38798
19.38798
19.38798
19.38798
19.38798
19.38798
19.38798
19.38798
19.38798
19.38798
19.38798
19.38798
19.38798
19.38798
19.38798
19.38798
19.38798
19.38798
19.38798
19.38798
19.38798
19.38798
19.38798
19.38798
19.38798
19.38798
19.38798
19.38798
19.38798
19.38798
19.38798
19.38798
19.38798
19.38798
19.38798
19.38798
19.38798
19.38798
19.38798
19.38798
19.38798
19.38798
19.38798
19.38798
19.38798
19.38798
19.38798
19.38798
19.38798
19.38798
19.38798
19.38798
19.38798
19.38798
19.38798
19.38798
19.38798
19.38798
19.38798
19.38798
19.38798
19.38798
19.38798
19.38798
19.38798
19.38798
19.38798
19.38798
19.38798
19.38798
19.38798
19.38798
19.38798
19.38798
19.38798
19.38798
19.38798
19.38798
19.38798
19.38798
19.38798
19.38798
19.38798
19.38798
19.38798
19.38798
19.38798
19.38798
19.38798
19.38798
19.38798
19.38798
19.38798
19.38798
19.38798
19.38798
19.38798
19.38798
19.38798
19.38798
19.38798
19.38798
19.38798
19.38798
19.38798
19.38798
19.38798
19.38798
19.38798
19.38798
19.38798
19.38798
19.38798
19.38798
19.38798
19.38798
19.38798
19.38798
19.38798
19.38798
19.38798
19.38798
19.38798
19.38798
19.38798
19.38798
19.38798
19.38798
19.38798
19.38798
19.38798
19.38798
19.38798
19.38798
19.38798
19.38798
19.38798
19.38798
19.38798
19.38798
19.38798
19.38798
19.38798
19.38798
19.38798
19.38798
19.38798
19.38798
19.38798
19.38798
19.38798
19.38798
19.38798
19.38798
19.38798
19.38798
19.38798
19.38798
19.38798
19.38798
19.38798
19.38798
19.38798
19.38798
19.38798
19.38798
19.38798
19.38798
19.38798
19.38798
19.38798
19.38798
19.38798
19.38798
19.38798
19.38798
19.38798
19.38798
19.38798
19.38798
19.38798
19.38798
19.38798
19.38798
19.38798
19.38798
19.38798
19.38798
19.38798
19.38798
19.38798
19.38798
19.38798
19.38798
19.38798
19.38798
19.38798
19.38798
19.38798
19.38798
19.38798
19.38798
19.38798
19.38798
19.38798
19.38798
19.38798
19.38798
19.38798
19.38798
19.38798
19.38798
19.38798
19.38798
19.38798
19.38798
19.38798
19.38798
19.38798
19.38798
19.38798
19.38798
19.38798
19.38798
19.38798
19.38798
19.38798
19.38798
19.38798
19.38798
19.38798
19.38798
19.38798
19.38798
19.38798
19.38798
19.38798
19.38798
19.38798
19.38798
19.38798
19.38798
19.38798
19.38798
19.38798
19.38798
19.38798
19.38798
19.38798
19.38798
19.38798
19.38798
19.38798
19.38798
19.38798
19.38798
19.38798
19.38798
19.38798
19.38798
19.38798
19.38798
19.38798
19.38798
19.38798
19.38798
19.38798
19.38798
19.38798
19.38798
19.38798
19.38798
19.38798
19.38798
19.38798
19.38798
19.38798
19.38798
19.38798
19.38798
19.38798
19.38798
19.38798
19.38798
19.38798
19.38798
19.38798
19.38798
19.38798
19.38798
19.38798
19.38798
19.38798
19.38798
19.38798
19.38798
19.38798
19.38798
19.38798
19.38798
19.38798
19.38798
19.38798
19.38798
19.38798
19.38798
19.38798
19.38798
19.38798
19.38798
19.38798
19.38798
19.38798
19.38798
19.38798
19.38798
19.38798
19.38798
19.38798
19.38798
19.38798
19.38798
19.38798
19.38798
19.38798
19.38798
19.38798
19.38798
19.38798
19.38798
19.38798
19.38798
19.38798
19.38798
19.38798
19.38798
19.38798
19.38798
19.38798
19.38798
19.38798
19.38798
19.38798
19.38798
19.38798
19.38798
19.38798
19.38798
19.38798
19.38798
19.38798
19.38798
19.38798
19.38798
19.38798
19.38798
19.38798
19.38798
19.38798
19.38798
19.38798
19.38798
19.38798
19.38798
19.38798
19.38798
19.38798
19.38798
19.38798
19.38798
19.38798
19.38798
19.38798
19.38798
19.38798
19.38798
19.38798
19.38798
19.38798
19.38798
19.38798
19.38798
19.38798
19.38798
19.38798
19.38798
19.38798
19.38798
19.38798
19.38798
19.38798
19.38798
19.38798
19.38798
19.38798
19.38798
19.38798
19.38798
19.38798
19.38798
19.38798
19.38798
19.38798
19.38798
19.38798
19.38798
19.38798
19.38798
19.38798
19.38798
19.38798
19.38798
19.38798
19.38798
19.38798
19.38798
19.38798
19.38798
19.38798
19.38798
19.38798
19.38798
19.38798
19.38798
19.38798
19.38798
19.38798
19.38798
19.38798
19.38798
19.38798
19.38798
19.38798
19.38798
19.38798
19.38798
19.38798
19.38798
19.38798
19.38798
19.38798
19.38798
19.38798
19.38798
19.38798
19.38798
19.38798
19.38798
19.38798
19.38798
19.38798
19.38798
19.38798
19.38798
19.38798
19.38798
19.38798
19.38798
19.38798
19.38798
19.38798
19.38798
19.38798
19.38798
19.38798
19.38798
19.38798
19.38798
19.38798
19.38798
19.38798
19.38798
19.38798
19.38798
19.38798
19.38798
19.38798
19.38798
19.38798
19.38798
19.38798
19.38798
19.38798
19.38798
19.38798
19.38798
19.38798
19.38798
19.38798
19.38798
19.38798
19.38798
19.38798
19.38798
19.38798
19.38798
19.38798
19.38798
19.38798
19.38798
19.38798
19.38798
19.38798
19.38798
19.38798
19.38798
19.38798
19.38798
19.38798
19.38798
19.38798
19.38798
19.38798
19.38798
19.38798
19.38798
19.38798
19.38798
19.38798
19.38798
19.38798
19.38798
19.38798
19.38798
19.38798
19.38798
19.38798
19.38798
19.38798
19.38798
19.38798
19.38798
19.38798
19.38798
19.38798
19.38798
19.38798
19.38798
19.38798
19.38798
19.38798
19.38798
19.38798
19.38798
19.38798
19.38798
19.38798
19.38798
19.38798
19.38798
19.38798
19.38798
19.38798
19.38798
19.38798
19.38798
19.38798
19.38798
19.38798
19.38798
19.38798
19.387882
19.387814
19.387787
19.38769
19.387625
19.387554
19.387508
19.38747
19.387424
19.38741
19.387396
19.38739
19.387386
19.387379
19.387373
19.387371
19.387367
19.387365
19.387363
19.38736
19.387356
19.387354
19.387352
19.387346
19.387335
19.387327
19.387323
19.387316
19.3873
19.387291
19.387281
19.38726
19.38724
19.387213
19.387186
19.387175
19.387167
19.387125
19.387096
19.387072
19.387028
19.386993
19.386938
19.386877
19.386837
19.386787
19.386763
19.386711
19.38665
19.386602
19.386555
19.38648
19.38642
19.386349
19.386322
19.386292
19.386232
19.386164
19.386137
19.386074
19.386003
19.385954
19.385843
19.38577
19.385717
19.385685
19.385672
19.385672
19.385672
19.385672
19.385672
19.385672
19.385672
19.385672
19.385672
19.385672
19.385672
19.385672
19.385672
19.385672
19.385672
19.385672
19.385672
19.385672
19.385672
19.385672
19.385672
19.385672
19.385672
19.385672
19.385672
19.385672
19.385672
19.385672
19.385672
19.385672
19.385672
19.385672
19.385672
19.385672
19.385672
19.385672
19.385672
19.385672
19.385672
19.385672
19.385672
19.385672
19.385672
19.385672
19.385672
19.385672
19.385672
19.385672
19.385672
19.385672
19.385672
19.385672
19.385672
19.385672
19.385672
19.385672
19.385672
19.385672
19.385672
19.385672
19.385672
19.385672
19.385672
19.385672
19.385672
19.385672
19.385672
19.385672
19.385672
19.385672
19.385672
19.385672
19.385672
19.385672
19.385672
19.385672
19.385672
19.385672
19.385672
19.385672
19.385672
19.385672
19.385672
19.385672
19.385672
19.385672
19.385672
19.385672
19.385672
19.385672
19.385672
19.385672
19.385672
19.385672
19.385672
19.385672
19.385672
19.385672
19.385672
19.385672
19.385672
19.385672
19.385672
19.385672
19.385672
19.385672
19.385672
19.385672
19.385672
19.385672
19.385672
19.385672
19.385672
19.385672
19.385672
19.385672
19.385672
19.385672
19.385672
19.385672
19.385672
19.385672
19.385672
19.385672
19.385672
19.385672
19.385672
19.385672
19.385672
19.385672
19.385672
19.385672
19.385672
19.385672
19.385672
19.385672
19.385672
19.385672
19.385672
19.385672
19.385672
19.385672
19.385672
19.385672
19.385672
19.385672
19.385672
19.385672
19.385672
19.385672
19.385672
19.385672
19.385672
19.385672
19.385672
19.385672
19.385672
19.385672
19.385672
19.385672
19.385672
19.385672
19.385672
19.385672
19.385672
19.385672
19.385672
19.385672
19.385672
19.385672
19.385672
19.385672
19.385672
19.385672
19.385672
19.385672
19.385672
19.385672
19.385672
19.385672
19.385672
19.385672
19.385672
19.385672
19.385672
19.385672
19.385672
19.385672
19.385672
19.385672
19.385672
19.385672
19.385672
19.385672
19.385672
19.385672
19.385672
19.385672
19.385672
19.385672
19.385672
19.385672
19.385672
19.385672
19.385672
19.385672
19.385672
19.385672
19.385672
19.385672
19.385672
19.385672
19.385672
19.385672
19.385672
19.385672
19.385672
19.38567
19.38567
19.38567
19.38567
19.38567
19.38567
19.38567
19.38567
19.38567
19.385668
19.385668
19.385668
19.385668
19.385668
19.385664
19.385664
19.385664
19.385664
19.385662
19.385662
19.385662
19.38566
19.38566
19.385658
19.385658
19.385658
19.385656
19.385656
19.385656
19.385656
19.385656
19.385656
19.385656
19.385656
19.385656
19.385656
19.385656
19.385656
19.385656
19.385656
19.385656
19.385656
19.385656
19.385656
19.385656
19.385656
19.385656
19.385656
19.385656
19.385656
19.385656
19.385656
19.385656
19.385656
19.385656
19.385656
19.385656
19.385656
19.385656
19.385656
19.385656
19.385656
19.385656
19.385656
19.385656
19.385656
19.385656
19.385656
19.385656
19.385656
19.385656
19.385656
19.385656
19.385656
19.385656
19.385656
19.385656
19.385656
19.385656
19.385656
19.385656
19.385656
19.385656
19.385656
19.385656
19.385656
19.385656
19.385656
19.385656
19.385656
19.385656
19.385656
19.385656
19.385656
19.385656
19.385656
19.385656
19.385656
19.385656
19.385656
19.385656
19.385656
19.385656
19.385656
19.385656
19.385656
19.385656
19.385656
19.385656
19.385656
19.385656
19.385656
19.385656
19.385656
19.385656
19.385656
19.385656
19.385656
19.385656
19.385656
19.385656
19.385656
19.385656
19.385656
19.385656
19.385656
19.385656
19.385656
19.385656
19.385656
19.385656
19.385656
19.385656
19.385656
19.385656
19.385656
19.385656
19.385656
19.385656
19.385656
19.385656
19.385656
19.385656
19.385656
19.385656
19.385656
19.385656
19.385656
19.385656
19.385656
19.385656
19.385656
19.385656
19.385656
19.385656
19.385656
19.385656
19.385656
19.385656
19.385656
19.385656
19.385656
19.385656
19.385656
19.385656
19.385656
19.385656
19.385656
19.385656
19.385656
19.385656
19.385656
19.385656
19.385656
19.385656
19.385656
19.385656
19.385656
19.385656
19.385656
19.385656
19.385656
19.385656
19.385656
19.385656
19.385656
19.385656
19.385656
19.385656
19.385656
19.385656
19.385656
19.385656
19.385656
19.385656
19.385656
19.385656
19.385656
19.385656
19.385656
19.385656
19.385656
19.385656
19.385656
19.385656
19.385656
19.385656
19.385656
19.385656
19.385656
19.385656
19.385656
19.385656
19.385656
19.385656
19.385656
19.385656
19.385656
19.385656
19.385656
19.385656
19.385656
19.385656
19.385656
19.385656
19.385656
19.385656
19.385656
19.385656
19.385656
19.385656
19.385656
19.385656
19.385656
19.385656
19.385656
19.385656
19.385656
19.385656
19.385656
19.385656
19.385656
19.385656
19.385656
19.385656
19.385656
19.385656
19.385656
19.385656
19.385656
19.385656
19.385656
19.385656
19.385656
19.385656
19.385656
19.385656
19.385656
19.385656
19.385656
19.385656
19.385656
19.385656
19.385656
19.385656
19.385656
19.385656
19.385656
19.385656
19.385656
19.385656
19.385656
19.385656
19.385656
19.385656
19.385656
19.385656
19.385656
19.385656
19.385656
19.385656
19.385656
19.385656
19.385656
19.385656
19.385656
19.385656
19.385656
19.385656
19.385656
19.385656
19.385656
19.385656
19.385656
19.385656
19.385656
19.385656
19.385656
19.385656
19.385656
19.385656
19.385656
19.385656
19.385656
19.385656
19.385656
19.385656
19.385656
19.385656
19.385656
19.385656
19.385656
19.385656
19.385656
19.385656
19.385656
19.385656
19.385656
19.385656
19.385656
19.385656
19.385656
19.385656
19.385656
19.385656
19.385656
19.385656
19.385656
19.385656
19.385656
19.385656
19.385656
19.385656
19.385656
19.385656
19.385656
19.385656
19.385656
19.385656
19.385656
19.385656
19.385656
19.385656
19.385656
19.385656
19.385656
19.385656
19.385656
19.385656
19.385656
19.385656
19.385656
19.385656
19.385656
19.385656
19.385656
19.385656
19.385656
19.385656
19.385656
19.385656
19.385656
19.385656
19.385656
19.385656
19.385656
19.385656
19.385656
19.385656
19.385656
19.385656
19.385656
19.385656
19.385656
19.385656
19.385656
19.385656
19.385656
19.385656
19.385656
19.385656
19.385656
19.385656
19.385656
19.385656
19.385656
19.385656
19.385656
19.385656
19.385656
19.385656
19.385656
19.385656
19.385656
19.385656
19.385656
19.385656
19.385656
19.385656
19.385656
19.385656
19.385656
19.385656
19.385656
19.385656
19.385656
19.385656
19.385656
19.385656
19.385656
19.385656
19.385656
19.385656
19.385656
19.385656
19.385656
19.385656
19.385656
19.385656
19.385656
19.385656
19.385656
19.385656
19.385656
19.385656
19.385656
19.385656
19.385656
19.385656
19.385656
19.385656
19.385656
19.385656
19.385656
19.385656
19.385656
19.385656
19.385656
19.385656
19.385656
19.385656
19.385656
19.385656
19.385656
19.385656
19.385656
19.385656
19.385656
19.385656
19.385656
19.385656
19.385656
19.385656
19.385656
19.385656
19.385656
19.385656
19.385656
19.385656
19.385656
19.385656
19.385656
19.385656
19.385656
19.385656
19.385656
19.385656
19.385656
19.385656
19.385656
19.385656
19.385656
19.385656
19.385656
19.385656
19.385656
19.385656
19.385656
19.385656
19.385656
19.385656
19.385656
19.385656
19.385656
19.385656
19.385656
19.385656
19.385656
19.385656
19.385656
19.385656
19.385656
19.385656
19.385656
19.385656
19.385656
19.385656
19.385656
19.385656
19.385656
19.385656
19.385656
19.385656
19.385656
19.385656
19.385656
19.385656
19.385656
19.385656
19.385656
19.385656
19.385656
19.385656
19.385656
19.385656
19.385656
19.385656
19.385656
19.385656
19.385656
19.385656
19.385656
19.385656
19.385656
19.385656
19.385656
19.385656
19.385656
19.385656
19.385656
19.385656
19.385656
19.385656
19.385656
19.385656
19.385656
19.385656
19.385656
19.385656
19.385656
19.385656
19.385656
19.385656
19.385656
19.385656
19.385656
19.385656
19.385656
19.385656
19.385656
19.385656
19.385656
19.385656
19.385656
19.385656
19.385656
19.385656
19.385656
19.385656
19.385656
19.385656
19.385656
19.385656
19.385656
19.385656
19.385656
19.385656
19.385656
19.385656
19.385656
19.385656
19.385656
19.385656
19.385656
19.385656
19.385656
19.385656
19.385656
19.385656
19.385656
19.385656
19.385656
19.385656
19.385656
19.385656
19.385656
19.385656
19.385656
19.385656
19.385656
19.385656
19.385656
19.385656
19.385656
19.385656
19.385656
19.385656
19.385656
19.385656
19.385656
19.385656
19.385656
19.385656
19.385656
19.385656
19.385656
19.385656
19.385656
19.385656
19.385656
19.385656
19.385656
19.385656
19.385656
19.385656
19.385656
19.385656
19.385656
19.385656
19.385656
19.385656
19.385656
19.385656
19.385656
19.385656
19.385656
19.385656
19.385656
19.385656
19.385656
19.385656
19.385656
19.385656
19.385656
19.385656
19.385656
19.385656
19.385656
19.385656
19.385656
19.385656
19.385656
19.385656
19.385656
19.385656
19.385656
19.385656
19.385656
19.385656
19.385656
19.385656
19.385656
19.385656
19.385656
19.385656
19.385656
19.385656
19.385656
19.385656
19.385656
19.385656
19.385656
19.385656
19.385656
19.385656
19.385656
19.385656
19.385656
19.385656
19.385656
19.385656
19.385656
19.385656
19.385656
19.385656
19.385656
19.385656
19.385656
19.385656
19.385656
19.385656
19.385656
19.385656
19.385656
19.385656
19.385656
19.385656
19.385656
19.385656
19.385656
19.385656
19.385656
19.385656
19.385656
19.385656
19.385656
19.385656
19.385656
19.385656
19.385656
19.385656
19.385656
19.385656
19.385656
19.385656
19.385656
19.385656
19.385656
19.385656
19.385656
19.385656
19.385656
19.385656
19.385656
19.385656
19.385656
19.385656
19.385656
19.385656
19.385656
19.385656
19.385656
19.385656
19.385656
19.385656
19.385656
19.385656
19.385656
19.385656
19.385656
19.385656
19.385656
19.385656
19.385656
19.385656
19.385656
19.385656
19.385656
19.385656
19.385656
19.385656
19.385656
19.385656
19.385656
19.385656
19.385656
19.385656
19.385656
19.385656
19.385656
19.385656
19.385656
19.385656
19.385656
19.385656
19.385656
19.385656
19.385656
19.385656
19.385656
19.385656
19.385656
19.385656
19.385656
19.385656
19.385656
19.385656
19.385656
19.385656
19.385656
19.385656
19.385656
19.385656
19.385656
19.385656
19.385656
19.385656
19.385656
19.385656
19.385656
19.385656
19.385656
19.385656
19.385656
19.385656
19.385656
19.385656
19.385656
19.385656
19.385656
19.385656
19.385656
19.385656
19.385656
19.385656
19.385656
19.385656
19.385656
19.385656
19.385656
19.385656
19.385656
19.385656
19.385656
19.385656
19.385656
19.385656
19.385656
19.385656
19.385656
19.385656
19.385656
19.385656
19.385656
19.385656
19.385656
19.385656
19.385656
19.385656
19.385656
19.385656
19.385656
19.385656
19.385656
19.385656
19.385656
19.385656
19.385656
19.385656
19.385656
19.385656
19.385656
19.385656
19.385656
19.385656
19.385656
19.385656
19.385656
19.385656
19.385656
19.385656
19.385656
19.385656
19.385656
19.385656
19.385656
19.385656
19.385656
19.385656
19.385656
19.385656
19.385656
19.385656
19.385656
19.385656
19.385656
19.385656
19.385656
19.385656
19.385656
19.385656
19.385656
19.385656
19.385656
19.385656
19.385656
19.385656
19.385656
19.385656
19.385656
19.385656
19.385656
19.385656
19.385656
19.385656
19.385656
19.385656
19.385656
19.385656
19.385656
19.385656
19.385656
19.385656
19.385656
19.385656
19.385656
19.385656
19.385656
19.385656
19.385656
19.385656
19.385656
19.385656
19.385656
19.385656
19.385656
19.385656
19.385656
19.385656
19.385656
19.385656
19.385656
19.385656
19.385656
19.385656
19.385656
19.385656
19.385656
19.385656
19.385656
19.385656
19.385656
19.385656
19.385656
19.385656
19.385656
19.385656
19.385656
19.385656
19.385656
19.385656
19.385656
19.385656
19.385656
19.385656
19.385656
19.385656
19.385656
19.385656
19.385656
19.385656
19.385656
19.385656
19.385656
19.385656
19.385656
19.385656
19.385656
19.385656
19.385656
19.385656
19.385656
19.385656
19.385656
19.385656
19.385656
19.385656
19.385656
19.385656
19.385656
19.385656
19.385656
19.385656
19.385656
19.385656
19.385656
19.385656
19.385656
19.385656
19.385656
19.385656
19.385656
19.385656
19.385656
19.385656
19.385656
19.385656
19.385656
19.385656
19.385656
19.385656
19.385656
19.385656
19.385656
19.385656
19.385656
19.385656
19.385656
19.385656
19.385656
19.385656
19.385656
19.385656
19.385656
19.385656
19.385656
19.385656
19.385656
19.385656
19.385656
19.385656
19.385656
19.385656
19.385656
19.385656
19.385656
19.385656
19.385656
19.385656
19.385656
19.385656
19.385656
19.385656
19.385656
19.385656
19.385656
19.385656
19.385656
19.385656
19.385656
19.385656
19.385656
19.385656
19.385656
19.385656
19.385656
19.385656
19.385656
19.385656
19.385656
19.385656
19.385656
19.385656
19.385656
19.385656
19.385656
19.385656
19.385656
19.385656
19.385656
19.385656
19.385656
19.385656
19.385656
19.385656
19.385656
19.385656
19.385656
19.385656
19.385656
19.385656
19.385656
19.385656
19.385656
19.385656
19.385656
19.385656
19.385656
19.385656
19.385656
19.385656
19.385656
19.385656
19.385656
19.385656
19.385656
19.385656
19.385656
19.385656
19.385656
19.385656
19.385656
19.385656
19.385656
19.385656
19.385656
19.385656
19.385656
19.385656
19.385656
19.385656
19.385656
19.385656
19.385656
19.385656
19.385656
19.385656
19.385656
19.385656
19.385656
19.385656
19.385656
19.385656
19.385656
19.385656
19.385656
19.385656
19.385656
19.385656
19.385656
19.385656
19.385656
19.385656
19.385656
19.385656
19.385656
19.385656
19.385656
19.385656
19.385656
19.385656
19.385656
19.385656
19.385656
19.385656
19.385656
19.385656
19.385656
19.385656
19.385656
19.385656
19.385656
19.385656
19.385656
19.385656
19.385656
19.385656
19.385656
19.385656
19.385656
19.385656
19.385656
19.385656
19.385656
19.385656
19.385656
19.385656
19.385656
19.385656
19.385656
19.385656
19.385656
19.385656
19.385656
19.385656
19.385656
19.385656
19.385656
19.385656
19.385656
19.385656
19.385656
19.385656
19.385656
19.385656
19.385656
19.385656
19.385656
19.385656
19.385656
19.385656
19.385656
19.385656
19.385656
19.385656
19.385656
19.385656
19.385656
19.385656
19.385656
19.385656
19.385656
19.385656
19.385656
19.385656
19.385656
19.385656
19.385656
19.385656
19.385656
19.385656
19.385656
19.385656
19.385656
19.385656
19.385656
19.385656
19.385656
19.385656
19.385656
19.385656
19.385656
19.385656
19.385656
19.385656
19.385656
19.385656
19.385656
19.385656
19.385656
19.385656
19.385656
19.385656
19.385656
19.385656
19.385656
19.385656
19.385656
19.385656
19.385656
19.385656
19.385656
19.385656
19.385656
19.385656
19.385656
19.385656
19.385656
19.385656
19.385656
19.385656
19.385656
19.385656
19.385656
19.385656
19.385656
19.385656
19.385656
19.385656
19.385656
19.385656
19.385656
19.385656
19.385656
19.385656
19.385656
19.385656
19.385656
19.385656
19.385656
19.385656
19.385656
19.385656
19.385656
19.385656
19.385656
19.385656
19.385656
19.385656
19.385656
19.385656
19.385656
19.385656
19.385656
19.385656
19.385656
19.385656
19.385656
19.385656
19.385656
19.385656
19.385656
19.385656
19.385656
19.385656
19.385656
19.385656
19.385656
19.385656
19.385656
19.385656
19.385656
19.385656
19.385656
19.385656
19.385656
19.385656
19.385656
19.385656
19.385656
19.385656
19.385656
19.385656
19.385656
19.385656
19.385656
19.385656
19.385656
19.385656
19.385656
19.385656
19.385656
19.385656
19.385656
19.385656
19.385656
19.385656
19.385656
19.385654
19.385654
19.385654
19.385654
19.385654
19.385654
19.385654
19.385653
19.385653
19.385653
19.385653
19.385653
19.385653
19.385653
19.385653
19.38565
19.38565
19.38565
19.38565
19.38565
19.38565
19.38565
19.385649
19.385649
19.385647
19.385647
19.385647
19.385645
19.385645
19.385643
19.385643
19.385641
19.385641
19.385641
19.38564
19.38564
19.38564
19.385637
19.385633
19.385633
19.385632
19.385632
19.385632
19.38563
19.385628
19.385628
19.385628
19.385626
19.385626
19.385626
19.385624
19.385624
19.385624
19.385624
19.385624
19.385624
19.385624
19.385624
19.385624
19.385624
19.385624
19.385624
19.385624
19.385624
19.385624
19.385624
19.385624
19.385624
19.385624
19.385624
19.385624
19.385624
19.385624
19.385624
19.385624
19.385624
19.385624
19.385624
19.385624
19.385624
19.385624
19.385624
19.385624
19.385624
19.385624
19.385624
19.385624
19.385624
19.385624
19.385624
19.385624
19.385624
19.385624
19.385624
19.385624
19.385624
19.385624
19.385624
19.385624
19.385624
19.385624
19.385624
19.385624
19.385624
19.385624
19.385624
19.385624
19.385624
19.385624
19.385624
19.385624
19.385624
19.385624
19.385624
19.385624
19.385624
19.385624
19.385624
19.385624
19.385624
19.385624
19.385624
19.385624
19.385624
19.385624
19.385624
19.385624
19.385624
19.385624
19.38562
19.38562
19.38562
19.38562
19.38562
19.38562
19.38562
19.385616
19.385616
19.385616
19.385616
19.385616
19.385612
19.385612
19.385609
19.385603
19.385603
19.3856
19.385595
19.385588
19.385588
19.385588
19.385576
19.385567
19.385563
19.385551
19.385542
19.385534
19.38553
19.385523
19.385502
19.385487
19.385477
19.38547
19.385454
19.385437
19.385412
19.38538
19.385359
19.385351
19.385332
19.385311
19.385294
19.385275
19.385254
19.385237
19.38523
19.385218
19.3852
19.385193
19.38519
19.385172
19.385157
19.385157
19.385157
19.385157
19.385157
19.385157
19.385157
19.385157
19.385157
19.385157
19.385157
19.385157
19.385157
19.385157
19.385157
19.385157
19.385157
19.385157
19.385157
19.385157
19.385157
19.385157
19.385157
19.385157
19.385157
19.385157
19.385157
19.385157
19.385157
19.385157
19.385157
19.385157
19.385157
19.385157
19.385157
19.385157
19.385157
19.385157
19.385157
19.385157
19.385157
19.385157
19.385157
19.385157
19.385157
19.385157
19.385157
19.385157
19.385157
19.385157
19.385157
19.385157
19.385157
19.385157
19.385157
19.385157
19.385157
19.385157
19.385157
19.385157
19.385157
19.385157
19.385157
19.385157
19.385157
19.385157
19.385157
19.385157
19.385157
19.385157
19.385157
19.385157
19.385157
19.385157
19.385157
19.385157
19.385157
19.385157
19.385157
19.385157
19.385157
19.385157
19.385157
19.385157
19.385157
19.385157
19.385157
19.385157
19.385157
19.385157
19.385157
19.385157
19.385157
19.385157
19.385157
19.385157
19.385157
19.385157
19.385157
19.385157
19.385157
19.385157
19.385157
19.385157
19.385157
19.385157
19.385157
19.385157
19.385157
19.385157
19.385157
19.385157
19.385157
19.385157
19.385157
19.385157
19.385157
19.385157
19.385157
19.385157
19.385157
19.385157
19.385157
19.385157
19.385157
19.385157
19.385157
19.385157
19.385157
19.385157
19.385157
19.385157
19.385157
19.385157
19.385157
19.385157
19.385157
19.385157
19.385157
19.385157
19.385157
19.385157
19.385157
19.385157
19.385157
19.385157
19.385157
19.385157
19.385157
19.385157
19.385157
19.385157
19.385157
19.385157
19.385157
19.385157
19.385157
19.385157
19.385157
19.385157
19.385157
19.385157
19.385157
19.385157
19.385157
19.385157
19.385157
19.385157
19.385157
19.385157
19.385157
19.385157
19.385157
19.385157
19.385157
19.385157
19.385157
19.385157
19.385157
19.385157
19.385157
19.385157
19.385157
19.385157
19.385157
19.385157
19.385157
19.385157
19.385157
19.385157
19.385157
19.385157
19.385157
19.385157
19.385157
19.385157
19.385157
19.385157
19.385157
19.385157
19.385157
19.385157
19.385157
19.385157
19.385157
19.385157
19.385157
19.385157
19.385157
19.385157
19.385157
19.385157
19.385157
19.385157
19.385157
19.385157
19.385157
19.385157
19.385157
19.385157
19.385157
19.385157
19.385157
19.385157
19.385157
19.385157
19.385157
19.385157
19.385157
19.385157
19.385157
19.385157
19.385157
19.385157
19.385157
19.385157
19.385157
19.385157
19.385157
19.385157
19.385157
19.385157
19.385157
19.385157
19.385157
19.385157
19.385157
19.385157
19.385157
19.385157
19.385157
19.385157
19.385157
19.385157
19.385157
19.385157
19.385157
19.385157
19.385157
19.385157
19.385157
19.385157
19.385157
19.385157
19.385157
19.385157
19.385157
19.385157
19.385157
19.385157
19.385157
19.385157
19.385157
19.385157
19.385157
19.385157
19.385157
19.385157
19.385157
19.385157
19.385157
19.385157
19.385157
19.385157
19.385157
19.385157
19.385157
19.385157
19.385157
19.385157
19.385157
19.385157
19.385157
19.385157
19.385157
19.385157
19.385157
19.385157
19.385157
19.385157
19.385157
19.385157
19.385157
19.385157
19.385157
19.385157
19.385157
19.385157
19.385157
19.385157
19.385157
19.385157
19.385157
19.385157
19.385157
19.385157
19.385157
19.385157
19.385157
19.385157
19.385157
19.385157
19.385157
19.385157
19.385157
19.385157
19.385157
19.385157
19.385157
19.385157
19.385157
19.385157
19.385157
19.385157
19.385157
19.385157
19.385157
19.385157
19.385157
19.385157
19.385157
19.385157
19.385157
19.385157
19.385157
19.385157
19.385157
19.385157
19.385157
19.385157
19.385157
19.385157
19.385157
19.385157
19.385157
19.385157
19.385157
19.385157
19.385157
19.385157
19.385157
19.385157
19.385157
19.385157
19.385157
19.385157
19.385157
19.385157
19.385157
19.385157
19.385157
19.385157
19.385157
19.385157
19.385157
19.385157
19.385157
19.385157
19.385157
19.385157
19.385157
19.385157
19.385157
19.385157
19.385157
19.385157
19.385157
19.385157
19.385157
19.385157
19.385157
19.385157
19.385157
19.385157
19.385157
19.385157
19.385157
19.385157
19.385157
19.385157
19.385157
19.385157
19.385157
19.385157
19.385157
19.385157
19.385157
19.385157
19.385157
19.385157
19.385157
19.385157
19.385157
19.385157
19.385157
19.385157
19.385157
19.385157
19.385157
19.385157
19.385157
19.385157
19.385157
19.385157
19.385157
19.385157
19.385157
19.385157
19.385157
19.385157
19.385157
19.385157
19.385157
19.385157
19.385157
19.385157
19.385157
19.385157
19.385157
19.385157
19.385157
19.385157
19.385157
19.385157
19.385157
19.385157
19.385157
19.385157
19.385157
19.385157
19.385157
19.385157
19.385157
19.385157
19.385157
19.385157
19.385157
19.385157
19.385157
19.385157
19.385157
19.385157
19.385157
19.385157
19.385157
19.385157
19.385157
19.385157
19.385157
19.385157
19.385157
19.385157
19.385157
19.385157
19.385157
19.385157
19.385157
19.385157
19.385157
19.385157
19.385157
19.385157
19.385157
19.385157
19.385157
19.385157
19.385157
19.385157
19.385157
19.385157
19.385157
19.385157
19.385157
19.385157
19.385157
19.385157
19.385157
19.385157
19.385157
19.385157
19.385157
19.385157
19.385157
19.385157
19.385157
19.385157
19.385157
19.385157
19.385157
19.385157
19.385157
19.385157
19.385157
19.385157
19.385157
19.385157
19.385157
19.385157
19.385157
19.385157
19.385157
19.385157
19.385157
19.385157
19.385157
19.385157
19.385157
19.385157
19.385157
19.385157
19.385157
19.385157
19.385157
19.385157
19.385157
19.385157
19.385157
19.385157
19.385157
19.385157
19.385157
19.385157
19.385157
19.385157
19.385157
19.385157
19.385157
19.385157
19.385157
19.385157
19.385157
19.385157
19.385157
19.385157
19.385157
19.385157
19.385157
19.385157
19.385157
19.385157
19.385157
19.385157
19.385157
19.385157
19.385157
19.385157
19.385157
19.385157
19.385157
19.385157
19.385157
19.385157
19.385157
19.385157
19.385157
19.385157
19.385157
19.385157
19.385157
19.385157
19.385157
19.385157
19.385157
19.385157
19.385157
19.385157
19.385157
19.385157
19.385157
19.385157
19.385157
19.385157
19.385157
19.385157
19.385157
19.385157
19.385157
19.385157
19.385157
19.385157
19.385157
19.385157
19.385157
19.385157
19.385157
19.385157
19.385157
19.385157
19.385157
19.385157
19.385157
19.385157
19.385157
19.385157
19.385157
19.385153
19.385153
19.385153
19.385153
19.385153
19.385153
19.385153
19.385153
19.385153
19.385153
19.385153
19.385153
19.385067
19.384892
19.384827
19.384806
19.384748
19.384651
19.384571
19.384539
19.384518
19.384481
19.38446
19.38444
19.384428
19.38441
19.3844
19.384388
19.38436
19.38435
19.384335
19.384314
19.384295
19.384277
19.384274
19.38427
19.38426
19.384253
19.384241
19.384224
19.384212
19.384209
19.384195
19.38418
19.384172
19.384155
19.384138
19.384127
19.384119
19.384115
19.384111
19.384106
19.384102
19.384098
19.384094
19.384094
19.384083
19.384073
19.38407
19.384066
19.384054
19.384045
19.38404
19.384033
19.384026
19.384016
19.384012
19.384008
19.384005
19.384005
19.384
19.383997
19.383993
19.38399
19.38399
19.38399
19.383984
19.383984
19.383984
19.383984
19.383984
19.383984
19.383984
19.383984
19.383984
19.383984
19.383984
19.383984
19.383984
19.383984
19.383984
19.383984
19.383984
19.383984
19.383984
19.383984
19.383984
19.383984
19.383984
19.383984
19.383984
19.383984
19.383984
19.383984
19.383984
19.383984
19.383984
19.383984
19.383984
19.383984
19.383984
19.383984
19.383984
19.383984
19.383984
19.383984
19.383984
19.383984
19.383984
19.383984
19.383984
19.383984
19.383984
19.383984
19.383984
19.383984
19.383984
19.383984
19.383984
19.383984
19.383984
19.383984
19.383984
19.383984
19.383984
19.383984
19.383984
19.383512
19.383135
19.382952
19.382885
19.382666
19.382532
19.382242
19.382063
19.381853
19.381763
19.381603
19.38142
19.38129
19.381176
19.381035
19.38097
19.380945
19.380852
19.380835
19.380823
19.38082
19.38081
19.380798
19.380795
19.38079
19.380781
19.380774
19.38077
19.380745
19.380737
19.38073
19.380726
19.380713
19.380688
19.380676
19.380665
19.380644
19.380608
19.380587
19.380562
19.38055
19.380537
19.380526
19.380518
19.380518
19.380518
19.380514
19.380514
19.380514
19.380514
19.380514
19.380514
19.380514
19.380514
19.380514
19.380514
19.380514
19.380514
19.380514
19.380514
19.380514
19.380514
19.380514
19.380514
19.380514
19.380514
19.380514
19.380514
19.380514
19.380514
19.380514
19.380514
19.380514
19.380514
19.380514
19.380514
19.380514
19.380514
19.380514
19.380514
19.380514
19.380514
19.380514
19.380514
19.380514
19.380514
19.380514
19.380514
19.380514
19.380514
19.380514
19.380514
19.380514
19.380514
19.380514
19.380514
19.380514
19.380514
19.380514
19.380514
19.380514
19.380514
19.380514
19.380514
19.380514
19.380514
19.380514
19.380514
19.380514
19.380514
19.380514
19.380514
19.380514
19.380514
19.380514
19.380514
19.380514
19.380514
19.380514
19.380514
19.380514
19.380514
19.380514
19.380514
19.380514
19.380514
19.380514
19.380514
19.380514
19.380514
19.380514
19.380514
19.380514
19.380514
19.380514
19.380514
19.380514
19.380514
19.380514
19.380514
19.380514
19.380514
19.380514
19.380514
19.380514
19.380514
19.380514
19.380514
19.380514
19.380514
19.380514
19.380514
19.380514
19.380514
19.380514
19.380514
19.380514
19.380514
19.380514
19.380514
19.380514
19.380514
19.380514
19.380514
19.380514
19.380514
19.380514
19.380514
19.380514
19.380514
19.380514
19.380514
19.380514
19.380514
19.380514
19.380514
19.380514
19.380514
19.380514
19.380514
19.380514
19.380514
19.380514
19.380514
19.380514
19.380514
19.380514
19.380514
19.380514
19.380514
19.380514
19.380514
19.380514
19.380514
19.380514
19.380514
19.380514
19.380514
19.380514
19.380514
19.380514
19.380514
19.380514
19.380514
19.380514
19.380514
19.380514
19.380514
19.380514
19.380514
19.380514
19.380514
19.380514
19.380514
19.380514
19.380514
19.380514
19.380514
19.380514
19.380514
19.380514
19.380514
19.380514
19.380514
19.380514
19.380514
19.380514
19.380514
19.380514
19.380514
19.380514
19.380514
19.380514
19.380514
19.380514
19.380514
19.380514
19.380514
19.380514
19.380514
19.380514
19.380514
19.380514
19.380514
19.380514
19.380514
19.380514
19.380514
19.380514
19.380514
19.380514
19.380514
19.380514
19.380514
19.380514
19.380514
19.380514
19.380514
19.380514
19.380514
19.380514
19.380514
19.380514
19.380514
19.380514
19.380514
19.380514
19.380514
19.380514
19.380514
19.380514
19.380514
19.380514
19.380514
19.380514
19.380514
19.380514
19.380514
19.380514
19.380514
19.380514
19.380514
19.380514
19.380514
19.380514
19.380514
19.380514
19.380514
19.380514
19.380514
19.380514
19.380514
19.380514
19.380514
19.380514
19.380514
19.380514
19.380514
19.380514
19.380514
19.380514
19.380514
19.380514
19.380514
19.380514
19.380514
19.380514
19.380514
19.380514
19.380514
19.380514
19.380514
19.380514
19.380514
19.380514
19.380514
19.380514
19.380514
19.380514
19.380514
19.380514
19.380514
19.380514
19.380514
19.380514
19.380514
19.380514
19.380514
19.380514
19.380514
19.380514
19.380514
19.380514
19.380514
19.380514
19.380514
19.380514
19.380514
19.380514
19.380514
19.380514
19.380514
19.380514
19.380514
19.380514
19.380514
19.380514
19.380514
19.380514
19.380514
19.380514
19.380514
19.380514
19.380514
19.380514
19.380514
19.380514
19.380514
19.380514
19.380514
19.380514
19.380514
19.380514
19.380514
19.380514
19.380514
19.380514
19.380514
19.380514
19.380514
19.380514
19.380514
19.380514
19.380514
19.380514
19.380514
19.380514
19.380514
19.380514
19.380514
19.380514
19.380514
19.380514
19.380514
19.380514
19.380514
19.380514
19.380514
19.380514
19.380514
19.380514
19.380514
19.380514
19.380514
19.380514
19.380514
19.380514
19.380514
19.380514
19.380514
19.380514
19.380514
19.380514
19.380514
19.380514
19.380514
19.380514
19.380514
19.380514
19.380514
19.380514
19.380514
19.380514
19.380514
19.380514
19.380514
19.380514
19.380514
19.380514
19.380514
19.380514
19.380514
19.380514
19.380514
19.380514
19.380514
19.380514
19.380514
19.380514
19.380514
19.380514
19.380514
19.380514
19.380514
19.380514
19.380514
19.380514
19.380514
19.380514
19.380514
19.380514
19.380514
19.380514
19.380514
19.380514
19.380514
19.380514
19.380514
19.380514
19.380514
19.380514
19.380514
19.380514
19.380514
19.380514
19.380514
19.380514
19.380514
19.380514
19.380514
19.380514
19.380514
19.380514
19.380514
19.380514
19.380514
19.380514
19.380514
19.380514
19.380514
19.380514
19.380514
19.380514
19.380514
19.380514
19.380514
19.380514
19.380514
19.380514
19.380514
19.380514
19.380514
19.380514
19.380514
19.380514
19.380514
19.380514
19.380514
19.380514
19.380514
19.380514
19.380514
19.380514
19.380514
19.380514
19.380514
19.380514
19.380514
19.380514
19.380514
19.380514
19.380514
19.380514
19.380514
19.380514
19.380514
19.380514
19.380514
19.380514
19.380514
19.380514
19.380514
19.380514
19.380514
19.380514
19.380514
19.380514
19.380514
19.380514
19.380514
19.380514
19.380514
19.380514
19.380514
19.380514
19.380514
19.380514
19.380514
19.380514
19.380514
19.380514
19.380514
19.380514
19.380514
19.380514
19.380514
19.380514
19.380514
19.380514
19.380514
19.380514
19.380514
19.380514
19.380514
19.380514
19.380514
19.380514
19.380514
19.380514
19.380514
19.380514
19.380514
19.380514
19.380514
19.380514
19.380514
19.380514
19.380514
19.380514
19.380514
19.380514
19.380514
19.380514
19.380514
19.380514
19.380514
19.380514
19.380514
19.380514
19.380514
19.380514
19.380514
19.380514
19.380514
19.380514
19.380514
19.380514
19.380514
19.380514
19.380514
19.380514
19.380514
19.380514
19.380514
19.380514
19.380514
19.380514
19.380514
19.380514
19.380514
19.380514
19.380514
19.380514
19.380514
19.380514
19.380514
19.380514
19.380514
19.380514
19.380514
19.380514
19.380514
19.380514
19.380514
19.380514
19.380514
19.380514
19.380514
19.380514
19.380514
19.380514
19.380514
19.380514
19.380514
19.380514
19.380514
19.380514
19.380514
19.380514
19.380514
19.380514
19.380514
19.380514
19.380514
19.380514
19.380514
19.380514
19.380514
19.380514
19.380514
19.380514
19.380514
19.380514
19.380514
19.380514
19.380514
19.380514
19.380514
19.380514
19.380514
19.380514
19.380514
19.380514
19.380514
19.380514
19.380514
19.380514
19.380514
19.380514
19.380514
19.380514
19.380514
19.380514
19.380514
19.380514
19.380514
19.380514
19.380514
19.380514
19.380514
19.380514
19.380514
19.380514
19.380514
19.380514
19.380514
19.380514
19.380514
19.380514
19.380514
19.380514
19.380514
19.380514
19.380514
19.380514
19.380514
19.380514
19.380514
19.380514
19.380514
19.380514
19.380514
19.380514
19.380514
19.380514
19.380514
19.380514
19.380514
19.380514
19.380514
19.380514
19.380514
19.380514
19.380514
19.380514
19.380514
19.380514
19.380514
19.380514
19.380514
19.380514
19.380514
19.380514
19.380514
19.380514
19.380514
19.380514
19.380514
19.380514
19.380514
19.380514
19.380514
19.380514
19.380514
19.380514
19.380514
19.380514
19.380514
19.380514
19.380514
19.380514
19.380514
19.380514
19.380514
19.380514
19.380514
19.380514
19.380514
19.380514
19.380514
19.380514
19.380514
19.380514
19.380514
19.380514
19.380514
19.380514
19.380514
19.380514
19.380514
19.380514
19.380514
19.380514
19.380514
19.380514
19.380514
19.380514
19.380514
19.380514
19.380514
19.380514
19.380514
19.380514
19.380514
19.380514
19.380514
19.380514
19.380514
19.380514
19.380514
19.380514
19.380514
19.380514
19.380514
19.380514
19.380514
19.380514
19.380514
19.380514
19.380514
19.380514
19.380514
19.380514
19.380514
19.380514
19.380514
19.380514
19.380514
19.380514
19.380514
19.380514
19.380514
19.380514
19.380514
19.380514
19.380514
19.380514
19.380514
19.380514
19.380514
19.380514
19.380514
19.380514
19.380514
19.380514
19.380514
19.380514
19.380514
19.380514
19.380514
19.380514
19.380514
