102812.34551164061
91305.20004198459
80775.74066773555
78120.95637625095
64581.78070068578
48530.67596139094
47542.09017885622
46140.131336245686
46080.62847834263
44837.402642858164
43314.42271647659
42329.65840209829
42241.116670251846
42117.09312675363
41685.42064630973
41659.726138747414
41650.27083799306
41404.980267204926
41220.70811198422
39973.47446919832
39360.15874575372
38870.37397587814
38850.10786701471
37244.641036314
36858.28131628766
36596.115929893545
36436.48402379559
36348.25883670562
36302.94610321823
36282.86706278644
36277.1533641102
36257.521433501825
36240.644291366625
36227.44375937834
36217.076090088434
36208.90531868898
36202.44765455019
36197.332053146856
36193.27191116511
36190.04449462991
36187.47580751387
29269.36594637521
29070.893042833453
27716.99665755313
27607.09129283896
27537.773942188855
27479.392809019704
27316.603501662583
27216.934233758282
27156.758613342943
27121.136385111848
27100.650294111725
27089.388903925876
27083.661380650294
27081.17957890864
27080.538276317733
27073.753382004274
27068.390715395886
27064.247514579543
27061.02699070751
27058.51075514974
27056.53628416903
27054.981358562396
27053.753194830966
27052.780760968297
27052.00927603654
27051.396223872514
27050.908429041367
27050.519887192495
27050.21013788367
27049.963032305575
27049.765791919253
27049.60828381892
27049.482459232247
27049.381915974798
27049.30155587246
27049.2373154729
27049.18595366993
27049.144883758232
27049.1120403285
27049.08577358448
27049.064765309115
27049.047961965538
27049.03452138775
27049.02377026766
27049.015170230563
27049.008290750626
27049.002787518504
27048.998385157982
27048.99486341367
27048.992046110456
27048.98979232692
27048.987989337857
27048.986546970795
27048.985393092607
27048.98446999997
27048.983731532193
27048.983140762037
27048.982668148496
27048.98229005933
27048.981987589057
27048.981745613528
27048.981552033536
27048.981397169824
27048.98127327903
27048.9811741665
27048.981094876555
27048.98103144465
27048.980980699147
27048.980940102778
27048.98090762568
27048.98088164402
27048.980860858697
27048.98084423043
27048.98083092783
27048.980820285746
27048.980811772075
27048.980804961142
27048.980799512403
27048.980795153417
27048.980791666203
27048.98078887646
27048.980786644646
27048.9807848592
27048.980783430856
27048.980782288163
25104.725613210358
24003.81601993311
23158.461437735365
23060.178070010053
22884.489406238463
22672.531779388642
22607.46110250073
22546.911287991115
22482.48371420113
22338.643746749865
20886.690181728223
20470.305738627965
20360.404029617654
20352.21274575847
20350.845563746494
20319.51559112188
20170.391274131605
17411.11299154327
17144.30627360346
17077.82116689408
16975.6930651163
16828.917640359596
16749.068844179135
16709.235595154718
16692.758300203943
16689.425618975336
16681.590146883977
16670.308553125942
16669.349704174405
16664.873799435132
16662.897572237736
16661.95509987848
16661.640637340905
16661.615052711022
16661.50282891755
16661.41849405358
16661.354510431713
16661.305553466584
16661.267815051193
16661.238537699173
16661.215700380944
16661.197804646934
16661.183727496886
16661.172619016634
16661.163830305893
16661.156862104322
16661.151327713946
16661.14692591102
16661.143420922675
16661.140627462562
16661.138399434025
16661.136621324516
16661.13520159742
16661.13406758249
16661.133161501242
16661.132437359913
16661.131858509983
16661.131395726443
16661.131025689316
16661.130729781027
16661.130493132092
16128.724482966965
16081.767624606427
15917.20595392119
15909.884602116115
15855.25012294997
15745.08454651909
15707.271282341628
15703.984658082923
15680.041892947002
15679.740993437083
15679.10749936464
15674.826011581206
15674.17725105761
15450.452822407968
15362.764044401963
15217.405000413519
15202.979553180588
15185.417954279052
15173.120361624115
15148.176853985375
15141.433813057305
15135.262803253703
15122.643464921026
15121.559791519581
15120.525799207997
15119.901211397568
15119.531209014074
15119.318194540787
15119.200894919604
15119.141046875422
15119.114923097846
15119.107947056758
15119.063335604778
15119.025351906255
15118.995201339758
15118.971232177653
15118.95215367427
15118.93695284039
15118.924831833338
15118.915160410133
15118.907439516322
15118.901273197916
15118.896346797048
15118.892409934819
15118.889263170453
15118.886747503228
15118.884736085782
15118.88312766627
15118.881841387916
15118.88081265787
15118.879989861121
15118.879331743588
15118.878805326276
15118.878384241527
15118.878047405142
15118.87777795615
15118.877562409827
15118.877389980998
15118.877252043214
15118.87714169636
15118.877053421034
15118.876982802152
15118.876926307934
15118.87688111313
15118.87684495765
15118.876816033493
15118.876792894313
15118.876774383069
15118.876759574132
15118.876747727023
15118.87673824936
15118.876730667245
15118.876724601565
15118.876719749025
15118.876715866996
15118.876712761374
15118.876710276885
15118.876708289294
15118.876706699219
15118.87670542716
15118.876704409515
15118.876703595395
15118.876702944104
15118.876702423067
15118.876702006242
15118.876701672782
15118.87670140601
15118.876701192594
15118.876701021862
15118.876700885277
15118.876700776007
15118.876700688592
15118.876700618659
15118.876700562716
15118.876700517956
15118.876700482155
15118.876700453504
15118.876700430592
15118.876700412258
15118.876700397599
15118.87670038586
15118.876700376482
15118.876700368966
15118.876700362962
15118.876700358158
15118.876700354309
15118.876700351238
15118.876700348776
15118.876700346807
15118.876700345232
15118.87670034397
15118.876700342962
15118.87670034215
15118.876700341507
15118.876700340994
15118.87670034058
15118.87670034025
15118.876700339986
15118.876700339775
15118.876700339604
15118.87670033947
15118.876700339362
15118.876700339277
15118.876700339206
15118.876700339148
15118.876700339108
15118.876700339071
15118.876700339042
15118.876700339022
15118.876700339002
15118.876700338988
15118.876700338977
15118.876700338966
15118.876700338962
15118.876700338955
15044.952604080909
14870.898865666473
14752.107639945289
14723.188008463107
14719.294565451279
13986.123172347443
13704.364182751513
13427.421557756425
13362.538728193722
13358.941137612153
13306.382630943666
13300.927896122932
13299.564079471946
13298.416973631784
13298.036136119645
13297.881981072536
13297.419172785725
13297.410189202648
13297.234235629148
13297.150721949747
13240.112788319884
13164.171872413213
13125.569377247444
12998.881074628722
12720.689469302793
12606.390518225153
12584.234130600216
12583.879048495126
12560.001327354055
12521.33897833122
12516.517087815133
12514.693766792572
12513.649847429071
12511.889141739392
12510.336162012214
12509.206367662417
12508.37458941901
12507.755283455605
12507.289353328932
12506.935498599783
12506.66450401466
12506.455445433403
12506.293150303994
12506.166483311237
12506.067177947925
12505.989031725047
12505.927345510117
12505.878528226733
12505.83981468071
12505.80906162352
12505.78459855674
12505.76511730585
10774.833838568162
10582.5847417413
9758.301796892987
9706.949451328059
5992.07421393485
5760.784969729523
5518.403147812021
5448.730749543243
5424.0986962808565
5396.5057999203555
5381.554514960714
5374.152227555408
5371.147991591104
5370.611862954022
5370.459664431427
5369.855600657373
5369.45593997738
5369.189709250507
5369.010963271967
5368.889879195029
5368.807036065248
5368.749737005759
5368.7096420425405
5368.681242413964
5368.660875569984
5368.64608792448
5368.635221539075
5368.62714521859
5368.621078906421
5368.616478492978
5368.612959849458
5368.61024841447
5368.6081454935675
5368.606505542183
5368.605220707695
5368.604210201133
5368.60341290695
5368.602782182685
5368.602282154359
5368.601885044399
5368.6015692205565
5368.601317754526
5368.601117345247
5368.600957506493
5368.600829948239
5368.600728101793
5368.600646752739
5368.600581755481
5368.600529810144
5368.600488287459
5368.600455090802
5368.600428547228
5368.600407321174
5368.600390345964
5368.600376769402
5368.600365910462
5368.6003572247855
5368.600350277188
5368.600344719718
5368.600340274127
5368.600336717902
5368.6003338730825
5368.600331597326
5368.600329776787
5368.600328320398
5368.600327155311
5368.60032622326
5368.60032547763
5368.600324881135
5368.60032440394
5368.600324022189
5368.600323716789
5368.600323472469
5368.6003232770145
5368.600323120654
5368.600322995563
5368.600322895492
5368.600322815433
5368.600322751388
5368.600322700153
5368.600322659165
5368.600322626371
5368.600322600139
5368.600322579153
5368.600322562364
5368.600322548933
5368.600322538188
5368.600322529593
5368.600322522715
5368.6003225172135
5368.6003225128115
5368.600322509292
5368.600322506473
5368.600322504221
5368.600322502418
5368.600322500976
5368.600322499823
5368.6003224989
5368.60032249816
5368.600322497569
5368.600322497098
5368.60032249672
5368.600322496418
5368.600322496177
5368.600322495981
5368.600322495827
5368.600322495702
5368.600322495605
5368.600322495526
5368.600322495461
5368.60032249541
5368.600322495369
5368.600322495339
5368.600322495313
5368.600322495293
5368.600322495273
5368.600322495261
5368.60032249525
5368.600322495241
5368.600322495235
5368.60032249523
5368.600322495226
5368.600322495221
4795.176222709976
4637.428477138299
4435.271526730286
4236.587422669377
4168.845091610712
4159.6610645577
3712.600970122291
3201.695247521162
3135.234304076262
2960.2351208335754
1614.4246914457663
1340.7574858375606
1339.417277560009
1205.2838006744078
1177.778250050262
1152.7097797588451
1123.5948794034396
1122.8664962215132
1117.0499553720008
1116.9178761741362
1116.5658725200665
1116.3174531421607
1116.2648330836632
1116.1163314057476
1116.0178027585043
1115.9519543655686
1115.9075793471275
1115.8773936977573
1115.856646372105
1115.8422252756438
1115.8320815274733
1115.824858131496
1115.819650040352
1115.8158487678452
1115.8130414781008
1115.8109452323927
1115.809363970922
1115.8081602322068
1115.8072364543293
1115.8065225284088
1115.8059674493563
1115.805533665592
1115.805193217446
1115.804925069403
1115.8047132456722
1115.8045455112979
1115.8044124275486
1115.8043066669497
1115.8042225105667
1115.8041554748022
1115.804102031369
1115.8040593951366
1115.8040253619997
1115.8039981840343
1115.8039764727296
1115.8039591235688
1115.8039452569656
1115.8039341718274
1115.8039253089291
1115.8039182219468
1115.8039125544956
1115.803908021901
1115.8039043966994
1115.8039014970982
1115.8038991777755
1115.8038973225464
1115.80389583851
1115.8038946513745
1115.8038937017266
1115.8038929420463
1115.803892334327
1115.8038918481675
1115.8038914592496
1115.8038911481221
1115.803890899224
1115.803890700108
1115.8038905408173
1115.8038904133855
1115.803890311441
1115.8038902298852
1094.7804699053947
1082.5771096444507
1073.62214504105
1067.3839736510308
1062.985948726344
1059.8467365864844
1037.6711423903646
992.0177350166636
985.5832950569093
966.9448320190605
966.1390106981466
960.696019895723
958.8622558122357
957.3754732326593
956.5240311401544
949.1110235075769
930.6403536884372
925.2727754578557
850.0653679872579
816.9874802794998
805.6681262888433
803.2133120153482
799.8627902788139
799.8425375598697
799.0815598577082
798.4848177631143
798.0933055771959
797.8350599819054
797.663640563877
797.5490183467056
797.4717290960086
797.4191191501972
797.3829329245849
797.3577610519594
797.3400409028915
797.3274118870188
797.318298820484
797.3116420608011
797.3067222169241
797.3030459026979
797.3002709702779
797.2981573404766
797.2965344789617
797.2952797368387
797.2943038132771
797.2935409113155
797.292942005354
797.2924701865743
797.2920974073834
797.2918021765638
797.2915679071297
797.2913817173236
797.2912335499533
797.2911155181209
797.291021413976
797.2909463363053
797.2908864057816
797.290838545595
797.2908003113544
797.2907697584637
797.2907453382319
797.2907258161787
797.2907102075802
797.2906977264895
797.290687745322
797.2906797627588
797.2906733782255
797.2906682715699
797.2906641868674
797.2906609195028
797.2906583058656
797.2906562151192
797.290654542626
797.2906532046983
797.2906521343989
797.2906512781867
797.2906505932343
797.2906500452837
797.2906496069302
797.2906492562523
797.2906489757127
797.2906487512829
797.2906485717402
797.2906484281073
797.2906483132009
797.2906482212765
797.2906481477368
797.2906480889055
797.2906480418403
797.2906480041883
797.2906479740666
797.2906479499692
797.2906479306914
797.2906479152692
797.2906479029315
797.2906478930614
797.2906478851652
797.2906478788482
797.2906478737948
797.2906478697519
797.2906478665177
797.2906478639301
797.2906478618602
797.2906478602042
797.2906478588793
797.2906478578195
797.2906478569715
797.2906478562936
797.2906478557508
797.2906478553167
797.2906478549693
797.2906478546917
797.2906478544696
797.2906478542915
797.2906478541494
797.2906478540353
797.2906478539444
797.2906478538714
797.2906478538134
797.2906478537668
797.2906478537292
797.2906478536996
797.2906478536758
797.2906478536567
797.2906478536415
797.2906478536291
797.2906478536192
797.2906478536116
797.2906478536055
797.2906478536004
797.2906478535964
797.290647853593
797.2906478535907
797.2906478535886
797.2906478535871
797.2906478535857
797.2906478535846
797.2906478535839
797.2906478535832
797.2906478535824
797.2906478535823
797.2906478535818
797.2906478535816
797.2906478535813
797.2906478535812
797.2906478535809
797.2906478535808
797.2906478535806
797.2906478535804
797.2906478535803
797.2906478535799
797.2906478535798
774.4152334985836
772.1284755128318
767.7097177475279
759.7255943045212
756.8142498911914
754.9044177791981
752.1179710598946
746.3498539295626
745.9449880198156
743.5958364506429
740.5630118517815
740.0533324298931
738.2888716558986
737.732980555145
737.3735534590016
736.7559874831348
736.2950166079894
705.1343616655349
683.7358282863734
652.3861793652804
634.1529893395735
623.9482159501556
618.5887355625559
616.0959277797938
615.2503385310675
582.4944937066679
567.3519119159687
555.9126409345835
555.6754857070234
552.8403067482024
551.1031511952486
550.1752246368892
547.3953482543903
544.1369982626097
543.4787423158193
541.7107774807888
540.8075401432809
539.8991413483652
539.196322337161
538.649363144024
538.2215852396432
537.8856281642207
537.6208722626554
537.411633787018
537.2458854037012
537.1143378312515
537.0097724991823
536.9265507780964
536.8602489497528
536.8073838381333
536.7652046135139
536.7315334672105
536.7046427795391
536.6831598161996
536.6659923810781
536.6522705517332
536.6413008442591
536.6325300421206
536.6255165772678
536.6199078385752
536.6154221488619
536.6118344298858
536.6089647876929
536.6066694150516
536.6048333352503
536.603364611129
536.6021897212527
536.6012498665807
536.6004980194699
536.5998965652224
536.5994154168264
536.5990305077113
536.5987225865641
536.598476253579
536.5982791897079
536.598121540222
536.5979954216645
536.5978945274778
536.597813812551
536.5977492408797
536.5976975837154
536.597656258095
536.5976231976695
536.5975967493742
536.5975755907673
536.5975586639004
536.5975451224183
536.5975342892405
536.5975256227032
536.5975186894764
536.5975131428969
536.5975087056345
536.5975051558255
536.5975023159791
536.597500044102
536.5974982266006
536.5974967725998
536.5974956093987
536.5974946788382
536.5974939343898
536.5974933388312
536.5974928623845
536.5974924812266
536.5974921763009
536.5974919323601
536.5974917372073
536.5974915810853
536.5974914561875
536.5974913562694
536.5974912763347
536.5974912123874
536.5974911612293
536.5974911203025
536.5974910875617
536.5974910613686
536.5974910404143
536.5974910236506
536.5974910102401
536.5974909995114
536.5974909909283
536.5974909840621
536.5974909785691
536.5974909741745
536.597490970659
536.5974909678465
536.5974909655965
536.5974909637965
536.5974909623567
536.5974909612048
536.5974909602832
536.5974909595458
536.5974909589561
536.5974909584841
536.5974909581067
536.5974909578048
536.5974909575631
536.5974909573698
536.5974909572153
536.5974909570916
536.5974909569924
536.5974909569136
536.59749095685
536.5974909567994
536.5974909567589
536.5974909567265
536.5974909567005
536.5974909566797
536.5974909566631
536.5974909566501
536.5974909566394
536.5974909566307
536.5974909566243
536.5974909566186
536.5974909566143
536.5974909566107
536.5974909566079
536.5974909566057
536.5974909566039
536.5974909566023
536.5974909566013
536.5974909566005
536.5974909565997
536.5974909565989
536.5974909565987
536.5974909565982
536.597490956598
536.5974909565978
536.5974909565974
536.5974909565973
536.5974909565972
536.597490956597
536.5974909565969
536.5974909565966
536.5974909565965
536.5974909565964
535.1459952099132
518.5632423917955
517.6456609065792
511.80772068178993
472.7198684715032
470.6715896400844
468.8148802037336
465.20568568673286
458.35176441676083
453.89467031982673
450.9856625104671
449.0787234426195
447.8221431833111
446.9890204126449
446.43269271565157
446.0581396905625
445.8036231152944
445.6288903957541
445.50758776615334
445.4223751319329
445.3617758850111
445.3181418381646
445.2863356251294
445.2628753103444
445.24537723812784
445.2321916953059
445.2221635266171
445.21447396163023
445.2085354104179
445.2039209539452
445.20031667484534
445.19748911465547
445.1952628188813
445.1935046637836
445.19211278387945
445.1910086522273
445.1901313451592
445.18943333838723
445.188877389854
445.18843420343376
445.18808066063764
445.1877984704584
445.1875731305116
445.18739312236033
445.187249284675
445.18713432258187
445.18704242206223
445.1869689459061
445.186910193307
445.1868632093563
445.1868256337981
445.186795580777
445.1867715431125
445.1867523160223
445.1867369362967
445.18672463376214
445.18671479253163
445.1867069200576
445.1867006224049
445.18669558449176
445.18669155429495
445.1866883302232
445.18668575102055
445.1866836876935
445.1866820370544
445.18668071655736
445.1866796601689
445.1866788150641
445.1866781389839
445.1866775981223
445.1866771654346
445.1866768192853
445.18667654236646
445.18667632083196
445.18667614360453
445.1866760018227
445.18667588839736
445.18667579765724
445.18667572506513
445.1866756669914
445.1866756205325
445.1866755833654
445.18667555363174
445.18667552984476
445.1866755108152
445.1866754955917
445.1866754834128
445.18667547366954
445.1866754658751
445.1866754596395
445.18667545465104
445.1866754506603
445.18667544746774
445.18667544491353
445.18667544287024
445.18667544123576
445.1866754399279
445.1866754388817
445.1866754380449
445.18667543737524
445.1866754368396
445.18667543641124
445.1866754360683
445.1866754357941
445.18667543557467
445.18667543539914
445.1866754352587
445.18667543514636
445.18667543505654
445.18667543498464
445.18667543492705
445.1866754348812
445.1866754348444
445.18667543481496
445.18667543479125
445.1866754347726
445.1866754347573
445.1866754347453
445.1866754347358
445.18667543472793
445.1866754347217
445.1866754347169
445.18667543471287
445.18667543470974
445.1866754347071
445.1866754347051
445.1866754347035
445.1866754347023
445.18667543470127
445.1866754347004
445.1866754346997
445.18667543469917
445.1866754346987
445.18667543469843
445.18667543469815
445.1866754346979
445.18667543469775
445.1866754346977
445.1866754346975
445.18667543469735
445.1866754346971
428.08111605298615
405.6801949130057
255.07665541606545
224.0528697061544
213.41597965848254
205.1055196797722
