97758.76968557447
89643.68243477908
89126.35308188107
83215.4399919015
66078.1957130664
56474.80955174264
50751.422976324495
49958.577279577956
48298.94904187357
48269.87955781124
48086.55826686121
47624.76731857676
47321.95651167793
47206.70934996715
47195.79257023584
47160.092170445416
47102.06348667232
47058.94341533096
47026.56119869124
47002.008283256815
46983.23177995077
46968.7647078925
46957.54569382129
46948.79745445258
46941.944124966096
46936.55442906232
46932.302171658
41054.844844592284
36487.615146948265
36028.354361375255
35535.48679239456
33491.151752036676
33338.17139749193
33294.90305521077
33133.326870442375
33131.97656737025
33060.67996624787
33010.2011699593
32974.01556307839
32947.75343286965
32928.46299609207
32914.130977799236
32903.36957508769
32895.21114854897
32888.97285252155
32884.166820629864
32880.440142271895
32877.53441376496
32875.258224034245
32873.46824381757
32872.05608144769
32870.939037506
32870.053521363334
32869.35030461604
32868.791056765
32868.3457868341
32867.990933033354
32867.70792176488
32867.48207068426
32867.301746897654
31760.1798404379
30689.286900680603
30055.953627020215
30023.935808793387
29625.20726250459
29295.020250903588
29127.92985866069
29056.37544377061
29004.8106281458
28252.21728209363
28225.410895537396
25612.78631370539
25461.128870705095
25406.649472972207
25405.176164841057
25376.180249421737
25350.258862027367
25340.346048143274
25339.343346496084
25337.616337181105
25332.78287000637
25330.598126810622
25329.9268318022
25327.09042899698
25324.912563898946
25323.30646133056
25322.10874056228
25321.20634717096
25320.520133720824
25319.994011768984
25319.587737444806
25319.27207685733
25319.025538065347
25318.83214042567
25318.679875686033
25318.55963405248
25318.464445646845
25318.38893805912
25318.32894359648
25318.28121145518
25318.243194336603
25318.21288854218
25318.188712962918
25318.16941669554
25318.1540079671
25318.141699087024
25318.1318635687
24849.44009534451
22088.50706448436
22053.40960551952
22037.61708602652
22024.242167211705
21982.03970062006
21951.588400793367
21929.346191937853
21912.908476697194
21900.626177684655
21891.35577730982
21884.29493786447
21878.873774055097
21874.682447965606
21871.422574267144
21868.874315099172
21866.873877230915
21865.297955394624
21864.052852138906
21863.066775430856
21862.284317838195
21861.662450179276
21861.167579037887
21860.773360835647
21860.459060648802
21860.208308099314
21860.0081461237
21859.848298184166
21859.72060008274
21859.618556961723
21859.536996295406
21859.471795013866
21859.419664229597
21859.377978956396
21859.344643124536
21859.317982386543
19220.445785183998
17306.792873751605
17272.12954658239
17096.224834422836
17091.921655666894
16659.247129030096
16571.53545345014
16292.10454445195
16235.355181908744
15767.184196792838
15552.667015539097
15276.209495843466
14054.95499372334
13919.797731458191
13358.150308023569
13281.87814045301
13279.544476838722
13241.755111893614
13196.144214621614
13166.495699824749
13159.551492980427
13154.709441197836
13146.241607691485
13140.087614908063
13135.632303036531
13132.367498246645
13129.947299027435
13128.133792204186
13126.761484378947
11045.457710909275
10975.182614242873
10676.187071553859
10607.06081334176
10603.583744067671
10280.242948592142
10043.12673884389
9931.56834558553
9858.472012495724
9757.249216278531
9704.89085243237
9686.681470441901
9661.881263958527
9659.07139470981
9658.549432450109
9658.358618918182
9658.35406210782
9658.174479947742
9658.147485248066
9658.129934832727
9658.119824040154
9658.114250311495
9658.11140086803
9658.110151418514
9658.109811126258
9658.106184221922
9658.103540771552
9658.101598429696
9658.100154904007
9658.09907070605
9658.098248546148
9658.097619745233
9658.097135217791
9658.096759444346
9658.096466408631
9658.096236833208
9658.096056278875
9658.095913823268
9658.095801131005
9658.095711791417
9658.095640840844
9658.095584413899
9658.095539485783
9658.095503679891
9658.09547512261
9658.095452332735
9658.095434136647
9658.095419602692
9658.095407990197
9658.095398709589
9658.09539129111
9658.095385360173
9658.095380617882
9658.095376825628
9658.095373792825
9658.095371367233
9658.095369427172
9658.095367875387
9658.095366634128
9658.095365641228
9658.095364846977
9658.095364211622
9658.095363703367
9658.09536329678
9658.095362971522
9658.095362711325
9658.09536250317
9658.09536233665
9658.095362203438
9658.095362096868
9658.09536201161
9658.095361943406
9658.095361888843
9658.095361845195
9658.095361810276
9658.09536178234
9658.095361759988
9658.095361742111
9658.095361727808
9658.095361716365
9658.095361707214
9658.095361699892
9658.095361694033
9658.09536168934
9658.095361685595
9658.095361682594
9658.095361680196
9658.095361678275
9658.095361676738
9658.095361675512
9658.095361674528
9658.095361673742
9658.095361673111
9658.09536167261
9658.095361672207
9658.095361671885
9658.095361671629
9658.095361671421
9658.095361671256
9658.095361671125
9658.09536167102
9658.095361670934
9658.095361670867
9658.09536167081
9658.095361670768
9658.095361670734
9658.095361670705
9658.095361670685
9658.095361670668
9658.095361670652
9658.095361670641
9658.095361670634
9658.095361670627
9658.09536167062
9658.095361670616
9658.09536167061
9658.095361670608
9658.095361670605
9257.155345799296
8612.174225824523
8596.252503383894
8587.607419160551
8493.819090577397
8477.107815791021
8407.266405831155
8392.760169006853
8383.162576580502
8363.766566220525
8153.499441123964
8151.870806700039
8140.949439308967
8140.09938109958
8137.8139282777765
8131.693410128044
8128.351267611282
8126.672287679807
8125.965733547065
8125.807933320831
8125.3136347145355
8124.895673367087
8124.615765888968
8124.426695330361
8124.297746354768
8124.2088639559215
8124.146895177085
8124.103167923773
8124.07192869376
8124.049332556246
8124.032788603989
8124.020534535146
8124.011359179567
8124.004420750781
8123.999127195388
8123.995056951157
8123.991906099826
8123.98945283896
8123.98753337919
8123.986025426684
8123.984836738479
8123.983897099148
8123.9831526268745
8123.982561682133
8123.98209189151
8123.981717956727
8123.98142002343
8123.981182454098
8123.980992896103
8123.980841568092
8123.980720709447
8123.9806241529395
8123.980546991198
8123.980485315219
8123.980436008623
8123.9803965852225
8123.980365060503
8123.980339849692
8123.980319686781
8123.980303560122
8123.980290661143
8123.980280343464
8123.980272090282
8123.980265488353
8123.980260207203
8123.980255982534
8123.9802526029625
8123.98024989941
8123.980247736628
8123.980246006456
8123.980244622334
8123.980243515058
8123.980242629249
8123.980241920606
8123.980241353701
8123.980240900179
8123.980240537359
8123.98024024711
8123.980240014907
8123.980239829144
8123.980239680539
8123.980239561652
8123.980239466542
8123.980239390455
8123.980239329587
8123.980239280891
8123.980239241933
8123.980239210771
8123.9802391858375
8123.98023916589
8123.980239149934
8123.9802391371695
8123.980239126955
8123.980239118786
8123.98023911225
8123.980239107021
8123.980239102839
8123.980239099488
8123.980239096814
8123.980239094672
8123.980239092958
8123.980239091585
8123.980239090492
8123.980239089616
8123.9802390889145
8123.980239088353
8123.980239087902
8123.980239087546
8123.98023908726
8123.98023908703
8123.9802390868435
8045.876167831354
8044.041456061843
8031.035373582739
8015.385403035738
8010.276483482778
8009.328034284795
7999.884482512058
7999.034225604311
7995.639669182312
7950.106419329037
7946.812041639671
7941.089843747524
7933.286914689115
7931.365369795654
7930.709002455362
7930.457251682253
7930.315281153148
7930.065639580925
7929.007343184809
7928.864775860958
7801.089083288447
7796.861381718598
7792.806343090221
7788.76226268665
7788.125849736121
7785.0754109709815
7179.490911688947
7054.575122144699
6805.91431405408
6698.909468652576
6646.675543055112
6547.445562390766
6423.755928399656
6373.720682802636
6364.9990217463765
6355.303053822734
6348.409426112232
6344.051513911109
6341.3056577292655
6339.582875874384
6338.507948368463
6337.842117069633
6337.433682882351
6337.186443277665
6337.039536550806
6336.954577541728
6336.9074528128085
6336.883092215811
6336.8721408173415
6336.86884342921
6336.371001613163
6335.974476177693
6335.659289954234
6335.408442815417
6335.208598281928
6335.049255888782
6334.922123243797
6334.82063554031
6334.7395851615165
6334.674834320246
6334.623090902753
6334.581732812297
6334.548669791794
6334.522234384589
6334.501095664703
6334.4841908365615
6334.470670908618
6334.459857484388
6334.451208356602
6334.4442900858
6334.43875612927
6334.434329386513
6334.430788262691
6334.427955536678
6334.425689466617
6334.423876681447
6334.4224264986715
6334.421266381485
6334.420338306316
6334.419595858072
6334.419001907087
6334.418526751169
6334.418146629554
6334.417842534254
6334.417599259294
6334.417404640142
6334.417248945341
5521.71082899801
5429.489114096922
5405.725949123321
4823.123545820581
4662.198344978093
4598.112643388518
4167.651183987468
3781.6316093995197
3245.8869622443976
3085.8404275635894
2816.1508790170706
2813.5765346246485
2770.454473126714
2735.356812252406
2731.873190272166
2715.26731475483
2713.24006810647
2712.1922102225253
2709.9911696837644
2707.4444441391956
2705.8644957080555
2705.4974652026885
2705.4783348779974
2705.4703034788295
2705.4688726821237
2705.4686756820997
2705.4686252601186
2705.468586689977
2705.468571455272
1515.2401740330458
1050.3931438841419
980.8667694438598
818.0245126163356
734.8042602187624
721.5437382806462
710.0786595998939
706.0159941869039
702.0070612769988
700.4039515295202
699.599537315526
699.5379737529922
699.2606351539332
698.7409372032496
698.7065800770304
698.6836883341977
698.6581357507406
698.6322362664403
698.614757220537
698.6028479303977
698.5946478241
698.5889372275825
698.5849124230215
698.5820405298709
698.5799657036691
698.5784483632317
698.5773257040173
698.5764859530523
698.5758515131804
698.5753678722592
698.5749962625472
698.5747087687131
698.5744850417648
698.5743100718022
698.5741726632538
698.5740643795648
698.5739788042292
698.5739110169951
698.5738572179496
698.5738144543883
698.5737804199708
698.5737533053534
698.5737316859258
698.5737144366344
698.5737006668016
698.5736896698794
698.5736808844661
698.5736738638952
698.5736682524044
698.5736637663904
698.5736601796126
698.5736573114926
698.5736550178294
698.5736531834327
698.5736517162563
698.5736505427336
698.5736496040554
698.573648853202
698.5736482525765
698.5736477721131
698.5736473877656
698.5736470803029
698.5736468343422
698.5736466375797
698.5736464801734
698.5736463542512
698.5736462535148
698.5736461729269
683.0072544708128
652.3410643581683
630.6345131482653
623.0481612951615
612.0340457861278
610.8006808803422
609.8594630188932
601.0645312803374
600.1345693245379
586.0766373962291
575.5341117363695
570.8817943650228
569.5802304881314
567.7462791935206
559.9393151209065
559.1958697598787
548.0267454761888
531.0830241070115
528.6595133421367
528.4859694880977
526.5200988315613
523.461110335628
522.4407603115563
522.3977314979182
522.0735177730609
522.030568768647
522.021334160293
521.9616452896174
521.9149406808456
464.595408312918
446.08714454177476
442.5431171161979
432.459887646812
367.26267731350333
342.04898076557686
341.59449581270627
340.50794261037936
340.402094309572
340.30121083523625
340.0801113462257
339.90721282105085
339.77144188317226
339.6644557775168
339.5799105055667
339.51294220005406
339.45979501935443
339.41755085156944
339.3839306064772
339.3571464674504
339.3357908727389
339.3187522955361
339.3051508088564
339.29428841956536
339.2856105401664
339.2786759371488
339.2731331830558
339.2687021339069
339.2651593132282
339.2623263486148
339.26006080375925
339.25824889704927
339.2567997103528
339.25564057774557
339.25471341037974
339.25397176526786
339.2533785059978
339.25290393494646
339.2525243013787
339.2522206094196
339.2519776653848
339.2517833162581
339.25162784086143
339.2515034630429
339.2514039623875
339.25132436288675
339.25126068394115
339.2512097412041
339.2511689872826
339.2511363843172
339.25111030205466
339.2510894363151
339.2510727437686
339.2510593897599
339.25104870657157
339.25104016003286
339.2510333228092
333.806510346031
329.271234818891
327.9570616548061
326.1865236965049
324.76520570032324
324.5967800141536
324.05381140130123
323.9239106086306
323.70181833047496
323.66982298509055
323.6623423435528
316.9743160628599
316.63430984660897
313.5670437280209
312.7784100084872
312.25414162049555
306.2175801785125
294.3767437388839
294.3418241776169
294.2108729778618
292.46864037015087
292.4540095536656
285.3325733353417
285.0669091773541
284.8173894767195
283.85931801287035
283.85227799795916
283.6230868526519
283.5450150634952
283.5190372474581
283.4461385252096
283.3495386561854
283.3064344252578
283.2938234656626
283.26232118325737
283.2015410581806
283.15539667886276
283.12006819668403
283.0928211045576
283.0716734747708
283.05517139904686
283.042235996455
283.0320580794935
283.0240248051959
283.01766798369164
283.01262719716595
283.0086231571791
283.0054382222991
283.00290198454536
283.00088048883833
282.9992680887502
282.9979812384254
282.9969537228026
282.99613296767234
282.9954771682834
282.9949530437901
282.99453407380685
282.9941991087716
282.9939312717522
282.99371708854244
282.9935457972742
282.99340879965126
282.9932992242037
282.9932115783422
282.9931414709307
282.9930853909392
282.9930405307462
282.9930046450239
282.99297593800264
282.9929529733817
282.99293460232275
282.99291990588347
282.99290814899314
282.992898743648
282.9928912194789
282.99288520021213
282.9928803848425
282.99287653257477
282.9928734507786
282.99287098535314
282.9928690130201
282.9928674351585
282.992866172872
282.9928651630449
282.9928643551844
282.9928637088969
282.99286319186723
282.9928627782439
282.9928624473454
282.9928621826268
282.99286197085195
282.992861801432
282.99286166589644
282.9928615574677
282.99286147072485
282.9928614013305
282.99286134581513
282.99286130140274
282.9928612658729
282.992861237449
282.9928612147099
282.9928611965186
282.9928611819656
282.9928611703232
282.9928611610092
282.9928611535581
282.9928611475971
282.9928611428283
282.99286113901337
282.9928611359614
282.99286113351974
282.9928611315664
282.99286113000386
282.9928611287538
282.99286112775366
282.99286112695364
282.99286112631364
282.9928611258016
282.992861125392
277.01232975232955
275.9770254122021
274.1570050602186
272.9557503728952
261.72476947395944
260.66935869136967
259.48889120771963
259.1937887266913
259.10639625729027
259.08946426056974
258.80912456147763
258.7993169807307
258.60714117363995
258.52443444761155
258.5037307753612
258.5014446065459
258.48989358923114
258.4808473112425
258.47373479180396
258.46812445814277
258.4636871876231
258.4601700089094
258.4573771540675
258.4551562385969
258.45338806199817
258.4519789964168
258.45085524839845
258.4499584928294
258.44924252379553
258.4486706672381
258.4482137699407
258.44784862838986
258.4475567559729
258.44732341216655
258.447136835763
258.44698763777046
258.44686831978004
258.44677289124587
258.4466965649679
258.44663551453704
258.44658668097094
258.44654761845635
258.44651637122126
258.44649137521014
258.44647137953837
258.44645538372896
258.44644258754715
258.44643235089984
258.4464241617728
258.44641761059324
258.44641236972797
258.4464081770855
258.44640482300355
258.4464021397586
258.4463999931757
258.4463982759178
258.44639690211676
258.44639580307944
256.2926733725152
254.16610147878419
253.92317576839116
253.9158347386072
251.84503179512222
251.4525768808079
251.4463280753401
251.43686144843016
247.80372951562225
243.53964357358217
235.21035972217476
228.82388161459636
227.68189061241637
220.32596488266626
218.99867785801297
216.47687912878214
215.4549560377244
214.7322403093352
214.32339372914396
214.10468510660405
213.99907413920434
213.95897316088923
213.95530056742413
213.92999525667145
213.90154272967013
213.88133191104308
213.8667960260448
213.85621229078427
213.8484140851284
213.8426035414371
213.83822903981763
213.8349047558554
213.8323575317791
213.83039156249777
213.82886474545978
213.82767270519707
213.82673789754222
213.82600209913386
213.82542117094496
213.82496136313804
213.8245966751289
213.8243069459927
213.8240764562975
213.82389289245393
213.82374657124322
213.8236298533877
213.82353669613565
213.82346230923469
213.82340288861042
213.82335540900473
213.82331746173213
213.82328712721764
213.82326287452054
213.82324348190798
213.82322797392683
213.82321557145164
213.82320565197364
213.82319771799274
213.82319137183282
213.82318629556093
213.82318223496316
213.8231789867537
213.82317638835804
213.8231743097515
213.82317264693674
213.82317131672994
213.82317025259348
213.82316940130266
213.82316872028193
213.8231681754728
213.82316773963038
213.82316739095967
213.82316711202492
213.82316688887832
213.82316671036207
213.82316656754944
213.82316645329968
213.8231663619001
213.82316628878067
213.82316623028507
213.8231661834887
213.82316614605165
213.82316611610202
213.8231660921423
213.82316607297463
213.82316605764038
213.82316604537306
213.8231660355592
213.82316602770817
213.82316602142728
213.8231660164026
213.82316601238276
213.82316600916698
213.82316600659433
213.82316600453615
213.82316600288968
213.8231660015725
213.82316600051877
213.82316599967575
213.82316599900142
213.8231659984618
213.82316599803025
213.82316599768487
213.82316599740872
213.82316599718774
213.8231659970109
213.82316599686945
213.8231659967563
213.8231659966658
213.82316599659342
213.82316599653544
213.8231659964891
213.82316599645196
213.82316599642235
213.82316599639864
213.82316599637957
213.82316599636445
213.82316599635234
213.8231659963426
213.8231659963348
213.82316599632858
213.82316599632358
213.82316599631963
213.82316599631645
213.82316599631386
213.82316599631187
213.82316599631022
213.8231659963089
213.8231659963078
213.82316599630707
213.8231659963063
213.8231659963058
213.82316599630533
213.82316599630505
213.8231659963048
213.82316599630457
213.8231659963044
213.82316599630423
213.82316599630408
213.82316599630403
213.82316599630394
213.82316599630389
213.82316599630386
213.82316599630383
205.89255861395085
196.35340267243393
189.58296771017896
175.73772771259002
146.8502003794392
146.40015277368298
144.23553561025417
133.81138379546172
133.27617903293412
133.23693738873826
133.02744578660528
132.9826771447574
132.92323721123148
132.90398242980834
132.88443926914417
132.87005993707876
132.85935979716473
132.85131381370596
132.84520606916132
132.8405304605479
132.8369247493515
132.83412643683874
132.83194299095288
132.83023156488383
132.8288850356379
132.82782228367114
132.8269813438129
132.82631451942407
132.8257848535115
132.82536354868458
132.82502805868094
132.82476066114717
132.82454737958037
132.82437716166143
132.8242412480204
132.8241326839518
132.8240459394773
132.82397661223703
132.82392119418196
132.82387688772985
132.82384146048287
132.82381313015074
132.82379047322289
132.8237723523769
132.82375785870568
132.8237462656923
132.8237369925127
132.8237295747569
132.82372364105652
132.82371889441893
132.82371509731544
132.82371205976474
132.82370962980886
132.82370768589828
132.82370613080445
132.8237048867516
132.8237038915235
132.82370309535003
132.82370245841716
132.8237019488746
132.82370154124288
132.82370121513904
132.823700954257
132.82370074555186
132.82370057858824
132.8237004450176
132.82370033816125
132.82370025267625
132.82370018428827
132.823700129578
132.82370008580983
132.8237000507953
132.8237000227837
132.82370000037437
132.82369998244693
132.823699968105
132.82369995663146
132.82369994745258
132.82369994010952
132.82369993423504
132.8236999295355
132.82369992577583
132.82369992276813
132.82369992036192
132.82369991843703
132.82369991689706
132.82369991566506
132.8236999146795
132.8236999138911
132.8236999132603
132.8236999127557
132.823699912352
132.82369991202904
132.82369991177066
132.82369991156398
132.82369991139865
132.82369991126635
132.82369991116056
132.82369991107583
132.8236999110082
132.82369991095396
132.82369991091062
132.82369991087597
132.8236999108482
132.823699910826
132.82369991080827
132.82369991079406
132.8236999107827
132.82369991077354
132.82369991076635
132.82369991076052
132.8236999107559
132.82369991075217
132.82369991074918
132.8236999107468
132.82369991074484
132.82369991074333
132.8236999107421
132.8236999107411
132.82369991074034
132.8236999107397
132.8236999107392
132.82369991073887
132.82369991073853
132.8236999107383
132.82369991073807
132.82369991073787
132.82369991073773
132.82369991073767
132.8236999107376
132.8236999107375
132.82369991073745
132.82369991073742
132.8236999107374
132.82369991073736
132.82369991073733
132.8236999107373
122.09307566543241
122.08916804888851
121.92535806715067
121.78284658148397
121.69080370496386
121.63122784343633
121.59256455561493
121.56739226225424
121.55093976317937
121.54013637871232
121.53300318460596
121.52826271794004
121.52508864132355
121.52294508992874
121.52148350314785
121.52047631649755
121.51977430015285
121.51927907618158
121.5189253860313
121.51866962688824
121.51848242307919
121.51834379827537
121.51824002690812
121.51816157203888
121.51810172796712
121.51805572139693
121.5180201121005
121.51799239007768
121.51797070232449
121.51795366563567
121.51794023693334
121.51792962238665
121.51792121293506
121.51791453797267
121.51790923166602
121.5179050081652
121.51790164315307
121.5178989599679
121.51789681906756
121.51789510996188
121.51789374499064
121.51789265449415
121.51789178304453
121.51789108649122
121.51789052963674
121.5178900844015
121.5178897283723
121.51788944365069
121.5178892159385
121.5178890338104
121.51788888813465
121.51788877161106
121.51788867840314
121.51788860384377
121.51788854420079
121.5178884964892
121.51788845832183
121.5178884277891
121.51788840336366
121.51788838382379
121.51788836819217
121.5178883556871
121.51788834568318
121.51788833768008
121.51788833127769
121.51788832615578
121.51788832205834
121.51788831878031
121.51788831615792
121.51788831406006
121.51788831238176
121.51788831103906
121.51788830996502
121.51788830910569
121.51788830841822
121.5178883078683
121.51788830742838
121.51788830707638
121.51788830679482
121.51788830656959
121.51788830638937
121.51788830624518
121.51788830612986
121.5178883060376
121.5178883059638
121.51788830590475
121.51788830585751
121.5178883058197
121.51788830578947
121.51788830576525
121.517888305746
121.51788830573042
121.51788830571807
121.51788830570817
121.51788830570024
121.51788830569394
121.51788830568886
121.51788830568479
121.5178883056815
121.51788830567892
121.51788830567686
121.5178883056752
121.51788830567386
121.5178883056728
121.51788830567195
121.51788830567124
121.5178883056707
121.51788830567024
121.51788830566993
121.51788830566966
121.51788830566946
121.51788830566929
121.51788830566915
121.51788830566899
121.51788830566893
121.51788830566889
121.51788830566876
121.51788830566872
121.51788830566869
121.51788830566865
121.51788830566841
121.51788830566824
121.5178883056681
121.517888305668
121.51788830566791
121.5178883056678
121.51788830566775
121.51788830566773
121.5178883056677
121.51788830566765
121.51788830566764
121.51788830566763
121.51788830566761
121.51788830566755
121.51788830566754
118.22827772924572
117.96343508303535
117.91543756221282
117.84472659550282
117.69243469263527
117.6769389747449
117.52112165660006
117.41259604235427
117.34940350710639
117.31397137084328
117.29530367267135
117.28656344107044
117.28353536902921
117.28162136837989
117.26582987354193
117.25382699224441
117.24462808853318
117.23752714241313
117.23201161870058
117.22770494896787
117.22432729269364
117.22166848256188
117.21956915598456
117.21790743650068
117.21658941565146
117.21554226600439
117.21470919718736
117.21404571871011
117.21351684093723
117.21309495792461
117.21275823180619
117.21248935029813
117.2122745646991
117.21210294076863
117.2119657725355
117.21185612173215
117.21176845471076
117.2116983554112
117.21164229793484
117.21159746601022
117.21156160946663
117.21153292998936
117.21150999009231
117.21149164053304
117.21147696239485
117.21146522085026
117.21145582823283
117.21144831453455
117.21144230382912
117.21143749542685
117.21143364880875
117.21143057158064
117.21142810984063
117.2114261404758
117.21142456500137
117.21142330463296
117.21142229634538
117.21142148971983
117.21142084442234
117.21142032818622
117.21141991519849
117.21141958480905
117.21141932049805
117.21141910904953
117.21141893989096
117.21141880456419
117.21141869630284
117.21141860969381
117.21141854040664
117.21141848497696
117.2114184406332
117.21141840515817
117.21141837677817
117.21141835407418
117.211418335911
117.21141832138049
117.21141830975603
117.21141830045644
117.21141829301683
117.21141828706514
117.21141828230375
117.21141827849463
117.21141827544736
117.21141827300951
117.2114182710593
117.21141826949908
117.21141826825092
117.21141826725238
117.21141826645356
117.21141826581453
117.21141826530327
117.21141826489425
117.21141826456707
117.21141826430528
117.21141826409588
117.21141826392835
117.21141826379436
117.21141826368711
117.21141826360136
117.21141826353274
117.21141826347784
117.2114182634339
117.21141826339877
117.21141826337069
117.2114182633482
117.21141826333023
117.21141826331582
117.21141826330435
117.21141826329512
117.21141826328775
117.21141826328183
117.21141826327712
117.21141826327334
117.21141826327032
117.21141826326792
117.21141826326598
117.21141826326445
117.21141826326321
117.21141826326223
117.21141826326142
117.21141826326078
117.21141826326027
117.21141826325986
117.21141826325956
117.21141826325932
117.21141826325906
117.21141826325889
117.21141826325875
117.21141826325866
117.21141826325857
117.2114182632585
117.21141826325842
117.2114182632584
117.21141826325835
117.21141826325831
117.2114182632583
117.21141826325828
117.21141826325827
117.21141826325825
115.16928480942465
110.89410294749423
109.858641107814
105.47271573351883
98.92137388841093
93.5704551078822
90.96817550616959
90.11272633942711
90.08635266556277
89.59751685328183
89.05323989439239
88.91308905207109
88.85477248296597
88.83441024702388
88.82789311914905
88.81586569323797
88.81478593668226
88.8123384655738
88.81165380682592
88.81163771337005
88.8112605261569
88.81116958642725
88.81079947948264
88.8107573519424
88.81074413088324
88.81073412005789
88.8107027414893
88.81068804628188
88.81068290276625
88.8106825824374
88.81068247468625
88.8106823308009
88.81068225012783
88.81068224851774
88.81068224831738
88.81068224703914
88.81068224676231
88.81068224672129
88.46978140905482
87.87198031359257
87.55068802424923
87.12975282969629
86.95933668738138
86.92945626205905
86.79377986607992
86.58647317676454
86.42587064522931
86.30074402474798
86.20279018740098
86.12580149130768
86.06509013365502
86.01708399103491
85.9790393607802
85.94883423823491
85.92481771246007
85.90569893808741
85.89046436418765
85.87831539025068
85.86862096961818
85.86088127856307
85.85469966680756
85.8497608676999
85.84581398220365
85.84265913223213
85.8401369536473
85.83812029967046
85.83650767337934
85.83521801835623
85.834186579784
85.8333616116118
85.83270175399291
85.83217394272579
85.831751741602
85.83141401135258
85.83114384676871
85.83092772765569
85.83075484039993
85.83061653573736
85.83050589529836
85.83041738505335
85.83034657820532
85.83028993358958
85.83024461844916
85.83020836669017
85.83017936550914
85.83015616470907
85.83013760416162
85.83012275578298
85.83011087711802
85.83010137421033
85.8300937718997
85.83008769006113
85.83008282459664
85.83007893222916
85.83007581833772
85.83007332722626
85.83007133433817
85.83006974002845
85.83006846458102
85.83006744422337
85.83006662793746
85.8300659749088
85.830065452486
85.83006503454776
85.83006470019718
85.83006443271682
85.83006421873249
85.83006404754504
85.83006391059509
85.83006380103517
85.83006371338718
85.83006364326879
85.83006358717411
85.83006354229835
85.83006350639772
85.83006347767723
85.83006345470086
85.83006343631978
85.83006342161487
85.83006340985095
85.83006340043984
85.83006339291094
85.83006338688783
85.83006338206931
85.83006337821449
85.83006337513072
85.83006337266357
85.83006337068991
85.83006336911107
85.8300633678479
85.83006336683732
85.83006336602894
85.83006336538219
85.83006336486483
85.83006336445094
85.83006336411978
85.83006336385498
85.83006336364299
85.83006336347347
85.83006336333783
85.83006336322934
85.83006336314249
85.83006336307307
85.8300633630175
85.83006336297309
85.83006336293754
85.83006336290909
85.83006336288634
85.83006336286813
85.83006336285355
85.83006336284191
85.83006336283259
85.83006336282511
85.83006336281917
85.8300633628144
85.83006336281056
85.8300633628075
85.83006336280503
85.83006336280312
85.8300633628016
85.83006336280033
85.83006336279934
85.83006336279848
85.83006336279787
85.83006336279736
85.83006336279693
85.83006336279664
85.83006336279635
85.83006336279618
85.83006336279601
85.83006336279581
85.83006336279574
85.83006336279566
85.83006336279558
85.83006336279551
85.83006336279549
85.83006336279544
85.8300633627954
85.83006336279536
85.83006336279534
85.83006336279531
68.71713020022352
60.90373436210669
54.29316391219101
53.597420463198965
53.03386132288797
40.94684258041678
40.40962123299643
40.190732709530515
40.150963226597746
40.12238347734164
40.034076356897586
39.96774607661709
39.91744371868055
39.87896942675553
39.84932125364703
39.82632672183636
39.808394460660594
39.79434520485452
39.783295594215794
39.774577373868716
39.76768053721596
39.76221282125369
39.75787049063423
39.754417005114895
39.75166725924423
39.74947580977635
39.747727992428395
39.7463331575749
39.74521947786798
39.74432993453507
39.74361919614557
39.74305117905116
39.74259713249063
39.742234130195804
39.741943878730254
39.74171177379481
39.74152615143811
39.74137769297145
39.74125895142606
39.74116397433563
39.741088002996676
39.74102723253885
39.74097862040513
39.74093973340702
39.74090862554214
39.7408837403598
39.74086383292402
39.74084790742987
39.74083516732541
39.74082497542798
39.74081682202918
39.740810299386375
39.74080508132095
39.740800906899835
39.74079756738291
39.74079489578219
39.740792758509805
39.74079104869711
39.74078968085033
39.740788586575036
39.74078771115617
39.740787010821975
39.74078645055517
39.7407860023421
39.74078564377185
39.740785356915836
39.740785127431074
39.74078494384334
39.7407847969732
39.7407846794771
39.74078458548026
39.74078451028278
39.7407844501248
39.74078440199842
39.740784363497326
39.74078433269644
39.740784308055765
39.74078428834319
39.740784272573165
39.74078425995711
39.740784249864305
39.740784241790024
39.740784235330615
39.74078423016309
39.74078422602906
39.74078422272185
39.74078422007607
39.74078421795945
39.74078421626616
39.74078421491153
39.74078421382781
39.74078421296085
39.74078421226727
39.74078421171241
39.74078421126852
39.7407842109134
39.740784210629315
39.74078421040205
39.740784210220234
39.740784210074764
39.74078420995841
39.740784209865325
39.74078420979085
39.74078420973127
39.74078420968362
39.7407842096455
39.74078420961498
39.740784209590586
39.74078420957106
39.740784209555436
39.74078420954296
39.740784209532954
39.740784209524946
39.74078420951855
39.74078420951344
39.74078420950934
39.74078420950607
39.74078420950346
39.740784209501356
39.74078420949968
39.74078420949834
39.74078420949726
39.7407842094964
39.74078420949571
39.74078420949517
39.74078420949472
39.74078420949438
39.7407842094941
39.740784209493874
39.7407842094937
39.74078420949355
39.740784209493434
39.74078420949334
39.740784209493256
39.740784209493206
39.740784209493164
39.74078420949312
39.74078420949309
39.74078420949307
39.74078420949304
39.740784209493036
39.74078420949302
39.74078420949301
39.740784209493
39.74078420949299
39.740784209492986
39.74078420949298
36.72718017068522
