109425.93118410217
92741.97657940284
83018.39801631733
79917.14208117948
69553.80017307021
61636.07811689721
44283.07269863254
43270.20591875307
42583.59062435638
42245.00214348694
42239.96692687174
42238.49947262136
41967.30241743832
41782.985724496655
30227.992779616703
25944.825014145943
25925.173169578622
25316.219014136197
25173.23646829242
24881.16321187047
24795.089004876514
24793.56826589744
24701.956323978964
24641.66746337575
24601.756818369377
24575.153386189053
24557.278694092645
24545.160094750143
24536.861154050304
24531.11540230589
24527.090577432264
24524.236654507367
24522.187715830823
24520.69845267414
24519.602970330918
24518.78797849289
24518.17527720586
24517.71026317361
24517.354346026124
24517.07991251827
24516.86695784645
24516.700813075073
24516.570597396254
24516.468152941696
24516.387303354684
24516.323331510135
24516.272607042523
24516.232317393573
24516.200271226506
24516.174753046187
24516.154414504068
24516.138192311744
24516.125245688352
24516.114908313153
24516.106651164035
24516.100053605394
24516.094780781325
24516.09056586467
24516.08719607062
24516.08450160451
24516.082346907868
24516.080623711354
24516.079245513043
24516.07814318411
24516.07726146797
24516.076556189142
24516.07599202629
24516.07554073455
24516.075179725824
24516.074890934622
24516.07465991177
24516.07447509995
24516.074327254628
24516.074208981026
24516.07411436384
24516.07403867117
24516.073978117733
24516.073929675422
24516.07389092186
24516.07385991919
24516.073835117175
24516.073815275642
24516.07379940245
24516.073786703942
24516.07377654515
24516.073768418122
24516.073761916512
24516.07375671523
24516.073752554206
24516.073749225387
24516.073746562342
24516.0737444319
24516.07374272755
24516.073741364064
24516.07374027328
24516.073739400654
24516.073738702547
24516.07373814407
24516.073737697287
24516.07373733986
24516.07373705391
24516.073736825158
24516.073736642156
24516.073736495757
24516.073736378636
24516.073736284932
24516.07373620998
24516.073736150014
24516.073736102033
24516.07373606366
24516.07373603295
24516.073736008395
24516.07373598875
24516.073735973023
24516.07373596045
24516.073735950384
24516.073735942336
24516.073735935905
24516.073735930746
24516.073735926624
24516.073735923328
24516.073735920687
24516.073735918573
24516.0737359169
24516.073735915546
24516.07373591446
24516.073735913593
24516.07373591291
24516.073735912352
24516.073735911912
24516.07373591156
24516.07373591128
24516.073735911043
24516.07373591086
24516.073735910715
24516.073735910606
24516.073735910508
24516.073735910435
24516.07373591038
24516.073735910337
24516.0737359103
24516.073735910264
24516.073735910242
24516.07373591022
24516.0737359102
24516.073735910195
24516.07373591018
24516.073735910177
24516.073735910166
24516.07373591016
24516.073735910115
24516.07373591008
24516.07373591005
24516.073735910028
24516.07373591001
24516.073735910002
24516.073735909988
24516.07373590998
24516.073735909973
24516.07373590997
24516.073735909966
24516.073735909962
24516.07373590996
24131.137030353573
24110.192103962203
24065.859518359663
24060.436074478188
24030.602065115792
24026.792755511433
24017.56058487876
24017.494556749545
24017.150484396094
24017.11141581396
24017.024409578
24016.871977269486
24016.6729313171
24016.66866268003
21532.969367078356
19553.41835500067
13931.821090660453
13154.946209074638
13006.36668065192
11975.602052214215
11160.46574570942
11146.738326046581
9880.439680693373
9433.57016241497
8456.895824137815
7904.488742150296
7828.361117169258
7777.626835923312
7747.829092000497
7730.896292749573
7721.769506716721
7717.296528045885
7715.528353208708
7715.272346522633
7710.896634099817
7705.9383043378975
7702.029550357922
7698.93960946486
7696.491376616596
7694.547971052346
7693.002962258139
7691.773173243371
7690.7933215647445
7690.011987123079
7689.3885495865425
7688.890842768057
7688.493344968151
7688.175774027347
7687.92199074614
7687.719139142899
7687.556969874206
7687.427306148144
7687.32362104819
7687.240702332001
7687.1743861518635
7687.121345235153
7687.078920199322
7687.044985097081
7687.017840168201
7686.996126242958
7686.9787563941945
7686.964861341704
7686.95374582868
7686.944853756804
7686.937740315968
7686.932049701964
7686.927497299511
7686.923855434345
7686.920941978563
7686.918611237202
7686.916746659002
7686.91525500597
7686.914061689644
7686.913107040484
7686.912343323659
7686.911732351794
7686.911243575326
7686.910852554805
7686.910539738808
7686.910289486283
7686.910089284429
7686.909929123055
7686.90980099403
7686.909698490854
7686.909616488341
7686.90955088635
7686.90949840477
7686.909456419511
7686.9094228313115
7686.909395960753
7686.90937446431
7686.9093572671545
7686.909343509434
7686.909332503254
7686.909323698312
7686.909316654359
7686.909311019194
7686.909306511066
7686.9093029045625
7686.909300019357
7686.909297711195
7686.909295864666
7686.909294387441
7686.909293205661
7686.909292260239
7519.317922528889
7470.774572994629
7324.631559529635
7147.129806125436
7031.606085331419
6996.292053117282
6601.979384546871
6548.398383100268
6517.60609743445
6490.882975201868
6486.974296277293
6469.713181054325
6430.946421509913
6405.803257910135
6389.44568321319
6378.764075412682
6371.757638424782
6367.137352356067
6364.071436154922
6125.785078554156
6060.506691178557
5918.492098136291
5859.4968962144385
5847.255277084605
5842.534851715581
5834.533749406671
5829.506153107111
5826.362978817902
5824.410937146818
5823.209302376528
5822.478393642912
5659.03062298061
5652.454188335259
5622.342515435509
5579.377124852466
5393.731834351867
5152.5433550845255
5072.526022842287
4980.994267035732
4937.297212807135
4877.797895934953
4835.538443855195
4797.890584286214
4764.611573478817
4756.08813417571
4752.869790345162
4743.9951004837585
4736.907778776927
4732.982288254267
4730.958290615535
4730.0535851633595
4729.787096103261
4729.701892289289
4729.488980856936
4257.365901967293
3883.803460489836
3087.681272822694
2859.526721711967
2811.9934430001113
2811.5022633150375
2808.5053531431604
2808.0455139400433
2807.9312279672586
2807.769790941908
2807.7593569224664
2807.729749590217
2807.720429735374
2807.7117047526044
2807.711170609566
2807.709696385186
2807.7083331323092
2807.705957761339
2807.7050612293406
2807.7049864132005
2807.7038366037364
2807.702769709915
2807.702001945301
2807.701442613891
2807.701030272145
2807.7007228777125
2807.7004913487026
2807.7003153328783
2807.700180412944
2807.7000762483417
2807.6999953303193
2807.6999321406447
2807.6998825775404
2807.699843559783
2807.699812750523
2807.6997883622794
2807.6997690175485
2807.6997536479203
2807.6997414201537
2807.6997316814227
2807.699723918266
2807.6997177255494
2807.699712782774
2714.6625302035795
2654.9512894378227
2442.925296468802
2428.7767578685643
2413.0660584477114
2396.1363781719983
2375.537847247411
2350.338556171068
2340.6929643338353
2308.78715247329
2289.815221100767
2287.835002975372
2280.94964378732
2280.751632214065
2279.810269093449
2279.279425056764
2278.6517665923366
2278.279235733002
2278.253541244382
2278.223852494842
2278.2076768428133
2278.171789980121
2278.157148239555
2278.1544382068387
2278.148370729238
2278.1447542454052
2278.143533680054
2278.143327840871
2278.1431488564535
2278.143044649672
2278.1429862319283
2278.1429554642496
2278.1429410686765
2278.142936092103
2278.1427933014684
2278.142678906744
2278.1425873917296
2278.142514180209
2278.142455611306
2278.1424087563832
2278.142371272576
2278.1423412856097
2278.142317296091
2278.1422981045093
2278.142282751264
2278.1422704686834
2278.142260642627
2278.1422527817886
2278.14224649312
2278.1422414621875
2278.1422374374442
2278.1422342176493
2278.1422316418143
2278.142229581147
2278.142227932613
2278.142226613786
2278.142225558725
2278.1422247146766
2278.142224039437
2278.142223499246
2278.142223067093
2278.14222272137
2278.1422224447924
2278.1422222235306
2278.142222046521
2278.1422219049127
2278.1422217916265
2278.1422217009967
2278.142221628494
2278.1422215704924
2278.142221524089
2278.1422214869676
2278.1422214572704
2278.142221433512
2278.142221414505
2278.142221399301
2278.142221387137
2278.1422213774067
2278.142221369621
2278.1422213633923
2278.1422213584106
2278.1422213544247
2278.1422213512365
2278.1422213486844
2278.142221346645
2278.1422213450114
2278.1422213437054
2278.1422213426604
2278.1422213418246
2278.1422213411556
2278.1422213406195
2278.142221340193
2278.14222133985
2278.1422213395763
2278.1422213393575
2278.142221339182
2278.1422213390415
2278.1422213389296
2278.1422213388405
2278.1422213387677
2278.142221338711
2278.142221338664
2278.1422213386277
2278.1422213385986
2278.1422213385754
2278.1422213385567
2278.1422213385417
2278.142221338529
2278.14222133852
2278.1422213385113
2278.142221338506
2278.1422213385003
2278.1422213384967
2278.1422213384935
2278.142221338491
2278.1422213384885
2278.142221338487
2278.1422213384853
2278.142221338485
2278.142221338484
2278.142221338483
2278.1422213384826
2278.142221338482
2278.1422213384817
2278.1422213384812
2278.142221338481
2237.4357495348177
2192.306885485125
2095.7760075812994
2079.6970278143885
2071.6393535874513
2065.9207280798305
1963.0951095235864
1920.4191894469398
1913.5429538848666
1871.4536634381748
1870.923620830103
1868.2125982827708
1866.9695065119317
1866.567497906158
1866.5401168431824
1866.481520554527
1866.440637147416
1866.411766340969
1866.3911246841262
1866.3761825511717
1866.3652344080222
1866.3571194539595
1866.3510393694012
1866.3464389041178
1866.3429272374037
1866.3402258755598
1866.3381338878626
1866.3365045228431
1866.3352293349153
1866.3342272991893
1866.333437263963
1866.3328126555298
1866.332317717421
1866.3319248060616
1866.3316124220164
1866.3313637596075
1866.331165626369
1866.3310076296602
1866.3308815586163
1866.330780910629
1866.3307005259014
1866.3306363036631
1866.3305849806202
1866.3305439572252
1866.3305111609338
1866.3304849382523
1866.3304639692924
1866.3304472000034
1866.3304337883335
1866.3304230614065
1866.3304144814053
1866.3304076183913
1866.3304021286103
1866.3303977371897
1866.3303942243128
1866.3303914141752
1866.3303891661724
1742.7172202991658
1662.0601776400588
1543.9014331378398
1258.0565328002867
1127.4380203582666
1042.6527218820686
1019.0792992362292
1007.7233813201663
992.9892249146671
978.1710259011816
974.9556530772837
966.5871978755251
963.0173967244398
962.161532130177
962.0856676447997
960.6164260889453
959.9372356707433
959.7114531451298
959.6430666175052
959.6288382669339
959.3945411307607
959.3798117225193
853.0436198866854
821.8012086929707
819.8179431763909
819.1196223390191
815.7970449871605
813.4839296323106
811.8542031254784
810.6917120173234
809.8521447930784
809.2383634375409
808.7843767043798
808.4448918626637
808.188474897971
807.9930507077715
807.8429253598074
807.7268020441212
807.6364486476907
807.565794894462
807.5103144287851
807.4665972798634
807.4320505838431
807.4046865218213
807.3829701808726
807.3657090496613
807.3519717872831
807.3410278286387
807.3323020065282
807.3253401295151
807.319782647537
807.3153443545186
807.3117986433457
807.3089652252817
807.30670050739
807.3048900236754
807.3034424626857
807.3022849425234
807.301359264716
807.3006189389966
807.3000268169982
807.2995532080884
807.2991743777219
807.2988713497555
807.2986289506318
807.2984350462126
807.2982799322002
807.2981558470846
807.298056582893
807.2979771740359
807.297913648548
807.2978628291805
807.2978221743406
807.2977896508878
807.2977636323933
807.2977428177694
807.2977261661799
807.2977128449791
807.2977021880625
807.2976936625588
807.297686842174
807.2976813858779
807.2976770208486
807.2976735288299
807.2976707352182
807.2976685003306
807.2976667124223
807.297665282096
807.2976641378355
807.2976632224274
807.2976624901012
807.2976619042404
807.297661435552
807.2976610606012
807.2976607606407
807.2976605206723
807.2976603286974
807.2976601751177
807.2976600522536
807.2976599539629
807.2976598753298
807.2976598124235
807.2976597620988
807.2976597218385
807.2976596896306
807.297659663864
807.297659643251
807.2976596267604
807.2976596135683
807.2976596030138
807.2976595945711
807.2976595878164
807.2976595824127
807.2976595780899
807.2976595746313
807.297659571865
807.2976595696517
807.2976595678814
807.2976595664644
807.2976595653312
807.2976595644249
807.2976595636992
807.2976595631194
807.2976595626552
807.2976595622839
807.2976595619866
807.297659561749
807.2976595615589
807.2976595614067
807.2976595612853
807.2976595611879
807.2976595611102
807.2976595610477
807.2976595609979
807.297659560958
807.2976595609261
807.2976595609003
807.2976595608802
807.2976595608638
807.2976595608508
807.2976595608405
807.2976595608319
807.2976595608252
807.2976595608197
807.2976595608158
807.2976595608123
807.2976595608094
807.2976595608075
807.2976595608056
807.2976595608042
807.2976595608031
807.2976595608021
807.2976595608017
807.297659560801
807.2976595608005
807.2976595608004
807.2976595607996
807.2976595607995
807.2976595607994
807.2976595607992
807.297659560799
807.2976595607989
807.2976595607988
807.2976595607987
759.3109546027092
627.7427547296254
611.0890489037154
605.2281209462074
599.4786279286835
594.7590134635363
594.0675501046909
593.8324368397223
593.7213661759833
593.1655682460896
592.8301871523238
592.6318069174065
592.5178544991337
592.4553336970987
592.4236473803235
592.4100297348097
592.4066437194583
592.4029087116216
592.3996645058028
592.3979785161033
592.3972117243153
592.3969707708668
592.3934289276776
592.3888623859034
592.3852156091629
592.3823023200447
592.3799743334055
592.3781136366737
592.376626162539
592.3754368765121
592.3744858913898
592.3737253872598
592.3731171656955
592.372630704757
592.3722416104464
592.37193038264
592.3716814308856
592.3714822889963
592.3713229879739
592.371195555149
592.3710936140045
592.3710120643627
592.3709468267448
592.3708946379912
592.3708528878468
592.3708194882804
592.370792768979
592.3707713937627
592.3707542937339
592.3707406138027
592.3707296699166
592.370720914846
592.3707139108134
592.3707083076027
592.3707038250442
592.3707002390036
592.3706973701751
592.3706950751151
592.3706932390686
592.3706917702327
592.3706905951644
592.3706896551101
592.3706889030672
592.3706883014329
592.370687820126
592.37068743508
592.3706871270435
592.3706868806141
592.370686683471
592.3706865257562
592.3706863995847
592.3706862986471
592.3706862178973
592.3706861532974
592.3706861016175
592.3706860602737
592.3706860271983
592.3706860007381
592.3706859795701
592.3706859626358
592.3706859490879
592.3706859382498
592.3706859295795
592.3706859226431
592.3706859170939
592.3706859126546
592.3706859091034
592.3706859062622
592.3706859039892
592.3706859021709
592.3706859007164
592.3706858995524
592.3706858986217
592.3706858978768
592.3706858972809
592.3706858968043
592.370685896423
592.3706858961181
592.370685895874
592.3706858956788
592.3706858955223
592.3706858953976
592.3706858952975
592.3706858952174
592.3706858951534
592.3706858951024
592.3706858950615
592.3706858950287
592.3706858950025
592.3706858949814
592.3706858949647
592.3706858949514
592.3706858949406
592.370685894932
592.370685894925
592.3706858949197
592.3706858949153
592.3706858949117
592.3706858949089
592.3706858949067
592.3706858949049
592.3706858949034
592.3706858949023
592.3706858949014
592.3706858949006
592.3706858949
592.3706858948996
592.3706858948991
592.3706858948989
592.3706858948987
592.3706858948984
592.3706858948983
592.3706858948982
592.3706858948981
592.370685894898
592.3706858948979
557.276429390817
485.9982851645223
455.5962200087033
451.9752293530474
447.56024979544355
447.43884716568897
444.40720405999537
444.2128918047167
443.66150935846434
442.65337101960813
440.70427626555363
440.5631289233623
440.28448237244453
440.0686986899068
440.02647777321715
439.9515997022503
439.9039612145479
439.88015914826366
439.8649586450159
439.8496841171168
439.83453179161415
439.8331325193395
439.829219788788
439.82865515088
439.8286418849717
439.82858244347835
439.8285536855537
439.8285125675686
439.82848019830465
439.82845463897297
439.82843440659883
439.82841835835745
439.8284056078657
439.82839546385685
439.8283873847364
439.8283809445349
439.8283758071549
439.8283717067106
439.8283684324093
439.82836581684313
439.82836372687007
439.82836205647857
439.82836072118124
439.8283596535933
439.8283587999392
439.82835811728205
439.82835757132653
439.82835713467153
439.8283567854172
439.82835650605836
439.8283562826001
439.82835610385155
439.82835596086454
439.8283558464824
439.8283557549815
439.8283556817839
439.8283556232276
439.828355576384
439.82835553890976
439.828355508931
439.82835548494836
439.82835546576246
439.82835545041377
439.8283554381349
439.82835542831197
439.8283554204536
439.8283554141669
439.8283554091376
439.8283554051143
439.82835540189546
439.82835539932023
439.8283553972603
439.8283553956124
439.8283553942941
439.82835539323935
439.8283553923955
439.82835539172055
439.8283553911805
439.8283553907485
439.82835539040286
439.82835539012643
439.82835538990525
439.82835538972824
439.8283553895866
439.8283553894735
439.82835538938286
439.8283553893105
439.8283553892524
439.8283553892059
439.82835538916885
439.82835538913923
439.82835538911536
439.8283553890965
439.82835538908114
439.8283553890691
439.82835538905937
439.8283553890515
439.8283553890453
439.8283553890403
439.8283553890363
439.8283553890331
439.82835538903055
439.82835538902856
439.82835538902685
439.8283553890256
439.8283553890245
439.82835538902367
439.828355389023
439.8283553890226
439.8283553890221
439.8283553890218
439.8283553890216
439.82835538902134
439.82835538902117
439.828355389021
439.8283553890209
439.82835538902077
439.8283553890207
439.8283553890206
439.82835538902054
439.8283553890205
415.2081022151721
404.6247892944863
401.30001884933824
381.9577068215612
368.89772218125637
361.06869087496915
355.51525666772875
355.12695911332736
354.1040874844306
354.00601213448994
353.9125778230929
353.8456673313011
353.7971545905562
353.7615544156809
353.73512868712186
353.7153029275331
353.70028380674734
353.6888070617254
353.6799703387362
353.6731215510828
353.6677836990325
353.66360377135857
353.66031765575786
353.657725772262
353.65567595121524
353.65405125325816
353.65276119657574
353.651735360307
353.6509186651015
353.65026785217503
353.6497488295064
353.64933465308167
353.64900397863653
353.6487398657649
353.6485288485458
353.6483602095405
353.648225410189
353.6481176422937
353.6480314737922
353.6479625683127
353.64790746269483
353.64786339021055
353.6478281399096
353.64779994458826
353.6477773914795
353.64775935100744
353.64774491991943
353.6477333758743
353.6477241411666
353.6477167537383
353.64771084401207
353.6477061163694
353.647702334344
353.64769930878043
353.6476968883658
353.64769495205735
353.64769340302564
353.6476921638095
353.6476911724428
353.6476903793533
353.6476897448843
353.64768923731066
353.6476888312528
353.647688506407
353.6476882465309
353.6476880386303
353.6476878723099
353.6476877392538
353.6476876328089
353.6476875476531
353.64768747952843
353.64768742502883
353.647687381429
353.64768734654916
353.6476873186454
353.6476872963224
353.64768727846393
353.64768726417714
353.64768725274786
353.64768724360425
353.6476872362895
353.64768723043767
353.64768722575604
353.6476872220109
353.64768721901476
353.6476872166177
353.64768721470034
353.64768721316636
353.6476872119391
353.6476872109573
353.64768721017185
353.64768720954356
353.64768720904084
353.6476872086387
353.64768720831705
353.64768720805955
353.6476872078537
353.6476872076891
353.64768720755734
353.6476872074519
353.64768720736754
353.6476872073001
353.6476872072461
353.64768720720303
353.64768720716853
353.64768720714085
353.64768720711874
353.64768720710106
353.64768720708685
353.6476872070756
353.64768720706644
353.6476872070593
353.6476872070534
353.64768720704876
353.64768720704507
353.64768720704205
353.6476872070397
353.6476872070378
353.64768720703626
353.64768720703506
353.6476872070341
353.6476872070333
353.6476872070327
353.6476872070323
353.6476872070318
353.6476872070315
353.64768720703125
353.64768720703097
353.6476872070308
353.6476872070307
353.6476872070306
353.6476872070305
353.64768720703046
353.6476872070304
353.64768720703034
353.6476872070303
353.64768720703023
353.6476872070302
353.6476872070301
353.64768720703006
353.64768720703
348.4671737779452
298.09231803416355
296.4202291130679
269.2000327157608
252.07361507317347
248.1260442524906
247.84107034876166
246.45275791522423
245.85601763638581
245.70752760082948
245.69461842564223
245.27300626160343
245.0145455656664
244.85822759150494
244.76546158503234
244.71191333848233
244.6823000587643
244.6670736382039
244.66030959181268
244.65836529233616
244.657657585294
244.65644603959066
244.65575766351452
244.65538671336498
244.6552049937006
244.6551332438605
244.6551229645589
244.65256819118014
244.6500435081546
244.648026415634
244.64641444011346
244.64512594673434
244.64409584773497
244.643272213786
244.6426135915871
244.6420868762026
244.6416656206148
244.64132869084517
244.64105919483788
244.6408436286294
244.6406711952449
244.64053326107006
244.64042292175105
244.64033465542926
244.6402640456572
244.64020755994218
244.64016237271593
244.6401262237961
244.64009730521138
244.64007417069647
244.64005566331028
244.64004085754584
244.64002901302666
244.64001953747055
244.6400119570636
244.6400058927622
244.6400010413366
244.63999716020606
244.639994055308
244.63999157139358
244.63998958426467
244.63998799456323
244.63998672280314
244.6399857053957
244.63998489147022
244.63998424033014
244.63998371941824
244.63998330268885
244.63998296930532
244.63998270259864
244.63998248923332
244.63998231854103
244.63998218198722
244.63998207274423
244.63998198534983
244.63998191543428
244.63998185950186
244.63998181475588
244.6399817789592
244.6399817503218
244.63998172741188
244.63998170908394
244.6399816944216
244.63998168269177
244.63998167330777
244.63998166580066
244.63998165979498
244.6399816549904
244.63998165114674
244.63998164807185
244.63998164561193
244.639981643644
244.63998164206964
244.63998164081022
244.6399816398026
244.63998163899652
244.63998163835163
244.63998163783577
244.63998163742312
244.63998163709292
244.63998163682876
244.63998163661742
244.63998163644848
244.63998163631322
244.639981636205
244.6399816361185
244.63998163604924
244.63998163599382
244.6399816359495
244.6399816359141
244.6399816358857
244.639981635863
244.6399816358448
244.63998163583028
244.63998163581874
244.63998163580942
244.63998163580203
244.63998163579606
244.6399816357913
244.63998163578745
244.63998163578447
244.63998163578196
244.63998163578003
244.63998163577847
244.63998163577722
244.63998163577622
244.63998163577543
244.63998163577483
244.63998163577435
244.63998163577386
244.63998163577358
244.6399816357733
244.6399816357731
244.63998163577293
244.63998163577278
244.63998163577267
244.6399816357726
244.63998163577253
244.63998163577247
244.63998163577244
244.63998163577241
244.6399816357724
244.63998163577236
244.63998163577233
244.6399816357723
244.63998163577227
244.63998163577224
244.63998163577222
244.6399816357722
222.057327612139
217.99825521103637
211.53733822410257
206.5301770779979
205.88653964029015
205.7922215418188
205.6659392010738
205.54477254831897
205.49607016691712
205.2810974886369
205.11559023060673
205.10325504775165
205.10254835688062
203.94264842424232
201.13769255392967
199.45329617289656
199.25884411850296
199.11189055229136
198.61514710915574
198.2732655711871
198.03528879939765
193.94678130756205
193.13469723169908
192.3488790641832
190.40406798876293
190.2010118498408
189.80108062810044
189.61179628957635
189.57526388637797
189.46032633957785
189.11739124146732
188.67754075480818
188.36946465457376
188.15103851940546
187.99423984808323
187.88028394258544
187.7964683583855
187.7341193407525
187.68725033447134
187.65168166245465
187.62445970596647
187.60347124869608
187.58718551194863
187.57448014115474
187.56452270442628
187.55668914538373
187.55050702796743
187.5456155611178
187.54173709297137
187.5386565298676
187.53620629468915
187.53425520434132
187.5327001546517
187.53145984135685
187.53046997565335
187.5296796094472
185.55618823026342
184.1384884626526
183.84140833371708
183.59460356709934
182.57160288860672
182.35417401598687
182.07103548814027
182.02008610610093
181.93973843966768
181.88344472286298
181.55116882147868
180.76163013563485
180.5666823888308
180.19298486704864
180.15891748919813
180.02960029819664
179.80148071095886
179.72463774572736
179.44202966452758
179.32106408742908
179.2915689939814
179.1464940543878
179.0557384705082
179.00766545265722
178.98490716589805
178.97674861810464
178.97665255210285
178.82719740027935
178.77386732800755
178.71155611800418
178.66594735436695
178.63217407425108
178.60689223786636
178.5877783128918
178.57319856115737
178.3222962929981
178.24794996326926
178.09158836598675
177.91336083251377
177.87675673393835
177.8255877992886
177.7907557127916
177.77193688318977
177.7626717968497
170.35740478154688
120.69309610166428
102.17323670320546
101.93392273836042
101.65765464335146
100.9043053268575
100.11126995995791
100.02860887851301
99.34840116787647
99.2997131874339
98.65775908636087
98.11952099994315
97.69806690123758
97.36675089934751
97.10544035516298
96.98533252156884
96.76925989694433
96.45784038533783
96.32681191662755
96.04822455486615
95.89410946339784
95.72845373273722
95.6378532761176
95.47770705407304
95.35784452758867
95.28035449772668
94.96546376880757
94.65710473707853
94.41396667988465
94.2217277017707
94.06939025856992
93.78986260378876
93.43749097598622
93.1601136397009
93.09173924706565
92.94110454888491
92.52063267002318
92.07542218012556
91.7267256421187
91.4525503982164
91.23627067445662
91.19467824417862
91.03548535428811
90.95051567468643
90.83804444646321
90.75829537228061
90.74026248753114
90.60650937239632
90.48635432739468
90.33968904774989
90.10738369883099
89.92870814865385
89.82162453075581
89.74298462467964
89.41441689484563
89.10025826517035
88.856360148024
88.79623902652236
88.66599607772694
88.5761226811042
88.51674765247817
88.4138606181225
88.39929632411196
88.31730813344574
88.30658160499205
88.21962342816826
88.14573636473182
88.12307214569965
88.06949913741485
88.0368597347848
87.99263777109827
87.9691031591356
87.9690899995511
87.91567444458917
87.9146136051542
87.87342846237472
87.83994974983368
87.8176855885319
87.81337034666835
87.79005981585229
87.77296479763739
87.76249236701995
87.72777310886197
87.71972731100931
87.6940899254368
87.68257320249246
87.67099300406579
87.63694237035355
87.60283621643251
87.57708634084129
87.5574688707975
87.54240365023716
87.50286781910854
87.4889574809055
87.45814066923799
87.43776614997331
87.42435447338838
87.37764272100395
87.33174758012535
87.29644177289248
87.26909972260705
87.20270609463346
87.12407972751716
87.06500136814421
87.02018523061069
86.96250079201042
86.89063362712393
86.84492417848834
86.81589856087496
86.76587190215922
86.73971730616256
86.69186550474723
86.650943373686
86.64073731555291
86.49307389711514
86.37221676423799
86.27901166489922
86.20667517388443
86.15023163768467
86.10598922895653
86.08759362608455
85.99332363674502
85.92488923324134
85.88402847540834
85.86022739872266
85.8294190105052
85.7827173767352
85.7643777077378
85.71340998958354
85.66513144674624
85.6310957272822
85.60680290518661
85.58924752973464
85.57640571399665
85.46472880373221
85.36395320545277
85.30377959420494
85.26872670032716
85.24905942210209
85.23868562312339
85.22238286739164
85.18424008264368
85.16505588707166
85.156959751239
85.15512362377281
85.1348883087145
85.09344808864917
85.07883831177249
85.07018000753618
85.05107487880841
85.03815388389981
85.02932947714
85.02794235774924
85.02334983972374
84.99887847660291
79.36386285574741
72.57348994928209
72.5215165088607
71.11514867232233
68.29420107575721
65.07465643512263
64.09116194610989
63.77935370631695
63.32475775785537
62.957055746004634
62.80938640131756
61.51814455916177
61.38376934120914
61.251512527715334
61.01307256705766
60.86949151837484
60.78481606812835
60.736396916698986
60.710027169166906
60.696845338252544
60.691364812472294
60.690221952776874
60.68498703713991
60.68011282288128
60.67636831050881
60.67347181039289
60.67121804056072
60.6694556200617
60.66807166469717
60.666981128267764
60.66611934095608
60.665436721879075
60.66489498551177
60.66446438611032
60.664121691992264
60.663848679355795
60.663631000547745
60.66345732553401
60.66331868506395
60.66320796439412
60.663119510550224
60.663048825997954
60.66299232861076
60.66294716286399
60.66291105085088
60.66288217441432
60.662859081696375
60.662840612918096
60.662825841348955
60.66281402630387
60.66280457568234
60.662797016090394
60.662790968996255
60.66278613169172
60.66278226208544
60.662779166552326
60.66277669022301
60.662774709221786
60.66277312446062
60.662771856677175
60.66277084246672
60.66277003110877
60.66276938202912
60.66276886276968
60.66276844736486
60.66276811504273
60.662767849186174
60.66276763650162
60.662767466354445
60.66276733023701
60.66276722134323
60.66276713422837
60.66276706453654
60.662767008783106
60.6627669641804
60.66276692849824
60.662766899952565
60.662766877116006
60.662766858846766
60.66276684423138
60.66276683253906
60.66276682318521
60.66276681570214
60.66276680971569
60.66276680492653
60.662766801095195
60.66276679803013
60.66276679557811
60.662766793616434
60.66276679204714
60.66276679079168
60.66276678978731
60.66276678898382
60.66276678834101
60.6627667878268
60.66276678741539
60.66276678708631
60.66276678682302
60.66276678661239
60.66276678644389
60.662766786309085
60.66276678620123
60.66276678611498
60.66276678604596
60.662766785990755
60.662766785946566
60.662766785911224
60.66276678588295
60.66276678586032
60.662766785842265
60.66276678582777
60.66276678581619
60.662766785806944
60.66276678579953
60.662766785793586
60.66276678578885
60.662766785785024
60.66276678578198
60.66276678577957
60.66276678577763
60.662766785776085
60.66276678577485
60.66276678577384
60.662766785773066
60.662766785772426
60.662766785771915
60.662766785771495
60.2248424814347
59.77117903113344
59.515524371467166
58.45679345798778
57.943375452078726
57.249181425348844
57.104453618833766
57.074634398028294
56.993487673465175
56.401632429239854
56.04865174628426
55.84338944787156
55.728537847830545
55.6682458405588
55.64022936930844
55.630755158431114
55.51647945778295
55.39838912202155
55.3112125724975
55.246140593092676
55.19707133610606
55.15972845950062
55.131078176765904
55.108941322449915
42.18929422803485
34.81630667749821
30.602220508003885
28.912984534916678
28.793575872928436
28.550901487522022
28.157225500014945
28.146298255816113
28.141191049127098
28.08558653468153
28.078863090265422
28.07501446321278
28.06611899782011
28.063266304281893
28.062060444412545
28.0615026906511
28.061218292592415
28.061209096427284
28.06119563392126
28.061178511876754
28.061165624858933
28.06116266185105
28.061162616072565
28.061161722465627
28.06116131703083
28.061161190731497
28.061161168074914
28.061161147570946
28.061161142809706
28.06116105630361
28.061160986732272
28.061160932705313
28.061160890527013
28.061160857452055
28.061160831419418
28.061160810866784
28.061160794599708
28.061160781698074
28.061160771448456
28.06116076329464
28.061160756800966
28.061160751624815
28.06116074749592
28.061160744200507
28.061160741569093
28.06116073946712
28.06116073778756
28.061160736445203
28.061160735372145
28.061160734514228
28.06116073382823
28.061160733279653
28.06116073284093
28.061160732490034
28.061160732209377
28.06116073198489
28.06116073180533
28.061160731661687
28.06116073154678
28.06116073145487
28.061160731381335
28.061160731322516
28.061160731275464
28.061160731237827
28.06116073120771
28.06116073118362
28.06116073116435
28.061160731148934
28.061160731136603
28.061160731126733
28.061160731118843
28.06116073111253
28.061160731107474
28.06116073110344
28.061160731100205
28.061160731097612
28.061160731095544
28.061160731093892
28.061160731092567
28.061160731091505
28.06116073109066
28.06116073108998
28.061160731089437
28.061160731089004
28.061160731088655
28.061160731088385
28.061160731088158
28.06116073108798
28.061160731087842
28.06116073108772
28.061160731087636
28.061160731087558
28.0611607310875
28.06116073108746
28.061160731087416
28.061160731087387
28.061160731087366
28.061160731087345
28.06116073108733
28.061160731087316
28.06116073108731
28.061160731087302
28.061160731087295
27.468469126873877
27.443615368007727
27.258072720541954
27.02734956280981
26.970391930068654
26.83329837581389
26.704236014162536
26.609519393983607
26.53920739009146
26.486453014018366
26.446486458465895
26.41594485901976
26.392427832260193
26.374200612642834
26.359994134094737
26.34886914142956
26.340122869008333
26.33322423296635
26.32776828854555
26.323443830233096
26.320010053806605
26.317279538408446
26.315105689765453
26.313373371603404
26.31199184395526
26.31088939104091
26.31000920100009
26.309306183233456
26.308744494950403
26.308295608919334
26.307936797435513
26.3076499385467
26.307420573226548
26.307237158916596
26.307090477354183
26.306973164030996
26.30687933380557
26.306804282702426
26.306744250189315
26.306696229535245
26.306657816440104
26.306627088157974
26.306602506936432
26.30658284285785
26.30656711217013
26.306554527988038
26.306544460877948
26.306536407340648
26.306529964607293
26.30652481048237
26.306520687221955
26.306517388638913
26.306514749788676
26.306512638718846
26.306510949869597
26.306509598794463
26.30650851793706
26.30650765325288
26.306506961506642
26.306506408110366
26.306505965393807
26.306505611220842
26.306505327882668
26.30650510121224
26.306504919875977
26.306504774807024
26.306504658751876
26.30650456590778
26.306504491632527
26.30650443221232
26.30650438467616
26.306504346647245
26.30650431622411
26.306504291885613
26.306504272414802
26.306504256838164
26.306504244376846
26.306504234407793
26.30650422643256
26.306504220052368
26.306504214948205
26.306504210864887
26.306504207598227
26.3065042049849
26.30650420289423
26.306504201221706
26.306504199883676
26.30650419881326
26.30650419795693
26.306504197271856
26.3065041967238
26.30650419628536
26.3065041959346
26.306504195654
26.306504195429515
26.306504195249932
26.30650419510626
26.30650419499132
26.30650419489938
26.30650419482582
26.306504194766973
26.30650419471989
26.306504194682233
26.306504194652106
26.306504194627998
26.306504194608717
26.306504194593288
26.306504194580953
26.306504194571076
26.306504194563182
26.306504194556858
26.3065041945518
26.306504194547756
26.30650419454452
26.30650419454193
26.306504194539862
26.306504194538206
26.306504194536885
26.30650419453582
26.306504194534973
26.30650419453429
26.306504194533748
26.306504194533318
26.30650419453297
26.30650419453269
26.30650419453247
26.306504194532287
26.306504194532145
26.30650419453203
26.306504194531946
26.306504194531872
26.30650419453181
26.30650419453177
26.30650419453173
26.306504194531705
26.306504194531673
26.306504194531655
26.306504194531644
26.306504194531634
26.306504194531623
26.306504194531616
26.306504194531602
26.306504194531595
26.30650419453159
26.306504194531584
