222465.8
204190.33
161260.83
117090.41
81154.836
56566.24
40975.63
30685.03
22823.346
17842.998
14046.824
11818.363
10561.44
9470.611
8404.723
7748.2085
6797.9272
6192.2935
5681.437
5049.4375
4698.51
4303.98
3972.8396
3672.599
3252.5144
3081.29
2880.6433
2612.2974
2447.7627
2347.3289
2249.629
2138.26
2009.654
1938.7794
1773.8939
1662.7601
1607.0156
1542.3206
1431.6122
1354.3513
1290.841
1192.2552
1154.2118
1094.189
1048.1022
1010.30884
954.7359
920.2556
877.1081
823.0256
799.8875
774.29156
748.6081
704.45374
695.8969
681.7698
663.9749
657.3664
648.81573
623.65204
610.7169
594.696
583.74805
578.52765
563.92395
558.16974
544.69867
524.4332
514.59875
497.15057
489.92618
478.3539
471.0054
458.75406
449.13287
448.36337
445.17014
436.4205
426.87146
424.53232
417.99167
409.424
395.5287
385.47556
383.14548
381.69788
373.0416
363.1144
351.1217
346.52753
341.65598
341.1518
340.82794
336.1681
334.47836
330.49933
330.47574
322.54678
317.20847
312.61655
310.6481
306.05664
300.5972
296.73932
295.83725
295.71432
293.40918
290.39044
286.67203
284.51395
283.68756
281.79608
280.6507
280.59576
280.1492
280.1492
279.62595
278.50674
277.49344
271.10147
269.74323
266.60825
266.60825
265.0509
264.1091
263.30643
263.30643
263.28696
262.4455
261.88226
260.99158
260.99158
260.7463
258.82596
257.5369
255.8148
253.98665
252.82436
252.32623
252.2232
251.3083
250.17644
249.2442
249.2442
247.41536
244.8013
244.50394
244.29825
244.28511
243.27191
240.90434
240.89499
240.22917
240.1001
238.73126
238.41399
238.41399
236.95279
234.49292
234.13689
233.61165
230.91641
229.70738
228.71005
227.29721
227.29721
227.21896
225.09297
224.93599
224.93132
224.77058
224.1368
222.3485
221.57538
221.07161
220.57765
219.87213
219.79056
219.39662
218.97482
218.97482
218.93509
218.81795
218.66507
218.51108
218.29807
218.29807
218.10518
218.10518
218.0607
216.63472
216.32953
215.46172
214.18993
213.8546
213.54573
213.4483
212.83696
212.35666
211.9638
210.97845
208.46605
208.42911
206.98239
206.98239
206.68575
206.4185
206.24513
206.24513
206.21124
205.8525
205.8525
205.79227
205.3016
205.02959
205.02959
204.62778
200.88107
200.88107
200.12933
200.06448
200.06448
200.06448
200.06448
200.06448
199.68661
199.68661
199.64029
198.14377
196.99782
196.74635
196.5191
196.18327
194.97963
194.33925
194.33925
193.57487
191.22092
190.74333
190.74333
189.3362
189.3362
188.68285
188.68285
187.60542
186.49521
186.49521
185.87012
185.70729
184.58179
184.58179
184.13968
182.758
181.75342
181.11021
181.11021
181.05374
179.40111
178.53947
177.25703
177.21556
177.21556
176.29262
175.44011
175.33327
174.66989
174.5372
173.84645
173.44333
172.68318
172.66005
172.6467
171.84084
171.83675
171.7149
171.71391
171.71356
171.71335
171.30327
171.03862
169.35493
169.23814
167.95651
167.58632
164.7125
164.71089
164.6941
164.41246
164.4117
164.41109
164.25706
164.2567
164.25642
164.23283
164.23283
163.79181
160.85924
160.83162
160.58574
160.5441
160.42203
160.20367
159.80766
159.60124
158.07715
157.76263
157.3442
157.3442
156.55322
155.8528
154.97784
154.90182
154.51212
153.28343
153.2469
152.97212
152.00415
150.39224
149.85764
149.07494
148.67781
148.67621
148.67621
148.29793
147.50203
147.50203
147.33311
147.17789
147.17789
147.1765
147.17087
146.805
146.8022
146.80019
146.79869
145.49501
145.49419
145.49359
145.45801
145.45767
145.45738
145.4572
145.35997
145.03311
145.0309
143.26389
143.26268
143.17603
142.81393
142.81343
142.81302
141.71529
141.71504
141.41183
141.41168
141.41159
141.41151
141.40868
141.33519
141.33363
141.17723
141.1772
141.03085
140.58664
140.13306
140.12971
139.35815
139.30875
139.12102
139.07195
139.07013
139.07013
138.97188
138.94447
138.9428
138.69426
138.69426
138.69426
138.69426
138.6913
138.6913
138.17941
138.10667
138.10667
137.98965
137.85522
137.25308
137.21616
137.21599
136.68309
136.03326
135.95686
135.95671
135.9566
135.94658
134.57664
134.5766
134.54268
134.54265
134.54263
133.96536
133.5407
133.54068
133.53117
133.53117
133.53116
133.53116
133.53116
133.53116
133.12614
133.12614
133.12614
132.6033
131.65814
131.25662
131.2566
131.25609
131.08841
131.08841
131.08841
131.08841
130.41481
128.73964
128.4049
127.85432
127.7404
127.49594
127.34143
127.30539
127.280914
127.26394
127.25195
127.24337
127.07663
126.590935
126.58662
126.497505
125.799904
125.71075
125.3792
125.28537
124.99337
124.99337
124.902565
124.830414
124.798256
124.65552
124.65271
124.65271
124.24929
124.08149
124.08149
123.95862
123.95862
123.94584
122.17654
121.95408
121.95408
121.86674
121.35973
120.38221
120.38221
120.38221
120.38221
120.21509
120.21509
120.21509
119.7699
119.44274
119.34322
119.00161
118.95926
118.364006
118.336716
118.31888
117.884735
117.3099
117.304245
116.44036
116.38039
116.04577
115.78837
115.76818
115.76568
115.7252
115.72454
115.72424
115.6149
115.614876
115.614876
115.614494
115.314995
115.31477
115.31459
115.314064
115.14261
115.13787
115.08708
114.58909
114.56208
114.56208
114.55286
114.55225
114.309204
113.990685
113.80812
113.80812
113.80812
113.58011
113.58011
113.33868
113.24497
113.1675
112.79835
112.763725
112.73238
112.73238
112.73238
112.73238
112.248215
112.23265
112.23265
111.839134
111.82133
111.6533
111.57845
111.12898
111.09827
110.80134
110.38273
110.30416
110.29764
110.016594
110.01329
110.01089
110.00913
109.373215
109.25769
109.25697
109.25644
109.256035
109.25573
109.2555
108.689964
107.83321
107.671135
107.632835
106.92521
106.68588
106.396385
106.28625
106.285355
105.74729
105.27845
104.98972
104.86259
104.03237
103.97465
103.927414
103.834236
103.78732
103.765656
103.75074
103.19979
103.07631
103.05022
103.038574
102.45732
102.29224
102.28947
102.078156
101.770775
101.53338
100.59115
100.43549
100.04374
100.03731
100.03293
99.90317
99.82338
99.719215
99.69816
99.28519
98.66331
98.64102
98.6254
98.18342
98.17691
97.523605
97.39853
97.25367
97.172615
97.04771
96.97819
96.50432
96.47365
96.47269
96.44124
96.05498
95.566414
95.4455
95.23237
94.92321
94.70928
94.322784
94.306984
93.98512
93.39458
93.29765
93.199005
93.183174
92.70257
92.50533
92.14981
92.064285
92.05793
91.86646
91.847855
91.75646
91.74745
91.51131
90.68002
90.59082
90.44271
90.42873
90.220825
89.97536
89.9499
89.94402
89.903145
89.88558
89.80161
89.756485
89.371994
89.0759
88.644356
88.617386
88.61145
88.607216
88.53586
88.48976
88.361374
88.33043
88.207436
88.20719
87.85941
87.72585
87.72585
87.20707
86.959885
86.959885
86.41421
85.81498
85.15492
85.154884
85.04924
84.4549
84.3815
84.29309
84.15432
83.98369
83.91369
83.76309
83.68718
83.61276
83.24369
83.191315
83.18879
83.00526
83.005104
83.005104
82.99955
82.90946
82.905525
82.87343
82.849144
82.76603
82.73801
82.726425
82.67466
82.62145
82.43476
81.97287
81.67744
81.661255
81.52763
81.52327
81.37866
81.31052
81.276344
81.27604
81.27604
81.27604
81.27065
80.545364
80.33134
80.16902
80.13649
79.92106
79.85318
79.84204
79.66275
79.4666
79.09584
79.02367
78.889824
78.80643
78.687065
78.68602
78.68534
78.6849
78.25825
77.6719
77.5535
77.36292
77.30657
77.13293
76.92425
76.92056
76.59051
76.48234
76.48174
76.204735
76.104965
76.01655
75.888725
75.8739
75.8412
75.73652
75.714645
75.63079
75.33528
75.33423
75.24148
74.94346
74.94205
74.94148
74.8673
74.84083
74.83945
74.83847
74.803055
74.70495
74.70031
74.64341
74.555855
74.54703
74.372116
74.335815
73.69469
73.63653
73.48542
73.48487
73.429436
72.3752
71.98336
71.83913
71.81704
71.541084
71.478294
71.44527
71.19376
71.16856
71.10606
71.105156
71.08013
71.07964
70.90805
70.65902
70.57888
70.37748
70.12745
70.069954
70.06327
70.0392
70.002075
69.98152
69.906044
69.81871
69.79218
69.78781
69.57565
69.57328
69.499405
69.4983
69.49502
69.270706
69.07112
68.82917
68.82017
68.73638
68.660126
68.59598
68.45052
68.3778
67.99748
67.92402
67.511505
67.50107
67.37151
67.37013
67.36132
67.07745
67.00679
66.7187
66.43295
66.37283
66.36723
66.29622
66.22096
66.18094
66.0449
65.85997
65.84905
65.83042
65.81277
65.781624
65.55914
65.557724
65.532
65.49555
65.45992
65.37453
65.35539
65.22733
64.9067
64.80569
64.77487
64.774124
64.70655
64.47747
64.45811
64.293976
64.20509
64.1935
64.19133
64.172295
64.13406
64.11678
64.00284
63.996387
63.87315
63.75985
63.75972
63.759624
63.669334
63.614338
63.61398
63.55683
62.88808
62.78694
62.77388
62.727913
62.44724
62.331985
62.312855
62.297165
62.276966
62.09295
62.037247
62.029648
61.878777
61.87589
61.861225
61.85215
61.837574
61.821877
61.6577
61.63176
61.601185
61.59957
61.481003
61.237034
61.235542
61.199963
60.86654
60.683723
60.607643
60.47653
60.388996
60.38518
60.34747
60.333706
60.32521
60.324535
60.223892
59.977547
59.88833
59.833427
59.685364
59.669353
59.66306
59.610634
59.524914
59.074825
59.04119
59.017296
58.81585
58.775127
58.753918
58.74401
58.668705
58.618248
58.395805
58.393616
58.248142
58.16747
58.16229
58.086697
57.90787
57.70318
57.646473
57.58428
57.402332
57.27861
57.27861
57.27861
57.27331
57.17251
57.172337
57.146263
57.140762
57.014084
57.011963
56.937332
56.831608
56.81802
56.791817
56.75704
56.65365
56.492237
56.466423
56.406704
56.372353
56.34815
56.318604
55.77092
55.581776
55.58137
55.575813
55.560913
55.56008
55.491146
55.34967
55.264755
55.190838
55.164295
55.164
55.13179
55.12244
55.077736
54.96064
54.95195
54.853252
54.79277
54.705368
54.653137
54.634804
54.63026
54.627113
54.51348
54.499386
54.49596
54.489994
54.4739
54.305943
54.12793
54.083664
53.930862
53.822834
53.802574
53.741207
53.55234
53.52509
53.022728
52.972187
52.9234
52.922718
52.871067
52.856464
52.847893
52.843082
52.811028
52.63102
52.27141
52.270267
52.248047
52.22866
52.216793
52.205467
52.130882
51.995655
51.980553
51.979893
51.91416
51.86308
51.857033
51.768726
51.64121
51.579205
51.479427
51.408108
51.40288
51.28462
51.077553
51.05621
51.028522
50.960888
50.876347
50.795544
50.72975
50.678066
50.595352
50.558853
50.51898
50.37162
50.333843
50.295403
49.998753
49.994423
49.957493
49.804585
49.79033
49.779343
49.769985
49.758083
49.671154
49.546677
49.511456
49.44075
49.28625
49.18816
49.154297
49.08667
49.080082
49.062626
48.894226
48.865902
48.820694
48.728657
48.7054
48.60419
48.572517
48.559715
48.52003
48.49062
48.436546
48.41695
48.410007
48.332474
48.26689
48.217445
48.18091
48.177605
48.13652
48.09188
48.029766
48.000977
47.992153
47.991257
47.968704
47.851326
47.83294
47.808697
47.798397
47.73862
47.71697
47.661953
47.638
47.62937
47.586872
47.584064
47.562084
47.452194
47.42759
47.412827
47.396034
47.321716
47.274456
47.263607
47.126728
46.954334
46.867832
46.83405
46.774765
46.716362
46.700092
46.592487
46.571663
46.461895
46.35978
46.312744
46.23539
46.223103
46.19175
46.12816
46.10328
46.00875
45.983936
45.964367
45.92301
45.857983
45.79265
45.73467
45.631184
45.60121
45.439266
45.416737
45.359257
45.252384
45.17919
44.911987
44.67796
44.651608
44.560135
44.531166
44.44806
44.412296
44.356697
44.27614
44.214314
44.175674
43.97679
43.933968
43.835033
43.815884
43.81067
43.806007
43.61396
43.4857
43.48444
43.353367
43.248306
43.18578
43.13038
43.11501
43.070988
43.05588
42.93702
42.916134
42.887
42.84245
42.842293
42.838737
42.825207
42.659855
42.649654
42.642868
42.64285
42.60923
42.52347
42.408688
42.385704
42.375565
42.32634
42.291245
42.17519
42.154846
42.13598
42.09946
42.03455
41.95605
41.930073
41.840134
41.834732
41.829937
41.794724
41.78944
41.75923
41.723938
41.71017
41.622272
41.61823
41.546864
41.35325
41.345448
41.25925
41.157593
41.075863
40.99519
40.982834
40.97475
40.961727
40.93431
40.868732
40.843246
40.825806
40.813126
40.66085
40.64723
40.615982
40.54939
40.491688
40.237545
40.22352
40.078857
40.07075
40.049427
40.025127
39.957436
39.869038
39.836327
39.811893
39.707718
39.700344
39.678345
39.62323
39.436905
39.41217
39.367176
39.294968
39.23375
39.232723
39.204884
39.17505
39.153347
39.02125
38.958336
38.916027
38.88099
38.85861
38.75609
38.709465
38.70031
38.60328
38.529182
38.528053
38.49288
38.47597
38.437885
38.393135
38.36301
38.32532
38.223476
38.025303
37.924046
37.87384
37.841946
37.837334
37.621666
37.617573
37.617336
37.559013
37.54994
37.54203
37.52716
37.50767
37.493446
37.41572
37.344017
37.33598
37.258972
37.250427
37.200928
37.181236
37.16799
37.069614
37.06008
37.05696
37.05477
37.013035
36.968513
36.905468
36.890724
36.799824
36.772785
36.746525
36.72494
36.72167
36.698647
36.67193
36.66531
36.60504
36.557777
36.55631
36.544147
36.461514
36.40303
36.389183
36.35467
36.338028
36.329998
36.301373
36.285717
36.280308
36.25802
36.224842
36.191517
36.14984
36.14074
36.13752
36.13146
36.118748
36.11065
36.09169
36.056717
35.97799
35.961975
35.903217
35.87395
35.820877
35.781834
35.729084
35.703346
35.63409
35.620182
35.61422
35.5864
35.56468
35.526657
35.503124
35.46538
35.42278
35.40989
35.409554
35.388145
35.363686
35.31387
35.250412
35.237938
35.2335
35.168858
35.156265
35.09945
35.08634
34.978832
34.812702
34.753513
34.747105
34.744892
34.70408
34.697777
34.64955
34.614216
34.610493
34.584045
34.580864
34.55851
34.52142
34.504494
34.497936
34.453587
34.367714
34.33002
34.27134
34.26054
34.256058
34.24746
34.21551
34.194176
34.177895
34.144333
34.12533
34.106194
34.055588
34.048122
34.028927
34.001125
33.978455
33.92519
33.92128
33.836754
33.83597
33.815174
33.784767
33.768894
33.76446
33.73043
33.704662
33.69969
33.69385
33.63398
33.620388
33.599155
33.59187
33.564346
33.54735
33.53187
33.51513
33.471027
33.459282
33.437023
33.42156
33.39829
33.38116
33.379856
33.37241
33.33495
33.309536
33.29485
33.290646
33.216343
33.208797
33.12182
33.03553
33.03234
33.02676
33.02338
33.002235
32.998028
32.99205
32.987156
32.964195
32.960285
32.934395
32.926914
32.921833
32.9088
32.870182
32.863686
32.81912
32.79931
32.778446
32.777847
32.728374
32.707737
32.70492
32.670918
32.662235
32.62658
32.62156
32.604416
32.6008
32.591652
32.5827
32.532413
32.503693
32.486263
32.48009
32.480057
32.476315
32.470497
32.44326
32.40205
32.39338
32.334145
32.334003
32.305065
32.28394
32.250355
32.223568
32.198215
32.18901
32.155453
32.140285
32.132652
32.113438
32.07632
32.06454
32.061848
32.056225
32.046688
32.02104
32.00729
31.99976
31.987995
31.955587
31.919304
31.91425
31.90917
31.799688
31.795929
31.778503
31.765383
31.764265
31.762268
31.73694
31.7213
31.703379
31.668514
31.667816
31.658386
31.641077
31.611876
31.610731
31.61002
31.60232
31.598682
31.590597
31.586735
31.585962
31.584253
31.578352
31.484098
31.364937
31.351067
31.344032
31.314507
31.274199
31.270638
31.264194
31.263674
31.26288
31.242668
31.16511
31.158903
31.06391
31.042854
31.039583
31.035677
31.026207
31.014242
30.998768
30.997633
30.974785
30.963392
30.931776
30.916021
30.914787
30.902103
30.89597
30.892748
30.892284
30.880865
30.873014
30.869913
30.86112
30.853447
30.852612
30.845142
30.824137
30.80153
30.801456
30.789358
30.766941
30.717342
30.661385
30.610859
30.539598
30.516539
30.482544
30.457218
30.417004
30.38625
30.35507
30.345907
30.341572
30.337534
30.318024
30.306759
30.303602
30.293556
30.287819
30.281818
30.22651
30.225023
30.216768
30.20615
30.187197
30.182676
30.175966
30.16377
30.158253
30.144342
30.128046
30.0749
30.069538
30.068624
30.044298
30.041567
30.039478
30.036047
30.035027
30.01242
30.010868
30.010038
30.003674
29.998896
29.99014
29.989689
29.97307
29.9501
29.927248
29.924303
29.9163
29.898945
29.858944
29.850025
29.841866
29.836025
29.833696
29.832476
29.829947
29.82334
29.81437
29.812138
29.805212
29.800953
29.795292
29.79076
29.7783
29.770733
29.768393
29.766758
29.765997
29.760805
29.757576
29.754107
29.743969
29.741804
29.73
29.725744
29.720642
29.696678
29.691063
29.672564
29.668617
29.667854
29.667084
29.665737
29.648535
29.63338
29.625616
29.61316
29.612429
29.612156
29.611586
29.586065
29.575558
29.574486
29.566113
29.5622
29.557745
29.54553
29.542408
29.53946
29.535618
29.525198
29.514702
29.51139
29.49381
29.492855
29.473759
29.468885
29.467352
29.462898
29.458715
29.458317
29.452635
29.446655
29.44556
29.444118
29.421885
29.41958
29.413813
29.409388
29.40816
29.404642
29.399454
29.397787
29.383022
29.378319
29.37209
29.370758
29.363222
29.361147
29.355783
29.347408
29.345142
29.340258
29.33686
29.332018
29.328312
29.326336
29.321585
29.310835
29.308908
29.3037
29.302618
29.29915
29.293753
29.28536
29.282768
29.282618
29.282112
29.280573
29.280083
29.269102
29.261164
29.257776
29.230677
29.23044
29.230343
29.217934
29.213768
29.205885
29.200489
29.172733
29.166838
29.160849
29.157927
29.156975
29.149015
29.143385
29.11831
29.114637
29.105228
29.09812
29.095123
29.088442
29.084057
29.080318
29.077396
29.050177
29.04895
29.047625
29.046396
29.040255
29.03906
29.032116
29.031857
29.019777
29.01714
29.015995
29.01538
29.013803
29.009926
29.004251
29.002815
28.997906
28.99436
28.992163
28.973808
28.971476
28.947016
28.943993
28.942595
28.94253
28.94187
28.940975
28.935427
28.928034
28.922508
28.920206
28.916456
28.913544
28.90963
28.908596
28.908321
28.892473
28.884329
28.883171
28.870907
28.862165
28.861158
28.840279
28.804142
28.802849
28.799212
28.792063
28.790894
28.789692
28.719513
28.718428
28.717157
28.714558
28.711393
28.71075
28.710123
28.70918
28.708027
28.70182
28.701088
28.695164
28.690674
28.690493
28.688274
28.667116
28.651062
28.649355
28.644772
28.64045
28.63749
28.634613
28.63319
28.631353
28.630432
28.627583
28.62747
28.627428
28.627337
28.621605
28.615412
28.615023
28.614576
28.607523
28.597692
28.596027
28.59518
28.593624
28.592838
28.586327
28.584963
28.584501
28.574959
28.573114
28.568903
28.56875
28.567204
28.557203
28.555227
28.554358
28.553474
28.547678
28.546932
28.545406
28.543037
28.540068
28.539736
28.539375
28.538652
28.537292
28.535088
28.533968
28.532879
28.531551
28.53112
28.52892
28.528486
28.524195
28.523464
28.520695
28.515339
28.514198
28.511007
28.508738
28.506865
28.502249
28.499872
28.49795
28.496183
28.492579
28.491453
28.490927
28.490278
28.490269
28.48775
28.486217
28.485975
28.482534
28.479439
28.477932
28.475481
28.474115
28.465176
28.461754
28.460096
28.459558
28.459265
28.458967
28.458519
28.452341
28.451635
28.448122
28.444876
28.439802
28.439415
28.438665
28.437677
28.430408
28.427324
28.427015
28.424702
28.424452
28.424175
28.424109
28.423864
28.422617
28.422314
28.422167
28.409111
28.40443
28.403368
28.40116
28.398724
28.392036
28.390999
28.38721
28.3868
28.385868
28.384417
28.382198
28.379858
28.37958
28.362606
28.358866
28.357662
28.357273
28.353159
28.353067
28.352695
28.351805
28.350382
28.349665
28.348757
28.347645
28.347023
28.345013
28.343098
28.342957
28.340826
28.338474
28.337015
28.33599
28.33396
28.32194
28.321186
28.32064
28.31201
28.311953
28.310627
28.30548
28.30415
28.298931
28.298658
28.298199
28.296894
28.296513
28.295069
28.29408
28.293703
28.291744
28.289845
28.284782
28.284447
28.277525
28.275576
28.274477
28.273983
28.273355
28.269726
28.268238
28.267344
28.2661
28.263868
28.26219
28.261059
28.25883
28.244112
28.242622
28.24034
28.239532
28.238932
28.238184
28.236624
28.2365
28.236303
28.235188
28.23352
28.231615
28.23092
28.230007
28.228365
28.22525
28.20591
28.203617
28.200836
28.198984
28.197412
28.185247
28.184679
28.181664
28.180027
28.179543
28.17783
28.174477
28.173424
28.169579
28.16933
28.168154
28.160885
28.152618
28.151003
28.14713
28.143011
28.140821
28.140223
28.139736
28.13934
28.13719
28.136509
28.13592
28.135489
28.134949
28.13458
28.124454
28.123158
28.122425
28.11474
28.11261
28.100006
28.097912
28.09772
28.097025
28.09696
28.096428
28.09627
28.095312
28.0938
28.089336
28.083239
28.08293
28.082552
28.081032
28.078815
28.075867
28.075138
28.075123
28.075054
28.072882
28.069145
28.068533
28.065538
28.06458
28.060835
28.059362
28.058561
28.052368
28.050173
28.042109
28.04196
28.036795
28.036448
28.036098
28.034748
28.033817
28.033064
28.032568
28.030647
28.023315
28.021763
28.018772
28.01456
28.012978
28.011713
28.011635
28.01054
28.010288
28.010012
28.009878
28.007627
28.007362
28.006628
28.005913
28.001945
28.000105
27.99631
27.995462
27.994816
27.994556
27.994312
27.98955
27.986311
27.985455
27.985426
27.985313
27.984478
27.981361
27.979837
27.9786
27.96327
27.962154
27.960665
27.955679
27.954351
27.950792
27.948832
27.947517
27.947327
27.945639
27.945007
27.944466
27.944056
27.942942
27.9424
27.942108
27.935537
27.934793
27.931408
27.93018
27.928492
27.928148
27.927328
27.927187
27.92704
27.926525
27.926105
27.925732
27.923336
27.922932
27.918993
27.918165
27.915764
27.909344
27.90791
27.907263
27.89945
27.896723
27.896233
27.894827
27.89349
27.891638
27.890816
27.888603
27.887978
27.886047
27.884848
27.884687
27.884361
27.884098
27.883104
27.882551
27.880365
27.878794
27.878382
27.876257
27.875221
27.874147
27.87154
27.866398
27.862524
27.861355
27.859966
27.858591
27.857971
27.857187
27.852407
27.851318
27.849796
27.848688
27.845629
27.845106
27.842844
27.841167
27.839067
27.83798
27.837614
27.836796
27.834995
27.833948
27.832123
27.831587
27.830578
27.83002
27.82523
27.824999
27.823755
27.819824
27.819157
27.818493
27.818209
27.817327
27.816294
27.803467
27.800138
27.798943
27.798481
27.798357
27.795742
27.79544
27.777517
27.777233
27.776844
27.776539
27.771765
27.760561
27.749016
27.746487
27.744404
27.740068
27.739088
27.73407
27.728054
27.726807
27.726343
27.713194
27.71107
27.710152
27.698399
27.69464
27.688723
27.686693
27.6864
27.685757
27.685617
27.68528
27.682037
27.681215
27.681004
27.68046
27.67801
27.677792
27.674849
27.669378
27.667143
27.664122
27.663347
27.66312
27.660658
27.644566
27.643826
27.643812
27.643084
27.642397
27.63708
27.63697
27.636719
27.62862
27.627575
27.626928
27.626286
27.599903
27.599535
27.591331
27.591276
27.590961
27.590628
27.586864
27.579996
27.572672
27.57141
27.571272
27.564693
27.50428
27.504211
27.503035
27.502584
27.487875
27.487492
27.48721
27.486845
27.486706
27.485579
27.477089
27.473595
27.472076
27.470743
27.470247
27.46929
27.467823
27.46769
27.466902
27.466623
27.465008
27.463116
27.461164
27.460066
27.459015
27.457764
27.457327
27.456675
27.4553
27.45338
27.452412
27.45179
27.451761
27.4509
27.449047
27.448992
27.448132
27.444557
27.443571
27.435162
27.433813
27.43343
27.433393
27.432955
27.431694
27.43004
27.428558
27.427498
27.426119
27.425365
27.422993
27.4216
27.420967
27.420546
27.419853
27.41933
27.418615
27.417782
27.416807
27.415691
27.415379
27.415236
27.4152
27.414837
27.407587
27.40561
27.405346
27.399263
27.399206
27.398726
27.397774
27.395792
27.394258
27.39383
27.392508
27.39195
27.389446
27.387537
27.38684
27.385847
27.383486
27.37934
27.377659
27.376377
27.375893
27.375029
27.374926
27.374844
27.374487
27.374434
27.374308
27.374023
27.373205
27.372995
27.372417
27.369131
27.368933
27.368229
27.36673
27.366514
27.365923
27.365295
27.364382
27.36321
27.362324
27.360443
27.359941
27.359617
27.358599
27.35632
27.355478
27.353758
27.352398
27.351606
27.350182
27.348732
27.34736
27.34647
27.343956
27.342375
27.341742
27.34086
27.340769
27.340025
27.337194
27.336662
27.335325
27.334118
27.332859
27.331118
27.329407
27.329325
27.329103
27.327356
27.327312
27.3268
27.325233
27.325087
27.324755
27.324224
27.323538
27.323446
27.323238
27.322382
27.321712
27.32151
27.321337
27.320915
27.319878
27.318817
27.318209
27.317797
27.317186
27.316917
27.316874
27.316263
27.313564
27.312853
27.311384
27.309872
27.309692
27.30944
27.309208
27.306261
27.303473
27.299925
27.292992
27.29287
27.29239
27.28968
27.287104
27.28639
27.285631
27.2829
27.280993
27.280035
27.279577
27.279095
27.279001
27.278286
27.277796
27.277489
27.274145
27.273602
27.273582
27.269634
27.269318
27.26897
27.268799
27.268064
27.268015
27.266485
27.265919
27.265675
27.265207
27.264946
27.264769
27.26347
27.2578
27.255087
27.253263
27.252441
27.248346
27.247318
27.24533
27.244043
27.243277
27.24153
27.240965
27.239176
27.23742
27.23576
27.234713
27.232723
27.230099
27.230042
27.229258
27.223219
27.219133
27.216799
27.215183
27.214178
27.213268
27.212774
27.211092
27.21104
27.210886
27.210052
27.209238
27.20859
27.20642
27.202734
27.201992
27.201508
27.201353
27.200825
27.20077
27.20064
27.198187
27.197466
27.196817
27.196632
27.194542
27.192558
27.190687
27.190289
27.189154
27.18896
27.187323
27.186646
27.186491
27.185797
27.1835
27.18304
27.182749
27.181784
27.18128
27.181147
27.177372
27.17576
27.174707
27.173897
27.17138
27.171349
27.17132
27.170622
27.170465
27.170132
27.16975
27.168896
27.168125
27.167248
27.165295
27.165117
27.164698
27.164434
27.164055
27.163477
27.162632
27.162432
27.16228
27.161898
27.16184
27.161594
27.161476
27.16131
27.160957
27.16064
27.16025
27.160038
27.159725
27.159338
27.158838
27.157751
27.155579
27.155182
27.153975
27.153284
27.152685
27.15258
27.15194
27.151114
27.150665
27.150244
27.149952
27.149176
27.14828
27.148048
27.147583
27.146887
27.145916
27.143616
27.143475
27.143122
27.141958
27.140266
27.140089
27.13932
27.139305
27.138334
27.138313
27.137674
27.137547
27.13734
27.137243
27.136663
27.135662
27.135288
27.134895
27.134676
27.134443
27.134405
27.134241
27.133974
27.133375
27.132608
27.13108
27.13043
27.130201
27.130129
27.130045
27.129972
27.129786
27.1293
27.129118
27.128881
27.12814
27.126703
27.126213
27.12609
27.125942
27.12283
27.12123
27.1206
27.120228
27.119228
27.118538
27.11815
27.117668
27.116934
27.116371
27.11084
27.110643
27.108406
27.10837
27.108175
27.107588
27.107422
27.107357
27.105562
27.104918
27.103823
27.101713
27.101246
27.101002
27.100744
27.100079
27.099783
27.097845
27.084005
27.0827
27.082182
27.078678
27.078617
27.07497
27.074865
27.07481
27.073578
27.07212
27.063314
27.063238
27.062433
27.060892
27.056767
27.05489
27.054623
27.05213
27.050678
27.04961
27.045502
27.045351
27.043728
27.04303
27.042463
27.038273
27.037663
27.037312
27.03434
27.029375
27.028046
27.027946
27.027945
27.02783
27.027601
27.027332
27.026457
27.025047
27.024626
27.02404
27.022825
27.022753
27.02066
27.020197
27.01977
27.01648
27.016449
27.016153
27.015194
27.012903
27.011976
27.01186
27.009825
27.002697
27.002596
27.002485
27.002186
27.00199
27.001524
27.00135
27.001204
26.999594
26.994534
26.99333
26.993156
26.992664
26.992664
26.991905
26.99093
26.989817
26.988703
26.987783
26.986643
26.986643
26.985865
26.985228
26.984964
26.984898
26.984724
26.984377
26.983912
26.983782
26.983622
26.983316
26.983265
26.982973
26.982552
26.982332
26.977942
26.977793
26.976084
26.975716
26.974764
26.974373
26.974125
26.973515
26.970114
26.969282
26.968262
26.965092
26.96326
26.962255
26.961742
26.961311
26.960976
26.960253
26.960016
26.959358
26.958775
26.958223
26.957651
26.957409
26.957005
26.956585
26.954681
26.953894
26.953371
26.952589
26.951878
26.951754
26.949585
26.949413
26.949053
26.948719
26.948267
26.947453
26.944536
26.94228
26.941397
26.940958
26.940645
26.938267
26.938213
26.938036
26.937939
26.937704
26.937609
26.937551
26.936474
26.936197
26.936016
26.935757
26.935585
26.934317
26.93414
26.933537
26.933361
26.932953
26.93279
26.932547
26.92978
26.929579
26.928432
26.926598
26.926441
26.925358
26.925161
26.924694
26.922752
26.921915
26.921051
26.920597
26.919317
26.91834
26.918264
26.916622
26.915192
26.9144
26.913383
26.912611
26.911682
26.910322
26.909264
26.908627
26.907936
26.907782
26.906372
26.90615
26.905985
26.905499
26.90529
26.899992
26.899828
26.899635
26.8995
26.899357
26.899113
26.896555
26.888634
26.888384
26.888147
26.886152
26.871443
26.86925
26.867826
26.866829
26.866034
26.865984
26.86032
26.857021
26.85637
26.856043
26.85551
26.845335
26.839197
26.831789
26.82241
26.821865
26.82091
26.81965
26.819065
26.818556
26.818172
26.81794
26.809895
26.80948
26.809137
26.808508
26.808496
26.808247
26.808197
26.807749
26.806719
26.806664
26.804857
26.803644
26.802439
26.802137
26.801931
26.80126
26.799274
26.79876
26.797602
26.79707
26.796724
26.79669
26.796576
26.796194
26.79581
26.795513
26.794952
26.793743
26.792124
26.791185
26.791115
26.79013
26.786543
26.785116
26.78304
26.782818
26.781923
26.781578
26.780813
26.780293
26.779049
26.777803
26.77428
26.77383
26.770079
26.765438
26.764887
26.764122
26.763855
26.763256
26.762257
26.761965
26.761316
26.758696
26.757498
26.755678
26.754892
26.75431
26.753742
26.75218
26.751953
26.750648
26.750036
26.746828
26.745478
26.744255
26.743486
26.740858
26.740667
26.740503
26.740156
26.740038
26.73949
26.739035
26.73858
26.737986
26.737328
26.736835
26.735508
26.735216
26.733953
26.73361
26.733341
26.733097
26.732876
26.73279
26.73214
26.73176
26.731617
26.731058
26.730572
26.730463
26.729664
26.72903
26.72845
26.727875
26.727348
26.72683
26.72655
26.726383
26.725628
26.725107
26.724405
26.724081
26.723948
26.72367
26.722622
26.722227
26.721964
26.721565
26.721258
26.721117
26.721037
26.720903
26.72076
26.72043
26.720236
26.718279
26.717169
26.716555
26.715399
26.71498
26.714544
26.71406
26.713612
26.713448
26.712576
26.711609
26.710756
26.709835
26.709143
26.70888
26.707453
26.70654
26.705324
26.704285
26.703941
26.703264
26.702188
26.701366
26.69995
26.698673
26.698292
26.69807
26.697483
26.696882
26.696714
26.69582
26.695274
26.69507
26.694967
26.694187
26.693748
26.693287
26.692291
26.692009
26.691587
26.691355
26.690378
26.690166
26.689028
26.688698
26.688547
26.684978
26.68479
26.68443
26.683495
26.683214
26.683004
26.682356
26.682112
26.681467
26.680567
26.679716
26.678425
26.677814
26.677206
26.677036
26.67679
26.676094
26.675982
26.67554
26.675148
26.674908
26.674345
26.673265
26.672716
26.672297
26.672009
26.670223
26.668781
26.668407
26.668367
26.668114
26.667315
26.66695
26.666803
26.66548
26.665125
26.664442
26.663843
26.663355
26.662987
26.662281
26.661474
26.660978
26.66077
26.660368
26.65826
26.658138
26.657932
26.657587
26.654161
26.649477
26.649189
26.648567
26.648487
26.647732
26.64545
26.644413
26.644255
26.643984
26.642458
26.640085
26.639229
26.63788
26.63766
26.636766
26.636236
26.634914
26.634865
26.63422
26.633593
26.632992
26.632671
26.632246
26.631247
26.630606
26.630396
26.629934
26.629644
26.629526
26.629488
26.629045
26.628613
26.628336
26.627913
26.626802
26.62603
26.625368
26.625206
26.62499
26.624186
26.624043
26.62378
26.623596
26.623556
26.623219
26.623114
26.622541
26.62238
26.622221
26.621931
26.621859
26.621832
26.621777
26.620863
26.620514
26.620455
26.620283
26.620146
26.620083
26.619925
26.619862
26.619852
26.619694
26.618965
26.618114
26.618029
26.617115
26.61698
26.61673
26.616253
26.615578
26.615187
26.615177
26.614796
26.614594
26.614458
26.614265
26.614021
26.613811
26.613415
26.613293
26.61281
26.612394
26.611977
26.611406
26.611143
26.61086
26.6108
26.610456
26.610321
26.610159
26.609844
26.609419
26.609385
26.609304
26.608896
26.60818
26.608118
26.608093
26.607988
26.607754
26.607426
26.607302
26.607044
26.606285
26.60592
26.605654
26.604105
26.603266
26.603214
26.603096
26.602747
26.602617
26.60227
26.601963
26.6014
26.600258
26.599878
26.599817
26.598124
26.597567
26.597124
26.597012
26.596888
26.596474
26.596468
26.596384
26.596218
26.59561
26.595528
26.595469
26.594595
26.594133
26.59357
26.5926
26.591982
26.591621
26.591341
26.590939
26.590189
26.589598
26.58923
26.589067
26.588863
26.58791
26.587616
26.585823
26.585165
26.584768
26.584278
26.584211
26.584156
26.583158
26.581953
26.581936
26.58192
26.581884
26.581749
26.581593
26.580784
26.579987
26.579319
26.578787
26.57821
26.577675
26.577356
26.576643
26.576456
26.576378
26.575783
26.57527
26.574764
26.574247
26.573938
26.573826
26.573484
26.57241
26.571278
26.570885
26.570803
26.570625
26.570438
26.569994
26.56729
26.56658
26.56589
26.565588
26.565372
26.565083
26.564592
26.56435
26.56417
26.563929
26.563663
26.562172
26.561235
26.558702
26.558636
26.558075
26.558037
26.557995
26.557737
26.55762
26.556553
26.55644
26.556147
26.555567
26.55499
26.554874
26.55477
26.553337
26.552814
26.55171
26.551453
26.55091
26.550592
26.549843
26.549429
26.548952
26.548597
26.548107
26.547787
26.547382
26.54694
26.54678
26.546484
26.546303
26.546247
26.545984
26.545063
26.544859
26.544516
26.544346
26.54425
26.543932
26.54392
26.542768
26.542482
26.542196
26.541811
26.540834
26.54073
26.540247
26.539467
26.538961
26.538414
26.537931
26.537737
26.537073
26.536718
26.536509
26.536114
26.5357
26.53541
26.535265
26.534985
26.534645
26.534267
26.533947
26.53363
26.53306
26.532688
26.532413
26.532133
26.531841
26.531136
26.530802
26.530554
26.53036
26.529715
26.529476
26.52847
26.52763
26.527348
26.52723
26.527126
26.526445
26.525795
26.525288
26.524426
26.524086
26.523975
26.523924
26.523367
26.522936
26.522766
26.522278
26.522135
26.521782
26.521595
26.521427
26.521238
26.520967
26.519836
26.519596
26.51914
26.518805
26.51855
26.518301
26.516844
26.516685
26.516102
26.514387
26.513935
26.510815
26.510527
26.510122
26.50983
26.509111
26.508732
26.507002
26.506372
26.505949
26.50531
26.504333
26.50366
26.503366
26.502495
26.499647
26.49925
26.498695
26.498417
26.498068
26.49718
26.495829
26.495134
26.494991
26.49469
26.494555
26.494513
26.493309
26.492968
26.492771
26.492628
26.491339
26.490757
26.488546
26.488049
26.487581
26.487307
26.486658
26.486324
26.486101
26.485388
26.483908
26.48364
26.483372
26.482605
26.481548
26.480888
26.48069
26.48058
26.479725
26.479546
26.47943
26.47741
26.477282
26.47708
26.476923
26.476427
26.476042
26.47575
26.474976
26.473637
26.4732
26.472559
26.472189
26.470608
26.470415
26.470263
26.47
26.469692
26.469244
26.468937
26.46839
26.46796
26.467703
26.466698
26.46612
26.466005
26.465641
26.465271
26.464935
26.464924
26.464441
26.463766
26.463627
26.462881
26.46275
26.462704
26.461962
26.461954
26.461905
26.461653
26.46103
26.460955
26.460823
26.460644
26.460535
26.460182
26.460161
26.460093
26.45646
26.456179
26.456095
26.45578
26.45507
26.450693
26.450588
26.450422
26.450176
26.449827
26.449697
26.44947
26.448465
26.447859
26.447596
26.447094
26.446655
26.44544
26.445045
26.444714
26.444387
26.444237
26.443905
26.443596
26.442472
26.442434
26.442333
26.442192
26.441061
26.440407
26.439554
26.439024
26.438425
26.437714
26.436947
26.436422
26.435871
26.43521
26.43453
26.432285
26.431112
26.428802
26.42852
26.428383
26.428247
26.428083
26.427921
26.427242
26.426573
26.42638
26.426374
26.426325
26.426222
26.425816
26.42579
26.425516
26.425121
26.424831
26.424513
26.424337
26.424168
26.424074
26.423622
26.423307
26.42292
26.42265
26.422411
26.422237
26.422125
26.421722
26.421667
26.421478
26.421396
26.42114
26.420786
26.42054
26.419981
26.419735
26.419222
26.419123
26.41867
26.418522
26.418335
26.417841
26.417591
26.4175
26.416853
26.416563
26.41552
26.415071
26.414762
26.414694
26.413826
26.413822
26.413744
26.413519
26.413269
26.412664
26.412197
26.411272
26.410845
26.410301
26.410112
26.40998
26.409298
26.408743
26.408564
26.408508
26.408024
26.407299
26.406872
26.404823
26.404762
26.404596
26.40434
26.404175
26.40413
26.404093
26.403559
26.401714
26.401495
26.400764
26.400206
26.40003
26.399567
26.396479
26.396381
26.396107
26.395607
26.395489
26.39499
26.394184
26.393848
26.393782
26.387308
26.378706
26.374245
26.371788
26.370384
26.36904
26.36839
26.367718
26.367157
26.367075
26.366924
26.366396
26.365898
26.36557
26.362143
26.357574
26.355785
26.355114
26.332663
26.332062
26.331339
26.33038
26.327702
26.31806
26.303894
26.289667
26.283901
26.25597
26.22924
26.2177
26.21223
26.206753
26.206139
26.199306
26.199232
26.19526
26.191841
26.18993
26.180138
26.178514
26.178095
26.177794
26.17687
26.1763
26.176191
26.17612
26.175392
26.175045
26.173012
26.172255
26.172003
26.171679
26.170755
26.170261
26.16936
26.166746
26.161036
26.158194
26.157652
26.157051
26.15453
26.150574
26.14884
26.14717
26.146345
26.145514
26.144724
26.144258
26.143475
26.143055
26.142284
26.14145
26.141127
26.134834
26.13091
26.12964
26.124525
26.117249
26.113476
26.11124
26.109762
26.108376
26.107944
26.10763
26.107313
26.104841
26.103718
26.103445
26.103252
26.102842
26.100466
26.097952
26.071825
26.070831
26.070396
26.069086
26.065485
26.062746
26.058401
26.055956
26.050179
26.035086
26.021982
26.016504
26.01396
26.012568
26.011755
26.009268
26.008749
26.008638
26.008413
26.008236
26.008074
26.007719
26.007103
26.006655
26.006235
26.006067
26.005669
26.004646
26.004509
26.004477
26.004284
26.00415
26.003895
26.00373
26.003004
26.002737
26.002544
26.002148
26.001913
26.001448
26.000875
26.000542
26.000204
25.999422
25.996788
25.996094
25.995789
25.995274
25.994776
25.994429
25.994081
25.993647
25.993124
25.992601
25.991755
25.991737
25.990868
25.99034
25.989712
25.98943
25.963955
25.948988
25.94696
25.946516
25.944904
25.942692
25.940395
25.940287
25.939981
25.939762
25.938608
25.938385
25.938152
25.93798
25.936928
25.936308
25.935877
25.935421
25.934916
25.934252
25.933626
25.933115
25.93302
25.932293
25.931913
25.931316
25.93005
25.929564
25.928108
25.92754
25.926825
25.926525
25.926228
25.92541
25.925112
25.924824
25.924599
25.924313
25.923475
25.923218
25.923077
25.92281
25.918842
25.901266
25.899866
25.899488
25.897001
25.896545
25.896156
25.895681
25.894918
25.894527
25.888777
25.880732
25.8778
25.866825
25.866467
25.866295
25.861366
25.85638
25.856068
25.85497
25.853529
25.852272
25.84299
25.813381
25.808132
25.807621
25.807285
25.802807
25.797731
25.796417
25.795767
25.789997
25.789743
25.789394
25.789318
25.789175
25.779001
25.778692
25.775305
25.775084
25.762695
25.762306
25.760668
25.760277
25.758318
25.75803
25.75492
25.754438
25.75419
25.753754
25.750776
25.750484
25.74439
25.744062
25.743845
25.743675
25.74337
25.743155
25.742804
25.742636
25.742414
25.742182
25.741907
25.741417
25.741278
25.74109
25.740578
25.74033
25.740013
25.73929
25.73637
25.734592
25.733696
25.732931
25.73105
25.728846
25.725407
25.721643
25.721548
25.718916
25.717947
25.717474
25.717308
25.716827
25.716314
25.715727
25.715275
25.715132
25.714973
25.714367
25.71381
25.712475
25.711973
25.711224
25.710268
25.709719
25.709455
25.709103
25.708073
25.705969
25.705545
25.704887
25.704786
25.70417
25.703465
25.702099
25.701488
25.701193
25.700708
25.700348
25.698149
25.697754
25.693932
25.690584
25.690426
25.690376
25.69005
25.689882
25.689827
25.689762
25.689745
25.689695
25.689447
25.689085
25.688892
25.688581
25.686857
25.686483
25.686096
25.685482
25.684908
25.684378
25.684038
25.683714
25.681847
25.68067
25.680311
25.680132
25.679508
25.678606
25.678194
25.677797
25.677185
25.675179
25.674147
25.673878
25.673399
25.673042
25.672646
25.672573
25.672392
25.672266
25.671873
25.671406
25.671238
25.670399
25.669945
25.669792
25.66952
25.668293
25.668129
25.668003
25.667812
25.66754
25.667397
25.66677
25.66675
25.666115
25.66584
25.665783
25.665777
25.664938
25.661724
25.661348
25.660975
25.660547
25.65954
25.65876
25.658339
25.656837
25.656015
25.655346
25.655039
25.654608
25.654259
25.65288
25.651897
25.651684
25.651594
25.651068
25.650267
25.650112
25.64996
25.649412
25.649025
25.648386
25.647688
25.64746
25.647417
25.646955
25.646564
25.646318
25.645483
25.645166
25.645079
25.64365
25.643484
25.643364
25.64313
25.642948
25.641733
25.640062
25.639048
25.638536
25.638206
25.637535
25.637098
25.636839
25.63602
25.634653
25.634167
25.633884
25.6327
25.630428
25.629446
25.62758
25.62722
25.626122
25.625847
25.625578
25.62506
25.622475
25.6221
25.621088
25.620462
25.619936
25.61914
25.618746
25.618603
25.618368
25.61816
25.61796
25.617668
25.617188
25.616991
25.616692
25.616402
25.616112
25.613531
25.612518
25.611876
25.610992
25.610992
25.610472
25.610142
25.609755
25.609205
25.608568
25.608276
25.608044
25.607744
25.607454
25.60695
25.60657
25.60577
25.60553
25.604815
25.604353
25.604067
25.603872
25.603699
25.603401
25.603182
25.602962
25.60272
25.602497
25.602238
25.602129
25.601353
25.600895
25.600616
25.600103
25.599981
25.599909
25.599821
25.599413
25.599133
25.598845
25.598614
25.598225
25.597923
25.59767
25.597548
25.597126
25.596565
25.596407
25.59618
25.595781
25.595608
25.59503
25.594679
25.594563
25.59438
25.59415
25.593838
25.593504
25.592617
25.59241
25.591742
25.591461
25.591164
25.590736
25.590656
25.590387
25.590305
25.589956
25.58957
25.589231
25.589106
25.588837
25.588345
25.588255
25.588032
25.587929
25.587717
25.587458
25.5871
25.586765
25.586338
25.585363
25.58429
25.583952
25.583704
25.583376
25.582663
25.582264
25.58189
25.581278
25.580973
25.580767
25.580278
25.579922
25.57953
25.579098
25.578562
25.578035
25.577776
25.577593
25.5773
25.576946
25.575983
25.575426
25.574984
25.574556
25.574476
25.574238
25.573963
25.573793
25.57319
25.573082
25.572948
25.572641
25.572506
25.57224
25.571568
25.57104
25.570923
25.570854
25.570772
25.570438
25.57001
25.569582
25.56939
25.568886
25.568336
25.567759
25.567451
25.567417
25.56731
25.567127
25.566982
25.566477
25.566404
25.566021
25.565844
25.565647
25.565395
25.564945
25.564724
25.564308
25.564024
25.563848
25.56372
25.563068
25.562859
25.562437
25.5622
25.562126
25.561794
25.56129
25.56097
25.560814
25.55187
25.55183
25.551445
25.551174
25.551025
25.550497
25.550076
25.549788
25.549389
25.548666
25.548439
25.548279
25.547865
25.547798
25.547487
25.547127
25.546888
25.54619
25.545727
25.545162
25.544847
25.544416
25.544014
25.54363
25.543413
25.54248
25.542067
25.541508
25.54109
25.54092
25.54044
25.54024
25.539606
25.539135
25.538319
25.53803
25.537395
25.536852
25.53661
25.536266
25.536045
25.535494
25.535135
25.534883
25.534351
25.53391
25.53383
25.533504
25.532955
25.531727
25.531149
25.530191
25.529858
25.529638
25.52953
25.5293
25.528805
25.52832
25.52723
25.52697
25.526518
25.526285
25.52596
25.525818
25.525608
25.52535
25.524916
25.524736
25.5244
25.524288
25.524103
25.524052
25.523851
25.523756
25.523672
25.523426
25.523277
25.522856
25.522676
25.522438
25.522245
25.522064
25.52188
25.521795
25.52172
25.521544
25.521334
25.521029
25.520672
25.520367
25.520077
25.51989
25.519472
25.519358
25.51919
25.518625
25.518377
25.518253
25.518003
25.517889
25.517578
25.517317
25.517113
25.516853
25.516758
25.516256
25.515757
25.515604
25.515463
25.515198
25.514828
25.514645
25.514462
25.514355
25.514048
25.513865
25.513561
25.513357
25.51327
25.513145
25.513035
25.512655
25.512363
25.512209
25.512106
25.51171
25.511253
25.509789
25.509418
25.509066
25.508665
25.508495
25.508198
25.507864
25.507568
25.506498
25.50526
25.505127
25.504913
25.504515
25.504004
25.503426
25.503057
25.502422
25.501688
25.50128
25.50066
25.500156
25.499128
25.497963
25.497509
25.497156
25.496616
25.49631
25.495852
25.495516
25.495008
25.494867
25.494751
25.494616
25.494253
25.493843
25.4928
25.49257
25.492397
25.490368
25.488953
25.48776
25.486269
25.485046
25.484175
25.48278
25.482359
25.482023
25.481798
25.48163
25.479761
25.479145
25.478619
25.477669
25.4769
25.476498
25.475895
25.475588
25.47519
25.474997
25.474932
25.4744
25.473392
25.473217
25.473
25.47234
25.471685
25.471308
25.470669
25.470402
25.469332
25.468496
25.468082
25.467785
25.467525
25.467234
25.467024
25.466581
25.466085
25.466047
25.465887
25.465624
25.465303
25.464113
25.463835
25.463234
25.462923
25.459492
25.459072
25.458838
25.458658
25.458477
25.457815
25.457453
25.45676
25.456331
25.45608
25.455679
25.455454
25.454561
25.453125
25.452421
25.450865
25.45028
25.450148
25.449823
25.449614
25.449503
25.449179
25.448973
25.448679
25.448448
25.44805
25.447947
25.44756
25.447447
25.447166
25.446928
25.44678
25.446606
25.446499
25.446318
25.446041
25.445637
25.445333
25.445244
25.444952
25.444632
25.444523
25.444332
25.443993
25.443567
25.443228
25.442783
25.442057
25.441393
25.440813
25.44048
25.43998
25.439734
25.439455
25.439104
25.438807
25.438293
25.437866
25.437483
25.436958
25.436214
25.435774
25.43528
25.435028
25.434937
25.434694
25.434412
25.434261
25.434216
25.434065
25.433516
25.433321
25.433134
25.433086
25.432865
25.432587
25.43232
25.431692
25.431602
25.431421
25.430931
25.43007
25.429117
25.428667
25.428461
25.428255
25.428022
25.427303
25.42681
25.426455
25.426092
25.425694
25.425426
25.424824
25.424519
25.423742
25.4232
25.422695
25.422346
25.422237
25.422024
25.42193
25.42165
25.421383
25.421083
25.420963
25.420435
25.42035
25.420105
25.419535
25.419432
25.419306
25.418926
25.418722
25.418617
25.41857
25.418476
25.418139
25.41785
25.417763
25.417568
25.41748
25.416906
25.416681
25.416185
25.415827
25.415388
25.415195
25.41493
25.414577
25.414188
25.414074
25.413574
25.413235
25.41296
25.412746
25.412317
25.411835
25.41158
25.41142
25.411034
25.410854
25.410734
25.409983
25.409708
25.409363
25.409277
25.409023
25.408905
25.408499
25.4084
25.40816
25.408012
25.407946
25.407476
25.407084
25.407034
25.406956
25.40667
25.406597
25.40634
25.40605
25.405968
25.405876
25.405615
25.405176
25.40489
25.404762
25.404716
25.404629
25.404491
25.40434
25.404291
25.403952
25.403875
25.403652
25.40347
25.40302
25.402805
25.402744
25.402437
25.40222
25.402016
25.401731
25.401632
25.401253
25.401024
25.400787
25.400122
25.399872
25.39977
25.399506
25.399408
25.399054
25.398973
25.398785
25.398722
25.398687
25.398468
25.39831
25.39804
25.397837
25.397604
25.3971
25.396814
25.396412
25.395924
25.39522
25.395124
25.394823
25.394506
25.39419
25.39397
25.39379
25.393635
25.393167
25.392914
25.392632
25.392149
25.391857
25.391306
25.391186
25.391031
25.390818
25.390522
25.390167
25.390055
25.389849
25.38969
25.389545
25.38904
25.388742
25.388418
25.388145
25.387886
25.387758
25.387594
25.387276
25.387173
25.387075
25.386208
25.386078
25.385933
25.38552
25.385311
25.384804
25.384392
25.38427
25.383818
25.383492
25.383354
25.383207
25.38309
25.382896
25.38262
25.382334
25.38206
25.381796
25.38141
25.381292
25.381037
25.380684
25.380188
25.379934
25.37971
25.379473
25.379278
25.379099
25.3789
25.378658
25.37839
25.378107
25.377916
25.377659
25.37743
25.377193
25.37701
25.376741
25.376478
25.37636
25.376303
25.376131
25.375938
25.375689
25.37553
25.375427
25.375221
25.374939
25.374622
25.374414
25.374212
25.373995
25.373857
25.37371
25.373236
25.372911
25.372643
25.372396
25.37217
25.371862
25.371565
25.371294
25.371061
25.370646
25.370558
25.370426
25.370367
25.370281
25.370207
25.370115
25.369576
25.36929
25.369184
25.369127
25.369036
25.368774
25.368675
25.368538
25.36815
25.367958
25.367615
25.367476
25.367342
25.367268
25.367035
25.366972
25.366812
25.366749
25.366556
25.365948
25.365826
25.36578
25.36572
25.365665
25.365545
25.365269
25.36484
25.364567
25.364508
25.364344
25.363892
25.363699
25.363066
25.362762
25.362555
25.362352
25.362238
25.36222
25.362123
25.362017
25.361803
25.361582
25.361471
25.361311
25.361168
25.360975
25.360806
25.360598
25.360363
25.360075
25.359901
25.3597
25.359497
25.35938
25.359064
25.358467
25.358252
25.358086
25.358015
25.35787
25.357586
25.357256
25.356665
25.35629
25.356194
25.356152
25.356081
25.35601
25.35569
25.355585
25.355227
25.355038
25.35451
25.354328
25.354279
25.354061
25.35361
25.352873
25.352741
25.352436
25.352169
25.351643
25.351257
25.351013
25.350636
25.350456
25.34997
25.349785
25.349394
25.349148
25.348866
25.348532
25.348286
25.347849
25.347576
25.347143
25.34657
25.346355
25.346107
25.34594
25.34557
25.345179
25.34496
25.34447
25.344187
25.343876
25.343475
25.342762
25.3424
25.341967
25.3413
25.340942
25.340757
25.340502
25.340244
25.339914
25.339659
25.339334
25.338749
25.337885
25.337599
25.337257
25.336916
25.33642
25.336264
25.33589
25.335423
25.335117
25.334803
25.33443
25.334301
25.334034
25.333818
25.333508
25.333336
25.33323
25.333105
25.332405
25.331898
25.33173
25.331682
25.331488
25.3313
25.331123
25.330965
25.33063
25.330334
25.330143
25.330025
25.329838
25.329412
25.329096
25.328419
25.32776
25.327497
25.327328
25.327065
25.326658
25.326395
25.326181
25.325718
25.325432
25.32516
25.324791
25.324644
25.3244
25.324274
25.323446
25.323294
25.323217
25.322998
25.32257
25.32204
25.32177
25.321486
25.321259
25.320805
25.320547
25.320446
25.320177
25.31995
25.319786
25.319643
25.3194
25.319157
25.31901
25.318819
25.318693
25.318544
25.318027
25.317566
25.317364
25.317102
25.316856
25.316622
25.31641
25.315989
25.315594
25.31532
25.315186
25.314878
25.31471
25.314455
25.314281
25.313818
25.31349
25.313286
25.312948
25.312609
25.312267
25.311808
25.311396
25.310946
25.310326
25.309593
25.309084
25.308886
25.308798
25.308565
25.308323
25.308163
25.308086
25.307901
25.307856
25.3078
25.30765
25.307455
25.307371
25.307087
25.30689
25.306843
25.306658
25.306355
25.306202
25.306093
25.30589
25.30561
25.30523
25.30486
25.30475
25.304676
25.30457
25.3045
25.30445
25.304317
25.304146
25.303963
25.303703
25.303242
25.303148
25.302984
25.302816
25.302374
25.302265
25.302198
25.302034
25.301914
25.301857
25.301502
25.301151
25.30103
25.301016
25.300776
25.300676
25.30065
25.300436
25.300175
25.300102
25.300085
25.300001
25.299877
25.299608
25.299473
25.299395
25.299107
25.298992
25.298662
25.29864
25.298204
25.298122
25.298042
25.297932
25.297705
25.297691
25.29769
25.297642
25.297512
25.29746
25.297422
25.29735
25.29716
25.29712
25.297052
25.29695
25.296854
25.296543
25.296257
25.295887
25.29564
25.295237
25.295052
25.294956
25.294872
25.294796
25.29465
25.294504
25.294453
25.294308
25.294247
25.294098
25.293982
25.293852
25.293615
25.293488
25.293379
25.29319
25.292765
25.292227
25.292118
25.29198
25.291912
25.291368
25.291166
25.291046
25.290892
25.290617
25.290459
25.290253
25.290081
25.290014
25.289984
25.28987
25.289783
25.28957
25.289446
25.289368
25.28924
25.289095
25.288937
25.288784
25.288523
25.288286
25.288149
25.288038
25.28785
25.287693
25.287474
25.287317
25.287071
25.28686
25.286552
25.286243
25.286108
25.285778
25.285564
25.285261
25.284975
25.284918
25.284815
25.284525
25.284262
25.283998
25.283623
25.283495
25.283386
25.282959
25.282919
25.282751
25.28227
25.28219
25.282095
25.281912
25.281681
25.281408
25.281166
25.281057
25.280792
25.280733
25.280622
25.280535
25.280287
25.280153
25.280083
25.280048
25.279993
25.279821
25.279692
25.279417
25.278955
25.278505
25.278267
25.278093
25.277853
25.277452
25.277212
25.277138
25.276737
25.276278
25.275637
25.275331
25.275068
25.274874
25.274652
25.274351
25.274042
25.273764
25.273102
25.27296
25.272572
25.27249
25.272406
25.272312
25.272207
25.271994
25.271717
25.271519
25.271393
25.27103
25.270742
25.270536
25.270304
25.27003
25.269854
25.269686
25.269398
25.269201
25.269022
25.268688
25.26834
25.267933
25.267672
25.267384
25.267181
25.267027
25.266743
25.266533
25.266085
25.2659
25.265673
25.265333
25.265125
25.264547
25.264475
25.264275
25.264116
25.263952
25.26388
25.26379
25.263592
25.263424
25.263014
25.262724
25.262487
25.26209
25.26199
25.26166
25.261522
25.261272
25.26099
25.260572
25.260374
25.260052
25.259855
25.259632
25.25942
25.259205
25.258928
25.258633
25.2581
25.25777
25.257515
25.257298
25.257174
25.257025
25.256954
25.256824
25.256735
25.256609
25.256498
25.256344
25.256153
25.256004
25.255917
25.255713
25.25549
25.255388
25.255215
25.255136
25.255003
25.254908
25.254852
25.254728
25.254528
25.254208
25.243107
25.24146
25.241428
25.241375
25.241224
25.241121
25.240744
25.240725
25.240513
25.240324
25.24023
25.240084
25.239574
25.239326
25.23914
25.238886
25.23867
25.238504
25.238432
25.238132
25.237734
25.232565
25.232294
25.23192
25.231756
25.231611
25.231213
25.231092
25.230743
25.230429
25.22729
25.225248
25.224186
25.22063
25.21538
25.215311
25.215206
25.215105
25.214758
25.214724
25.21469
25.214643
25.214539
25.214287
25.213871
25.21355
25.213228
25.213037
25.212261
25.211647
25.211374
25.21109
25.210985
25.210606
25.210505
25.21017
25.21007
25.20983
25.209597
25.209259
25.209194
25.209007
25.208767
25.208673
25.208323
25.20807
25.207895
25.207611
25.20746
25.207191
25.20713
25.20696
25.20685
25.206707
25.206495
25.206182
25.205845
25.205507
25.205378
25.205248
25.204998
25.20489
25.20438
25.203924
25.203661
25.203453
25.18931
25.189089
25.18887
25.188616
25.188576
25.188377
25.18814
25.184488
25.179562
25.178194
25.177702
25.17745
25.177279
25.176985
25.176872
25.17674
25.176641
25.176563
25.176453
25.176357
25.176107
25.176052
25.17586
25.175695
25.175467
25.175283
25.175129
25.174828
25.174696
25.174318
25.174192
25.174091
25.173819
25.173632
25.173346
25.173285
25.172947
25.172768
25.17263
25.172207
25.171923
25.1718
25.1714
25.170843
25.170729
25.170664
25.170513
25.17018
25.169752
25.169432
25.169298
25.169106
25.168793
25.168674
25.168509
25.168264
25.16819
25.16815
25.167913
25.167486
25.16712
25.166857
25.166502
25.16619
25.165802
25.165285
25.16518
25.164915
25.164532
25.164268
25.162611
25.162006
25.160585
25.160425
25.160116
25.15983
25.159296
25.15922
25.159136
25.158958
25.158674
25.158642
25.158506
25.158138
25.157993
25.157808
25.157614
25.157482
25.157145
25.15683
25.156752
25.156351
25.156033
25.155853
25.15574
25.155602
25.155224
25.15515
25.155
25.154968
25.15489
25.15488
25.15482
25.154755
25.154627
25.154585
25.154455
25.154276
25.15426
25.154257
25.154234
25.154194
25.154179
25.154139
25.154081
25.153929
25.153536
25.15334
25.153067
25.152933
25.152855
25.152822
25.152813
25.152805
25.152622
25.152485
25.152382
25.152292
25.152077
25.151829
25.151516
25.151361
25.151178
25.151
25.15069
25.150564
25.150425
25.150295
25.150124
25.149818
25.149645
25.149384
25.14909
25.148973
25.148813
25.148651
25.148216
25.147865
25.147747
25.147678
25.147581
25.147491
25.147459
25.147442
25.147312
25.147247
25.147055
25.146961
25.146862
25.146807
25.146711
25.146664
25.146608
25.146412
25.146332
25.146236
25.146196
25.146109
25.145967
25.145803
25.145758
25.1457
25.14563
25.145525
25.1455
25.145414
25.145317
25.14527
25.145227
25.145203
25.145193
25.14519
25.145144
25.14507
25.145006
25.144972
25.144955
25.144918
25.144808
25.144686
25.144434
25.14426
25.144123
25.144037
25.14394
25.143757
25.143463
25.143314
25.14307
25.142694
25.14262
25.142117
25.141962
25.141796
25.141712
25.141554
25.141333
25.140987
25.140799
25.140617
25.140385
25.140062
25.139677
25.139618
25.139427
25.139305
25.138977
25.138758
25.138485
25.138159
25.137856
25.137615
25.137508
25.13731
25.136997
25.136793
25.136644
25.136456
25.136326
25.136232
25.136087
25.135935
25.135796
25.135624
25.13541
25.135355
25.135302
25.135157
25.135044
25.134878
25.13481
25.134644
25.134514
25.13432
25.134176
25.134132
25.134064
25.133955
25.133907
25.133703
25.13357
25.133446
25.13332
25.133173
25.132954
25.132778
25.132288
25.13214
25.132084
25.13193
25.131723
25.131472
25.131145
25.130754
25.130564
25.130453
25.13028
25.1302
25.130136
25.13
25.129879
25.129742
25.129618
25.12953
25.129475
25.129395
25.12928
25.129232
25.129053
25.128948
25.128897
25.128815
25.128746
25.128588
25.12846
25.128395
25.128323
25.128239
25.127954
25.127604
25.127361
25.127254
25.127045
25.126947
25.12692
25.126814
25.126648
25.126392
25.126223
25.126049
25.125908
25.125689
25.125425
25.125277
25.125143
25.125088
25.12506
25.125027
25.124958
25.12492
25.1249
25.124794
25.124498
25.124186
25.123865
25.123783
25.123455
25.122978
25.122332
25.1221
25.12166
25.12148
25.121227
25.121098
25.12098
25.120869
25.120686
25.120605
25.120535
25.120327
25.1202
25.120098
25.120016
25.119907
25.11972
25.119595
25.119503
25.11936
25.119112
25.118998
25.11895
25.118885
25.11881
25.118654
25.11856
25.11845
25.118185
25.118141
25.117867
25.11761
25.117502
25.1174
25.11711
25.116991
25.1169
25.116627
25.116426
25.116234
25.116055
25.115934
25.115635
25.115429
25.115349
25.115208
25.115114
25.11483
25.114523
25.11432
25.113773
25.113352
25.113184
25.112942
25.112736
25.112576
25.11224
25.11206
25.1118
25.111578
25.1113
25.110872
25.110619
25.110456
25.110287
25.11017
25.11001
25.109861
25.109789
25.109642
25.109468
25.10929
25.10916
25.109058
25.108845
25.108587
25.1084
25.108084
25.108006
25.107946
25.10787
25.107605
25.107487
25.10742
25.107365
25.107183
25.107006
25.106771
25.106617
25.10623
25.10597
25.1057
25.105474
25.105165
25.105003
25.104723
25.104574
25.104494
25.104282
25.104176
25.103964
25.10375
25.103746
25.103588
25.103258
25.103054
25.102736
25.102514
25.102247
25.102
25.10177
25.101667
25.101522
25.101414
25.10135
25.101051
25.100904
25.100838
25.10065
25.10046
25.100286
25.099874
25.099813
25.099695
25.0994
25.099367
25.099201
25.098978
25.098854
25.098547
25.09847
25.09845
25.098354
25.098324
25.098198
25.09805
25.097954
25.097805
25.097593
25.09751
25.097277
25.097178
25.096945
25.096836
25.096632
25.096449
25.096395
25.096313
25.096144
25.096094
25.095982
25.095848
25.095728
25.095667
25.09555
25.095522
25.095516
25.095358
25.095194
25.095053
25.095001
25.09485
25.094625
25.094547
25.094305
25.09428
25.09422
25.094149
25.09405
25.09393
25.093782
25.093645
25.09333
25.093035
25.09293
25.092802
25.092762
25.092644
25.092457
25.092188
25.091997
25.091742
25.091576
25.091406
25.091187
25.091015
25.090887
25.090757
25.090658
25.090427
25.090313
25.090076
25.089966
25.089727
25.089653
25.08945
25.089252
25.08886
25.088688
25.088564
25.088335
25.088135
25.087994
25.087826
25.087725
25.08752
25.087397
25.08729
25.087215
25.087152
25.086922
25.086878
25.08662
25.086552
25.086452
25.086443
25.086403
25.086266
25.086155
25.08602
25.085932
25.085823
25.085789
25.08571
25.085583
25.085459
25.08534
25.0851
25.085014
25.084862
25.084742
25.084608
25.084448
25.084381
25.084322
25.084282
25.084225
25.084175
25.083954
25.08383
25.083746
25.083628
25.083391
25.0832
25.082954
25.082796
25.08259
25.082499
25.082317
25.082155
25.08194
25.08181
25.081713
25.08163
25.081596
25.081446
25.081274
25.081173
25.081087
25.080866
25.08068
25.080563
25.080475
25.080355
25.08029
25.080166
25.08007
25.079987
25.079832
25.079695
25.079473
25.07919
25.078785
25.078442
25.07822
25.078012
25.077776
25.077534
25.077303
25.077124
25.076994
25.076757
25.076513
25.076384
25.076189
25.076
25.075901
25.075846
25.075798
25.075674
25.075537
25.075392
25.07531
25.075169
25.075037
25.074837
25.074717
25.074432
25.074343
25.073914
25.073633
25.073431
25.07333
25.073229
25.073132
25.072897
25.072826
25.072714
25.072603
25.072483
25.072376
25.072165
25.07199
25.071827
25.07168
25.071503
25.071114
25.07102
25.070919
25.070822
25.070799
25.070745
25.0704
25.070072
25.06985
25.069773
25.069578
25.069462
25.069313
25.069096
25.069012
25.06886
25.068708
25.068583
25.068447
25.068289
25.068226
25.067827
25.067566
25.06739
25.06729
25.06692
25.06665
25.066467
25.06623
25.06592
25.065552
25.065172
25.0649
25.064695
25.06438
25.064135
25.063673
25.063484
25.063375
25.0632
25.06308
25.063032
25.062944
25.06281
25.062716
25.062428
25.062231
25.06217
25.06209
25.061903
25.061794
25.061584
25.061493
25.06142
25.061216
25.061077
25.060968
25.060797
25.060661
25.060537
25.06035
25.06022
25.060038
25.059896
25.059792
25.059706
25.059626
25.059282
25.059093
25.058882
25.058691
25.058657
25.058514
25.058342
25.05824
25.058157
25.05807
25.058
25.057934
25.057814
25.05757
25.05746
25.057343
25.057177
25.057125
25.056923
25.056887
25.056774
25.056732
25.05665
25.056557
25.05645
25.05638
25.056326
25.056171
25.056105
25.055975
25.055897
25.055643
25.055338
25.055162
25.054935
25.041876
25.041607
25.041346
25.041054
25.040974
25.04061
25.040302
25.040087
25.03992
25.039791
25.039408
25.039204
25.03492
25.034716
25.034538
25.032509
25.029745
25.029438
25.025911
25.025543
25.02539
25.025188
25.02491
25.024748
25.023806
25.023672
25.023619
25.02336
25.023266
25.02315
25.023018
25.022585
25.021503
25.021418
25.021362
25.019817
25.017408
25.016449
25.014074
25.012676
25.012053
25.011715
25.011467
25.01134
25.011168
25.010965
25.010876
25.010132
25.00999
25.006989
25.00658
25.006403
25.005888
25.005522
25.00536
25.0052
25.005007
25.004702
25.004223
25.00414
25.004004
25.003893
25.003761
25.0036
25.003553
25.003527
25.00351
25.003437
25.003355
25.003107
25.003075
25.002995
25.002968
25.002909
25.00284
25.002686
25.001642
25.001379
25.001225
25.001112
25.001043
25.000097
25.000042
24.999699
24.999443
24.999264
24.99904
24.998816
24.998674
24.99854
24.998392
24.99831
24.998251
24.998192
24.998068
24.997961
24.99787
24.997828
24.997778
24.997656
24.99757
24.997498
24.99737
24.997252
24.997192
24.997128
24.996935
24.996695
24.996458
24.996206
24.996004
24.995935
24.9959
24.995857
24.995604
24.995304
24.995068
24.994875
24.994486
24.994356
24.99424
24.994114
24.993969
24.993738
24.993572
24.993431
24.992739
24.992332
24.99219
24.992079
24.992
24.991884
24.99167
24.991526
24.991428
24.991394
24.991278
24.991034
24.990974
24.99096
24.99073
24.990545
24.990484
24.990465
24.990324
24.990276
24.990263
24.990103
24.989887
24.989803
24.98977
24.989754
24.98975
24.989746
24.989746
24.98951
24.989433
24.989218
24.988976
24.98889
24.988722
24.988348
24.98804
24.987932
24.987772
24.987715
24.987673
24.987576
24.987488
24.987392
24.987316
24.987276
24.98725
24.987234
24.98715
24.987122
24.987083
24.986933
24.986877
24.986864
24.986761
24.986643
24.98662
24.9866
24.98657
24.986511
24.986326
24.986134
24.986061
24.985983
24.985758
24.985626
24.985542
24.985497
24.985437
24.985304
24.985178
24.984947
24.984737
24.983896
24.98238
24.982277
24.982159
24.98205
24.981764
24.981634
24.981503
24.981342
24.981192
24.981138
24.980976
24.973845
24.971504
24.971312
24.97119
24.971064
24.970922
24.970829
24.970768
24.969824
24.969324
24.968967
24.968708
24.968647
24.96858
24.968386
24.968227
24.968138
24.968014
24.96792
24.967838
24.96771
24.967388
24.967266
24.96723
24.967152
24.967
24.9668
24.966711
24.966381
24.965952
24.965305
24.965092
24.964851
24.964727
24.964643
24.964481
24.964342
24.964245
24.96405
24.963894
24.963795
24.963633
24.963129
24.962791
24.962605
24.96247
24.962345
24.962242
24.962072
24.96188
24.961573
24.96137
24.961163
24.960836
24.960363
24.959864
24.959492
24.958931
24.958715
24.958513
24.958445
24.958263
24.95819
24.958097
24.958004
24.957767
24.957396
24.957344
24.95709
24.957054
24.95703
24.95699
24.95697
24.956888
24.956818
24.956758
24.956682
24.956553
24.95649
24.95637
24.956295
24.95617
24.956045
24.95595
24.955803
24.955744
24.95558
24.955427
24.955145
24.955038
24.954842
24.954718
24.954538
24.954445
24.954351
24.95423
24.954105
24.953775
24.953615
24.953564
24.953533
24.953468
24.953344
24.953331
24.953314
24.953289
24.95325
24.953224
24.95319
24.953112
24.953014
24.95283
24.952753
24.952635
24.952473
24.952343
24.952097
24.95202
24.951942
24.95189
24.95163
24.95132
24.951
24.9509
24.950752
24.950665
24.950598
24.95038
24.950315
24.950287
24.950235
24.950176
24.950111
24.950016
24.94994
24.949839
24.94973
24.94949
24.949451
24.949442
24.949408
24.949404
24.949358
24.949257
24.94914
24.94911
24.9491
24.94906
24.948982
24.948936
24.948864
24.948862
24.948832
24.948814
24.948778
24.948734
24.948677
24.948547
24.948357
24.948198
24.948
24.947931
24.94775
24.947596
24.947437
24.947151
24.947062
24.94681
24.946545
24.946428
24.946222
24.945732
24.945496
24.945337
24.945108
24.944971
24.944775
24.94456
24.944258
24.943995
24.943783
24.943554
24.943357
24.94326
24.943138
24.942942
24.94286
24.94278
24.94269
24.942556
24.942492
24.942436
24.93421
24.934103
24.93407
24.933973
24.933851
24.933796
24.933687
24.933577
24.93345
24.93331
24.932617
24.932484
24.932434
24.932379
24.932226
24.932148
24.932116
24.932056
24.931938
24.931915
24.930475
24.9302
24.930176
24.930164
24.92944
24.929363
24.929344
24.929173
24.928993
24.928942
24.928871
24.928856
24.928583
24.92845
24.928413
24.9284
24.928396
24.928383
24.928324
24.928265
24.928152
24.92808
24.928022
24.927849
24.927706
24.927565
24.927542
24.927504
24.927446
24.927095
24.926975
24.926785
24.926304
24.924986
24.924603
24.92434
24.924232
24.924099
24.923988
24.923824
24.923674
24.923485
24.922098
24.920511
24.920252
24.920145
24.919899
24.919455
24.919382
24.91937
24.919365
24.919256
24.919043
24.918932
24.918783
24.918648
24.918535
24.918274
24.918182
24.918104
24.91798
24.917837
24.917686
24.9175
24.917301
24.917107
24.916924
24.916801
24.916756
24.916723
24.916595
24.916067
24.915823
24.915627
24.915195
24.914848
24.914686
24.914576
24.914343
24.914133
24.914064
24.913858
24.913584
24.913504
24.913202
24.91292
24.912846
24.912432
24.91208
24.91194
24.911884
24.91177
24.911564
24.911411
24.911186
24.911037
24.91078
24.910522
24.91021
24.909985
24.909872
24.90968
24.909351
24.909248
24.909101
24.908907
24.908699
24.90854
24.908445
24.908396
24.908325
24.908176
24.907934
24.90784
24.907755
24.907688
24.90764
24.907621
24.907576
24.907522
24.907482
24.90734
24.907217
24.907143
24.90707
24.907003
24.906904
24.906883
24.906757
24.906572
24.90645
24.90629
24.906153
24.906075
24.90597
24.905785
24.905693
24.905659
24.905558
24.90553
24.905457
24.905363
24.905165
24.905043
24.904968
24.904797
24.904718
24.904596
24.90451
24.904314
24.903887
24.903622
24.903532
24.90341
24.90326
24.903198
24.903093
24.903046
24.902893
24.902737
24.902443
24.902306
24.90226
24.902197
24.902182
24.902111
24.902061
24.902029
24.901968
24.901829
24.901793
24.901638
24.901583
24.901537
24.901522
24.901417
24.901184
24.901075
24.900972
24.90093
24.900763
24.900434
24.900291
24.899988
24.89979
24.8996
24.899513
24.89925
24.899122
24.899065
24.898836
24.898731
24.898623
24.89856
24.898535
24.898447
24.898321
24.898096
24.89768
24.897562
24.897423
24.89729
24.897175
24.897108
24.897022
24.896982
24.896963
24.89696
24.896952
24.896938
24.896915
24.896889
24.896822
24.896765
24.896736
24.896677
24.896454
24.896345
24.89632
24.896257
24.896202
24.896172
24.896152
24.896126
24.896118
24.896004
24.895782
24.89568
24.895563
24.895538
24.895527
24.895515
24.895508
24.895452
24.895426
24.895365
24.895329
24.895304
24.895294
24.895288
24.895216
24.895052
24.895033
24.895018
24.894999
24.894823
24.89468
24.894567
24.89452
24.894346
24.894245
24.894176
24.894001
24.89377
24.89369
24.893612
24.893465
24.893423
24.893362
24.893314
24.893286
24.893236
24.893091
24.8929
24.892841
24.892813
24.892769
24.892763
24.892756
24.892576
24.892439
24.89236
24.892282
24.892199
24.892097
24.892025
24.891962
24.891779
24.89151
24.891357
24.891232
24.89114
24.891056
24.890984
24.890839
24.890621
24.890413
24.890015
24.889893
24.889807
24.889673
24.889557
24.889248
24.889166
24.888958
24.888813
24.88873
24.888634
24.888512
24.888441
24.888323
24.888212
24.888182
24.888105
24.887962
24.887869
24.887691
24.887634
24.88762
24.887543
24.887484
24.887362
24.88724
24.88711
24.886953
24.886866
24.886786
24.886568
24.886377
24.886322
24.88605
24.885908
24.88585
24.88576
24.885654
24.88556
24.885538
24.885538
24.885538
24.885286
24.885132
24.885077
24.884983
24.88494
24.884804
24.884764
24.884703
24.884642
24.88458
24.884527
24.884377
24.884266
24.884182
24.883965
24.883886
24.883787
24.8836
24.883434
24.883345
24.883297
24.88322
24.883175
24.883093
24.883043
24.882954
24.882866
24.882792
24.882723
24.882687
24.882637
24.88256
24.882479
24.882463
24.882444
24.88239
24.882322
24.882242
24.882177
24.882147
24.88213
24.882015
24.881937
24.881914
24.881886
24.881805
24.881771
24.881733
24.881716
24.881674
24.881615
24.88158
24.881443
24.881409
24.881367
24.88134
24.881207
24.881145
24.881077
24.881042
24.881037
24.880943
24.880932
24.880865
24.880848
24.88083
24.8807
24.880526
24.880493
24.880348
24.880257
24.880096
24.880032
24.879856
24.879808
24.879679
24.879217
24.879057
24.878908
24.878607
24.878471
24.878288
24.878132
24.878012
24.877926
24.877903
24.877716
24.877573
24.877436
24.877253
24.87724
24.877169
24.877047
24.87701
24.876976
24.876957
24.876913
24.876904
24.87685
24.876835
24.876692
24.87664
24.876621
24.876537
24.876528
24.876488
24.876469
24.876444
24.876392
24.876318
24.876242
24.876087
24.876
24.875877
24.875658
24.87552
24.875402
24.875277
24.875162
24.875122
24.875042
24.875006
24.87489
24.874865
24.87484
24.874807
24.874733
24.87463
24.874508
24.874361
24.874199
24.874031
24.873882
24.873318
24.873196
24.873047
24.872902
24.87278
24.872713
24.872467
24.871954
24.871424
24.871222
24.871025
24.870872
24.870808
24.870396
24.87022
24.87011
24.869938
24.869818
24.869574
24.869453
24.869354
24.869251
24.86913
24.86899
24.868767
24.868439
24.868141
24.867893
24.867805
24.867727
24.86768
24.867498
24.867285
24.867208
24.867085
24.866976
24.86688
24.866642
24.86642
24.866219
24.866032
24.865892
24.865833
24.865786
24.865559
24.86538
24.865295
24.865248
24.865164
24.86513
24.86511
24.86507
24.865038
24.865017
24.864956
24.864927
24.864891
24.864847
24.864647
24.86457
24.864435
24.864277
24.86414
24.86394
24.863873
24.863827
24.863705
24.863605
24.863512
24.863487
24.863472
24.863468
24.863459
24.863447
24.863438
24.86341
24.863401
24.863396
24.863329
24.863312
24.863281
24.863247
24.863228
24.863222
24.86322
24.86322
24.86322
24.863218
24.863209
24.863203
24.863203
24.863201
24.863201
24.863197
24.863173
24.86316
24.863153
24.86285
24.862762
24.862673
24.86248
24.862354
24.862318
24.862236
24.8622
24.862148
24.862139
24.862087
24.86203
24.862022
24.862011
24.861996
24.861929
24.861803
24.861746
24.86173
24.861713
24.861612
24.861523
24.861494
24.861485
24.861467
24.86143
24.861383
24.861357
24.861334
24.861311
24.861301
24.861263
24.861202
24.861174
24.861141
24.861118
24.861029
24.860989
24.86089
24.860817
24.860706
24.860643
24.860556
24.860477
24.860403
24.860348
24.860281
24.860168
24.860044
24.859993
24.859867
24.859783
24.85974
24.859707
24.859678
24.859663
24.859585
24.859438
24.859331
24.859179
24.859056
24.85901
24.858953
24.858862
24.858753
24.858637
24.858374
24.858175
24.858055
24.858028
24.858006
24.857924
24.857866
24.857668
24.857553
24.857351
24.857073
24.85693
24.856867
24.856829
24.856804
24.856745
24.85657
24.856537
24.856459
24.856432
24.85641
24.856401
24.856401
24.856344
24.856295
24.856209
24.856194
24.856066
24.85592
24.85586
24.855707
24.855597
24.85529
24.854876
24.854605
24.854313
24.854015
24.853619
24.85348
24.853373
24.853197
24.853024
24.852953
24.852903
24.852749
24.852674
24.852621
24.85248
24.8524
24.852352
24.852327
24.852232
24.852192
24.852121
24.851997
24.851875
24.851637
24.85157
24.85154
24.851511
24.851442
24.851412
24.851162
24.850965
24.850866
24.850569
24.850433
24.850306
24.850243
24.85017
24.850092
24.850004
24.849943
24.849894
24.849842
24.849821
24.849731
24.849703
24.849691
24.849634
24.849592
24.849566
24.849548
24.84954
24.849512
24.849504
24.849459
24.849447
24.849377
24.849325
24.849297
24.84928
24.849222
24.849085
24.84893
24.84873
24.848616
24.848528
24.848303
24.84812
24.847954
24.847832
24.847681
24.84738
24.847197
24.846996
24.846773
24.846663
24.846586
24.846476
24.846367
24.846256
24.846159
24.846025
24.845926
24.845858
24.845837
24.845833
24.84565
24.84548
24.845255
24.845186
24.844995
24.84473
24.84464
24.84454
24.844458
24.84436
24.844185
24.844084
24.844015
24.843925
24.843811
24.843733
24.843672
24.843603
24.843542
24.843462
24.843445
24.843376
24.843334
24.843164
24.843132
24.84309
24.843
24.842953
24.842913
24.84281
24.84272
24.842607
24.842371
24.842213
24.84213
24.842073
24.842001
24.841951
24.841858
24.841654
24.841536
24.841442
24.84139
24.841288
24.841248
24.841166
24.841082
24.840996
24.84091
24.8408
24.840485
24.840359
24.840214
24.840115
24.839827
24.839745
24.839565
24.839495
24.839386
24.839256
24.839182
24.839142
24.839031
24.838951
24.83894
24.838762
24.838654
24.838617
24.838533
24.838505
24.83845
24.838423
24.838398
24.838371
24.83836
24.838346
24.838251
24.838205
24.83816
24.838144
24.83813
24.838114
24.83811
24.83804
24.838005
24.837954
24.837841
24.837772
24.837687
24.837666
24.83743
24.837114
24.837015
24.836893
24.836832
24.83668
24.836437
24.836376
24.836226
24.836159
24.836128
24.836102
24.836054
24.836016
24.835976
24.835928
24.835857
24.835815
24.835798
24.835737
24.835716
24.835629
24.835545
24.835506
24.835432
24.83529
24.835188
24.834995
24.834867
24.834805
24.834755
24.834717
24.83463
24.83454
24.834452
24.834332
24.834154
24.833923
24.833702
24.833601
24.833475
24.833387
24.83328
24.833166
24.83301
24.832848
24.8328
24.832605
24.832508
24.832376
24.832287
24.832178
24.832136
24.832111
24.832088
24.832045
24.831982
24.831932
24.831905
24.831787
24.83174
24.831722
24.831652
24.831455
24.831354
24.83127
24.83117
24.831003
24.830803
24.83065
24.83038
24.83021
24.829836
24.829624
24.829473
24.829405
24.829353
24.829262
24.829206
24.829187
24.829067
24.828976
24.828897
24.82873
24.828455
24.828352
24.82826
24.828236
24.828098
24.82802
24.827885
24.827732
24.827658
24.827572
24.827417
24.82732
24.827263
24.827175
24.82707
24.826988
24.826965
24.82693
24.826885
24.826876
24.82686
24.826792
24.826725
24.826681
24.82664
24.826574
24.826574
24.826517
24.826488
24.826412
24.82638
24.826326
24.826326
24.826271
24.826242
24.826231
24.826183
24.82613
24.826082
24.826067
24.826056
24.826046
24.825989
24.825985
24.825922
24.825798
24.825752
24.825687
24.825468
24.825441
24.825407
24.825317
24.825197
24.825087
24.825048
24.825026
24.824957
24.8248
24.824732
24.824486
24.82434
24.82428
24.824236
24.824133
24.824001
24.823938
24.823914
24.823902
24.823889
24.823849
24.823765
24.82366
24.823597
24.823568
24.823412
24.82336
24.8233
24.82322
24.822872
24.822844
24.822716
24.822685
24.822668
24.822575
24.822554
24.82255
24.82252
24.822496
24.822472
24.822416
24.82238
24.82236
24.822325
24.822315
24.82229
24.822264
24.822218
24.822197
24.822184
24.822145
24.822105
24.822073
24.822062
24.822056
24.822035
24.822027
24.821991
24.821835
24.821804
24.821781
24.821775
24.821747
24.821709
24.821632
24.821564
24.821527
24.821512
24.821468
24.821394
24.821346
24.821129
24.821085
24.821005
24.820919
24.82081
24.820782
24.820753
24.820658
24.820614
24.820486
24.820408
24.820374
24.820272
24.820185
24.8201
24.820032
24.81985
24.819801
24.819683
24.819633
24.81956
24.819523
24.819399
24.819357
24.819279
24.819176
24.81896
24.818756
24.818628
24.818295
24.818125
24.818083
24.817965
24.817823
24.817783
24.817724
24.817656
24.817455
24.817314
24.817162
24.816893
24.8167
24.816631
24.816528
24.81647
24.81641
24.816366
24.816349
24.81617
24.816048
24.815947
24.815832
24.815708
24.81548
24.81539
24.81532
24.815243
24.81521
24.815155
24.815134
24.815098
24.815039
24.81501
24.814959
24.814934
24.814907
24.814863
24.814838
24.814821
24.814785
24.814777
24.814735
24.81467
24.814615
24.814594
24.814537
24.814472
24.814392
24.814323
24.814295
24.814123
24.814043
24.813923
24.813831
24.81371
24.81365
24.813595
24.813513
24.813442
24.813421
24.81336
24.813286
24.813234
24.813154
24.813139
24.813131
24.81313
24.813053
24.813044
24.813042
24.813042
24.81304
24.81304
24.813038
24.813025
24.81302
24.81301
24.813
24.81298
24.812828
24.812822
24.812819
24.8128
24.81278
24.812645
24.812613
24.812498
24.812355
24.812193
24.81211
24.812012
24.811968
24.811928
24.811867
24.811838
24.811827
24.81182
24.811815
24.811811
24.811811
24.811811
24.811804
24.811802
24.811802
24.811794
24.81171
24.81167
24.81148
24.811445
24.811312
24.811144
24.811083
24.81096
24.81087
24.810781
24.810764
24.810658
24.810493
24.81043
24.810295
24.810247
24.810236
24.810202
24.81015
24.809944
24.80984
24.809742
24.80969
24.809654
24.809532
24.809418
24.809391
24.809357
24.809109
24.809063
24.809021
24.809004
24.808926
24.808899
24.808886
24.808678
24.808569
24.808533
24.808489
24.808458
24.808424
24.808361
24.808262
24.80822
24.808195
24.80818
24.808125
24.808065
24.808033
24.808025
24.80802
24.807922
24.807909
24.807901
24.807892
24.80782
24.807747
24.807375
24.807217
24.807095
24.807034
24.806858
24.806784
24.806694
24.806602
24.80656
24.80655
24.806477
24.80645
24.806425
24.806328
24.806269
24.806143
24.806063
24.806007
24.80589
24.805769
24.805693
24.805563
24.805403
24.805277
24.805231
24.805199
24.805155
24.805073
24.804966
24.80488
24.804823
24.804804
24.804743
24.804716
24.804634
24.80463
24.804623
24.80462
24.80461
24.804604
24.80457
24.80457
24.80457
24.804548
24.804516
24.804499
24.804483
24.804474
24.804464
24.804455
24.80443
24.8044
24.804377
24.804373
24.804369
24.804369
24.804335
24.804293
24.804287
24.804266
24.804262
24.804197
24.80411
24.804094
24.804073
24.80406
24.804022
24.803923
24.803837
24.803802
24.803766
24.80375
24.80372
24.803698
24.80364
24.80362
24.803507
24.803162
24.802977
24.802908
24.80273
24.802588
24.802513
24.80244
24.802347
24.80227
24.802225
24.802156
24.802103
24.802069
24.801992
24.80191
24.801819
24.801697
24.801567
24.801462
24.80141
24.801361
24.801233
24.801123
24.801
24.800915
24.80082
24.800701
24.800673
24.800611
24.800562
24.800486
24.800463
24.80045
24.800428
24.800419
24.80039
24.80035
24.800255
24.800194
24.80016
24.800037
24.799892
24.79977
24.799688
24.79956
24.79941
24.799368
24.799343
24.799322
24.799215
24.799099
24.799042
24.798943
24.798775
24.798615
24.798563
24.79855
24.798496
24.798424
24.798399
24.798328
24.798273
24.798143
24.798067
24.798033
24.797878
24.7978
24.79763
24.797575
24.797483
24.797365
24.79723
24.796957
24.79663
24.79637
24.796299
24.796196
24.7961
24.795984
24.795856
24.795786
24.795723
24.795618
24.7955
24.795462
24.795412
24.795277
24.795166
24.794947
24.794802
24.79463
24.79453
24.794386
24.794222
24.794123
24.79405
24.79402
24.793957
24.793957
24.793943
24.793802
24.79371
24.793633
24.793587
24.79353
24.793432
24.793354
24.793308
24.793291
24.793285
24.793276
24.793268
24.793268
24.793264
24.793264
24.79326
24.79326
24.793257
24.793245
24.793238
24.79321
24.793194
24.79319
24.79311
24.793064
24.792994
24.792942
24.792929
24.792917
24.792908
24.792904
24.792898
24.792896
24.792889
24.792885
24.792868
24.79283
24.792803
24.792755
24.79272
24.79269
24.792606
24.79256
24.792328
24.792208
24.792124
24.791962
24.79187
24.791758
24.791714
24.79168
24.79165
24.791605
24.791561
24.791527
24.79144
24.791416
24.79135
24.791327
24.791298
24.791199
24.791082
24.791004
24.790947
24.790918
24.790836
24.790754
24.790735
24.790686
24.79066
24.79052
24.790432
24.790369
24.79029
24.790218
24.790188
24.790169
24.790123
24.790075
24.790033
24.789984
24.789955
24.789942
24.789936
24.789934
24.78993
24.78993
24.789928
24.78989
24.78988
24.789852
24.789852
24.789852
24.789835
24.789822
24.789764
24.789764
24.789764
24.789764
24.789764
24.789726
24.78972
24.789717
24.789705
24.789703
24.789701
24.7897
24.7897
24.7897
24.7897
24.789635
24.789568
24.789446
24.789398
24.789385
24.789362
24.789265
24.789253
24.789248
24.789192
24.789164
24.789156
24.789148
24.789143
24.78909
24.789076
24.789072
24.789066
24.789003
24.78875
24.78867
24.788635
24.788631
24.788565
24.78856
24.788511
24.788412
24.78839
24.78835
24.788311
24.7883
24.78826
24.788227
24.788218
24.788198
24.788185
24.788181
24.78817
24.788166
24.788166
24.788166
24.788166
24.788166
24.788157
24.788128
24.78808
24.788048
24.787941
24.787714
24.787672
24.78762
24.787575
24.787535
24.787506
24.787449
24.787441
24.78738
24.787373
24.787334
24.787266
24.787115
24.787046
24.786928
24.786867
24.786802
24.786741
24.786709
24.78668
24.78664
24.786533
24.786465
24.786371
24.786282
24.786257
24.786207
24.786062
24.785997
24.785955
24.78593
24.785818
24.78579
24.785692
24.785452
24.78537
24.785334
24.785236
24.785198
24.78513
24.785011
24.784771
24.78456
24.784369
24.784264
24.784138
24.783949
24.783844
24.7838
24.78373
24.783632
24.783457
24.783405
24.783356
24.783348
24.783316
24.78329
24.783245
24.783201
24.782856
24.782734
24.782701
24.782656
24.782616
24.782602
24.782541
24.7825
24.78248
24.782473
24.782427
24.782373
24.782234
24.782076
24.782022
24.781979
24.781881
24.781836
24.781788
24.781778
24.781767
24.781755
24.781687
24.781643
24.781626
24.781595
24.7815
24.781424
24.781363
24.781284
24.781221
24.781048
24.780933
24.78086
24.780678
24.780464
24.780336
24.780294
24.78026
24.78019
24.780117
24.779936
24.779554
24.77939
24.779354
24.779234
24.779116
24.778965
24.778912
24.7789
24.778883
24.778814
24.778774
24.77876
24.778759
24.778759
24.778757
24.778755
24.778755
24.778755
24.778723
24.778696
24.77868
24.778646
24.77862
24.778614
24.778584
24.778572
24.77857
24.778566
24.77856
24.77845
24.778393
24.77838
24.778376
24.778376
24.778301
24.778212
24.778164
24.778124
24.778008
24.777962
24.777918
24.777885
24.77786
24.777853
24.77784
24.777826
24.777822
24.777819
24.777819
24.777798
24.777754
24.777538
24.777437
24.777401
24.777292
24.77722
24.777016
24.776953
24.776922
24.776888
24.776842
24.776659
24.776497
24.776432
24.776346
24.776285
24.776194
24.776125
24.776028
24.775984
24.775944
24.775906
24.775858
24.7757
24.775614
24.775581
24.775448
24.775389
24.77537
24.775341
24.775286
24.775265
24.775217
24.775206
24.775204
24.775187
24.775183
24.775183
24.775183
24.775179
24.775146
24.774963
24.774832
24.774715
24.774614
24.77458
24.774534
24.774471
24.774445
24.774435
24.774433
24.774431
24.774405
24.774382
24.774359
24.77435
24.774342
24.774334
24.77433
24.774328
24.774326
24.774323
24.774286
24.774237
24.774223
24.774218
24.774197
24.774187
24.774137
24.774021
24.774015
24.773956
24.773893
24.77377
24.773695
24.773663
24.773521
24.77346
24.77343
24.773407
24.773367
24.773355
24.773352
24.773327
24.773327
24.773327
24.773325
24.773325
24.773325
24.773312
24.773191
24.773134
24.772999
24.772858
24.772799
24.77265
24.772606
24.77258
24.772497
24.772482
24.772327
24.772238
24.77215
24.772085
24.771994
24.771938
24.771772
24.771639
24.771435
24.771402
24.771393
24.771389
24.771343
24.771318
24.771244
24.771202
24.77118
24.771158
24.771145
24.771038
24.771027
24.771023
24.771
24.770988
24.770983
24.770983
24.770916
24.770905
24.770903
24.7709
24.7709
24.7709
24.7709
24.7709
24.7709
24.7709
24.7709
24.7709
24.7709
24.7709
24.7709
24.7709
24.7709
24.7709
24.7709
24.770895
24.770847
24.770817
24.770788
24.77078
24.770777
24.770763
24.770756
24.770746
24.770708
24.770689
24.770664
24.77064
24.770617
24.770592
24.770576
24.77055
24.770506
24.77045
24.770407
24.770346
24.770319
24.770264
24.770252
24.770233
24.770208
24.770197
24.77017
24.77013
24.770063
24.77
24.769936
24.76985
24.769796
24.769762
24.769745
24.769732
24.769684
24.769657
24.769655
24.769653
24.769632
24.769625
24.769619
24.769615
24.76959
24.76956
24.769552
24.769548
24.769545
24.769543
24.769539
24.769537
24.7695
24.769484
24.76948
24.769468
24.769457
24.76945
24.76944
24.769434
24.769434
24.769432
24.769432
24.76942
24.76939
24.76936
24.769339
24.76933
24.769304
24.769281
24.769266
24.769258
24.769255
24.76925
24.769247
24.769243
24.769194
24.76916
24.769152
24.769152
24.769146
24.769135
24.76894
24.768929
24.76892
24.76888
24.76884
24.76883
24.76882
24.768785
24.768768
24.768766
24.768763
24.768757
24.768755
24.768755
24.768755
24.768755
24.768751
24.76875
24.76875
24.76875
24.768745
24.76873
24.76868
24.768644
24.768621
24.768593
24.768557
24.768473
24.768412
24.768272
24.768171
24.768091
24.76804
24.768003
24.767986
24.767965
24.767942
24.767881
24.767809
24.767748
24.767714
24.767622
24.767582
24.76756
24.767523
24.767473
24.767412
24.767387
24.767384
24.767376
24.767374
24.767347
24.767344
24.767344
24.767342
24.767342
24.767342
24.767342
24.767342
24.767338
24.767256
24.767221
24.76719
24.76716
24.767109
24.76704
24.76696
24.766888
24.766819
24.766794
24.766764
24.766705
24.766695
24.76666
24.766638
24.766607
24.766571
24.766438
24.766363
24.766306
24.766285
24.766249
24.766222
24.766214
24.766207
24.7662
24.766193
24.766184
24.766182
24.766161
24.76615
24.766148
24.766087
24.766047
24.765896
24.765877
24.765797
24.765749
24.765728
24.765705
24.765656
24.765629
24.765614
24.7656
24.765587
24.765585
24.765585
24.765577
24.76557
24.765564
24.765564
24.765564
24.765453
24.765423
24.765415
24.765285
24.765226
24.765211
24.765125
24.765017
24.764961
24.764864
24.764793
24.764677
24.764648
24.764647
24.764647
24.764647
24.764639
24.764622
24.764618
24.764563
24.764544
24.764519
24.764505
24.764498
24.764465
24.764458
24.764446
24.76444
24.764439
24.764437
24.764418
24.76438
24.76437
24.764364
24.764362
24.764357
24.764313
24.764277
24.764273
24.76424
24.7642
24.764177
24.764154
24.76413
24.764008
24.76386
24.763775
24.763737
24.76371
24.76365
24.763622
24.763615
24.763575
24.763557
24.763515
24.763405
24.763363
24.763346
24.763298
24.763224
24.763203
24.763157
24.76313
24.763124
24.763103
24.763098
24.763023
24.762995
24.762943
24.76291
24.762798
24.762735
24.76262
24.762554
24.7625
24.762465
24.762426
24.762403
24.762394
24.762363
24.76232
24.762299
24.76228
24.762249
24.762228
24.762215
24.762203
24.762169
24.762127
24.762089
24.762062
24.762056
24.762043
24.76202
24.762012
24.76199
24.761982
24.76198
24.76198
24.761957
24.76193
24.7619
24.761814
24.761778
24.761768
24.761766
24.761696
24.761585
24.761509
24.761395
24.761322
24.761274
24.761234
24.76111
24.761038
24.761019
24.760963
24.760902
24.760832
24.760824
24.760714
24.760649
24.760609
24.76055
24.760485
24.760443
24.76037
24.760336
24.760319
24.760286
24.760277
24.760275
24.760216
24.760159
24.76013
24.760103
24.760094
24.760036
24.760012
24.759867
24.75985
24.759848
24.759836
24.759827
24.759817
24.759794
24.759619
24.759514
24.759413
24.759315
24.759272
24.759222
24.759195
24.759174
24.759148
24.759085
24.75906
24.759005
24.758871
24.758806
24.758657
24.7586
24.758587
24.75855
24.758486
24.758442
24.7584
24.758366
24.75835
24.758276
24.758196
24.75816
24.75811
24.757969
24.757915
24.757904
24.75787
24.757853
24.757849
24.757847
24.757845
24.75784
24.757837
24.757832
24.757824
24.75782
24.757816
24.757786
24.75764
24.757593
24.757582
24.757559
24.757544
24.757463
24.757463
24.757452
24.75745
24.757418
24.75736
24.757328
24.757301
24.7573
24.757296
24.757284
24.75727
24.757267
24.757227
24.7572
24.757074
24.75697
24.75691
24.756878
24.756838
24.756723
24.756662
24.756626
24.756557
24.756372
24.756273
24.756178
24.7561
24.756067
24.756033
24.756008
24.755981
24.75597
24.755955
24.75586
24.75581
24.755743
24.755688
24.755644
24.755636
24.755615
24.755606
24.755604
24.755594
24.755583
24.755543
24.755514
24.755505
24.755497
24.75548
24.75546
24.755436
24.7554
24.75528
24.755133
24.754995
24.754961
24.754892
24.75481
24.75471
24.754639
24.754597
24.75456
24.75449
24.754417
24.754368
24.754337
24.754297
24.754133
24.754108
24.75407
24.754063
24.754038
24.754011
24.753958
24.753937
24.75392
24.753906
24.753883
24.753876
24.753859
24.753843
24.753809
24.753801
24.753801
24.753786
24.753775
24.75377
24.753761
24.753754
24.75375
24.753746
24.753742
24.75362
24.753582
24.75353
24.753506
24.753489
24.753473
24.753466
24.75346
24.75346
24.75346
24.75346
24.75346
24.75346
24.75346
24.75346
24.753391
24.753351
24.753225
24.753212
24.753204
24.753155
24.75315
24.75315
24.753147
24.753147
24.753143
24.753143
24.753143
24.753086
24.753033
24.752956
24.752932
24.75292
24.752895
24.752882
24.75285
24.752827
24.752817
24.752813
24.75281
24.752806
24.752806
24.752806
24.752806
24.752806
24.752806
24.752806
24.752806
24.752798
24.752777
24.752766
24.752745
24.752644
24.752611
24.752602
24.752592
24.752514
24.75247
24.752373
24.752342
24.75233
24.752327
24.752323
24.752321
24.752285
24.752262
24.752232
24.752218
24.752209
24.752197
24.75218
24.752096
24.752026
24.751965
24.751932
24.751802
24.751705
24.75163
24.751522
24.751476
24.751425
24.751343
24.75126
24.751148
24.751106
24.751091
24.751062
24.751028
24.75099
24.75096
24.750933
24.75091
24.75088
24.750849
24.750837
24.750835
24.750732
24.750696
24.750692
24.750668
24.750631
24.750612
24.750593
24.750532
24.750425
24.750366
24.750326
24.750286
24.750141
24.750065
24.749912
24.74987
24.749779
24.749725
24.749636
24.749605
24.749573
24.749483
24.749454
24.74944
24.749428
24.74942
24.74938
24.749353
24.749346
24.74931
24.749268
24.749218
24.749151
24.749115
24.74906
24.749048
24.749025
24.748915
24.748884
24.748865
24.748861
24.748854
24.748852
24.748844
24.74879
24.74878
24.748741
24.748728
24.748701
24.748676
24.748667
24.748665
24.748587
24.748522
24.748478
24.748466
24.74833
24.748194
24.748083
24.748053
24.748026
24.748016
24.74782
24.747751
24.747717
24.747637
24.747612
24.74758
24.747534
24.747456
24.747414
24.74738
24.747353
24.747267
24.747187
24.747145
24.747087
24.74701
24.746986
24.746971
24.746948
24.746939
24.746935
24.746922
24.746922
24.74692
24.746908
24.746904
24.74689
24.746885
24.746885
24.746885
24.746885
24.746885
24.746885
24.746885
24.746885
24.746885
24.746885
24.746885
24.746885
24.746885
24.746885
24.746885
24.746885
24.746885
24.746885
24.746885
24.746883
24.746883
24.746883
24.74688
24.74687
24.746864
24.746824
24.746807
24.746782
24.746756
24.746746
24.746742
24.74674
24.746725
24.74671
24.746706
24.746696
24.746693
24.74669
24.746687
24.746687
24.746687
24.746687
24.746685
24.746685
24.746685
24.746685
24.746653
24.74664
24.746622
24.74662
24.74662
24.746618
24.74661
24.74661
24.746569
24.746553
24.746548
24.746525
24.746525
24.746525
24.746525
24.746525
24.74652
24.746517
24.746517
24.746517
24.746517
24.746513
24.746489
24.746462
24.74645
24.746422
24.746422
24.74636
24.746334
24.746298
24.746267
24.746243
24.746239
24.746239
24.746233
24.74621
24.746202
24.746187
24.746164
24.746151
24.746128
24.746105
24.746098
24.746065
24.745998
24.745955
24.74586
24.745737
24.745665
24.745632
24.745598
24.745544
24.745518
24.745504
24.745493
24.74541
24.745373
24.745352
24.745287
24.745268
24.745264
24.745245
24.745228
24.745216
24.745205
24.745192
24.74518
24.745092
24.745073
24.745064
24.745064
24.745064
24.745028
24.745026
24.744951
24.744917
24.744902
24.7449
24.744867
24.744852
24.744846
24.74478
24.744728
24.744715
24.74468
24.744665
24.74464
24.744589
24.744564
24.744556
24.744547
24.744503
24.744484
24.74447
24.744423
24.744385
24.744333
24.744312
24.744284
24.744272
24.744259
24.744232
24.74421
24.744202
24.744202
24.74419
24.744173
24.74417
24.744165
24.744162
24.74413
24.744108
24.7441
24.744087
24.744068
24.744001
24.743979
24.743977
24.743975
24.743963
24.743961
24.743916
24.743862
24.743805
24.74378
24.743755
24.743732
24.743666
24.74361
24.743568
24.743538
24.743465
24.743412
24.743284
24.743189
24.743176
24.742916
24.742882
24.74288
24.742865
24.742859
24.742855
24.742855
24.742851
24.742851
24.742815
24.742805
24.742794
24.742773
24.742744
24.742664
24.74261
24.742558
24.742537
24.7424
24.742395
24.742367
24.742363
24.742298
24.74222
24.742205
24.74218
24.74211
24.742102
24.742094
24.742083
24.742065
24.742054
24.742048
24.742048
24.74204
24.74204
24.742025
24.741993
24.741913
24.741892
24.741892
24.741873
24.741854
24.741844
24.741827
24.741808
24.7418
24.741796
24.741796
24.741796
24.741787
24.741762
24.74175
24.741749
24.741701
24.741669
24.7416
24.741457
24.7414
24.741386
24.741385
24.74138
24.741365
24.741352
24.741293
24.741259
24.741251
24.741251
24.741251
24.74125
24.74125
24.74125
24.74125
24.74125
24.74125
24.74125
24.74125
24.74125
24.741156
24.74113
24.741127
24.741123
24.741112
24.741087
24.741066
24.741062
24.741058
24.741058
24.741058
24.741047
24.741014
24.740965
24.74094
24.740932
24.74092
24.740908
24.7409
24.74085
24.740835
24.74081
24.740807
24.740807
24.740793
24.740786
24.74077
24.740765
24.740765
24.740765
24.74075
24.740746
24.740736
24.740732
24.740713
24.740704
24.74055
24.740492
24.740448
24.740437
24.740427
24.740398
24.740376
24.740366
24.740362
24.740362
24.740358
24.740358
24.74035
24.74035
24.74035
24.74035
24.74035
24.74035
24.74035
24.740313
24.740292
24.740286
24.740248
24.740236
24.740221
24.74014
24.74013
24.740124
24.74011
24.740105
24.74007
24.740051
24.740011
24.739973
24.739946
24.73991
24.739906
24.739906
24.739891
24.739882
24.739878
24.739878
24.739878
24.739878
24.739878
24.739878
24.739878
24.739874
24.739845
24.739838
24.739769
24.739723
24.739704
24.73965
24.739622
24.739573
24.739511
24.739496
24.739471
24.739428
24.739386
24.739378
24.73936
24.739346
24.739328
24.739328
24.73931
24.7393
24.739296
24.739288
24.739258
24.73924
24.739227
24.7392
24.739178
24.739172
24.739166
24.739136
24.739096
24.738981
24.738964
24.738941
24.738615
24.738443
24.738403
24.73831
24.738245
24.7382
24.738176
24.73816
24.738142
24.737984
24.737907
24.737883
24.737875
24.737875
24.737871
24.737871
24.737871
24.737871
24.737871
24.737785
24.737764
24.73776
24.73776
24.737743
24.737736
24.737728
24.73772
24.737715
24.737707
24.737703
24.737703
24.737703
24.737703
24.737703
24.737703
24.737703
24.737703
24.737703
24.7377
24.7377
24.7377
24.7377
24.7377
24.7377
24.737667
24.73763
24.737617
24.73759
24.737541
24.73751
24.73749
24.737394
24.73739
24.73736
24.737345
24.737337
24.737303
24.737297
24.737286
24.737276
24.737232
24.737225
24.737196
24.737186
24.737186
24.737186
24.737186
24.73715
24.737131
24.737125
24.73712
24.737108
24.737083
24.737072
24.737068
24.737062
24.737043
24.736967
24.736952
24.736872
24.736778
24.736752
24.736729
24.736723
24.736685
24.736614
24.736567
24.736446
24.736378
24.736357
24.736322
24.736238
24.736206
24.736155
24.736097
24.736065
24.73605
24.73603
24.736025
24.736015
24.736
24.73597
24.735952
24.735939
24.735912
24.735882
24.735811
24.735777
24.735767
24.735735
24.73569
24.735645
24.73563
24.735619
24.735613
24.735607
24.735605
24.735598
24.735567
24.735548
24.73553
24.735518
24.735502
24.735443
24.73539
24.73539
24.735332
24.73533
24.735285
24.73521
24.735119
24.735064
24.735064
24.735064
24.735064
24.73504
24.735035
24.735027
24.734983
24.734962
24.734953
24.734945
24.73492
24.734869
24.734844
24.734838
24.734825
24.734806
24.7348
24.734798
24.734798
24.734798
24.734766
24.73472
24.734686
24.73466
24.734612
24.734575
24.734566
24.734549
24.734503
24.734472
24.734436
24.734324
24.734287
24.734251
24.7342
24.734163
24.734135
24.734118
24.73411
24.734104
24.734049
24.733938
24.733881
24.733845
24.733814
24.73364
24.733576
24.733486
24.733358
24.733294
24.733276
24.733225
24.733206
24.733149
24.733114
24.733084
24.733023
24.732971
24.732943
24.732908
24.732878
24.732853
24.732847
24.732841
24.73284
24.732838
24.732836
24.732836
24.732836
24.732815
24.732792
24.732788
24.732756
24.73274
24.732716
24.732683
24.732668
24.732399
24.732313
24.73225
24.732222
24.732214
24.732191
24.732157
24.732113
24.732082
24.732075
24.732021
24.73197
24.73192
24.731895
24.731892
24.73187
24.731838
24.731823
24.731817
24.73181
24.731804
24.731798
24.73178
24.731739
24.731712
24.73167
24.731562
24.731493
24.731352
24.731293
24.73124
24.731194
24.731146
24.731092
24.731058
24.731037
24.731028
24.731
24.73099
24.730968
24.730915
24.730896
24.730831
24.730804
24.730797
24.73076
24.730627
24.730585
24.730572
24.730566
24.730537
24.73047
24.730452
24.730448
24.730427
24.730417
24.7304
24.730396
24.730309
24.730307
24.730305
24.730284
24.730268
24.730072
24.730032
24.729948
24.729921
24.729872
24.729807
24.729774
24.729717
24.729681
24.729605
24.729559
24.72949
24.729475
24.72943
24.729351
24.729282
24.729244
24.729239
24.729237
24.729237
24.72923
24.72923
24.72923
24.72923
24.72922
24.72922
24.729212
24.72921
24.72921
24.72921
24.72921
24.72921
24.72921
24.729132
24.729109
24.729095
24.729095
24.729094
24.729092
24.729092
24.729092
24.729092
24.729092
24.729092
24.729092
24.729092
24.729092
24.729092
24.729092
24.729092
24.729092
24.729092
24.729092
24.729092
24.729092
24.729092
24.729084
24.729004
24.728975
24.728952
24.72895
24.72895
24.72895
24.728924
24.728903
24.728886
24.728863
24.728844
24.728819
24.728813
24.72881
24.728771
24.728756
24.728746
24.728733
24.728685
24.728674
24.728636
24.728588
24.728554
24.72851
24.728481
24.728436
24.728413
24.728401
24.728388
24.728327
24.728306
24.728254
24.728216
24.728182
24.72812
24.728107
24.728094
24.728086
24.728054
24.72803
24.72799
24.727962
24.727955
24.727936
24.727913
24.727903
24.7279
24.727894
24.727877
24.727873
24.727865
24.727863
24.727858
24.727854
24.727854
24.72781
24.727774
24.72775
24.727745
24.727715
24.727688
24.727667
24.727661
24.727655
24.727634
24.727604
24.727575
24.727558
24.727537
24.727495
24.72744
24.727417
24.727413
24.727383
24.727346
24.72732
24.727306
24.727293
24.727283
24.727274
24.727247
24.727232
24.727226
24.72715
24.727121
24.727041
24.72699
24.726948
24.726925
24.72692
24.72688
24.726706
24.726652
24.726576
24.726557
24.72653
24.726505
24.726475
24.726461
24.726444
24.726435
24.726418
24.726408
24.726402
24.7264
24.726376
24.726368
24.72631
24.72626
24.726141
24.726036
24.725973
24.725933
24.725893
24.72587
24.725866
24.725863
24.725859
24.725855
24.725855
24.725843
24.72581
24.725796
24.725767
24.72566
24.725546
24.72552
24.72531
24.725243
24.72521
24.72511
24.725075
24.725046
24.725039
24.724993
24.72497
24.724962
24.724958
24.724949
24.72491
24.724895
24.724876
24.724865
24.724834
24.72482
24.724804
24.724792
24.72476
24.724722
24.724672
24.724646
24.724628
24.724585
24.724566
24.72455
24.724514
24.724455
24.724384
24.724356
24.72434
24.724297
24.724268
24.724236
24.724194
24.724127
24.724085
24.724007
24.723982
24.72394
24.723917
24.72391
24.723906
24.72389
24.723824
24.723785
24.723763
24.723726
24.723686
24.723663
24.723614
24.72359
24.723576
24.72357
24.72355
24.723545
24.723541
24.723541
24.723541
24.723518
24.72351
24.72349
24.723444
24.72342
24.723358
24.723326
24.723207
24.723137
24.723106
24.723026
24.722927
24.722853
24.722834
24.722828
24.722826
24.722813
24.7228
24.722786
24.722784
24.72278
24.72278
24.72278
24.72278
24.72278
24.72278
24.72278
24.72278
24.72278
24.72278
24.722778
24.722778
24.722778
24.722778
24.722778
24.722778
24.722778
24.722778
24.722778
24.722778
24.722778
24.722778
24.722778
24.722778
24.722769
24.722666
24.722559
24.722527
24.722486
24.72246
24.722435
24.722387
24.72238
24.722364
24.722313
24.722307
24.722298
24.722273
24.722227
24.7222
24.72217
24.72213
24.722084
24.722075
24.722048
24.722023
24.721834
24.721748
24.72172
24.721659
24.721558
24.721539
24.721449
24.721407
24.721378
24.721346
24.721317
24.721294
24.721258
24.72122
24.721216
24.721209
24.721203
24.721203
24.721203
24.721203
24.721203
24.721203
24.721203
24.721203
24.721203
24.721203
24.721193
24.721169
24.721144
24.721142
24.721142
24.72113
24.721087
24.72107
24.72106
24.721058
24.721056
24.721052
24.721025
24.721014
24.721012
24.720997
24.72099
24.720987
24.720984
24.720982
24.720978
24.720974
24.720972
24.72097
24.720968
24.72094
24.720917
24.720892
24.720882
24.72083
24.720816
24.720789
24.720741
24.720686
24.720652
24.720617
24.720581
24.72056
24.720533
24.720465
24.720442
24.72043
24.720387
24.720373
24.720364
24.720354
24.720346
24.720335
24.72033
24.72033
24.720327
24.720327
24.720327
24.720327
24.720327
24.720327
24.720327
24.720327
24.720327
24.720327
24.720308
24.720259
24.720247
24.720203
