66039.25
63618.402
56709.55
47857.395
40121.145
33051.38
27288.662
22518.955
18911.504
16382.588
14596.138
13614.358
12584.009
11822.261
11134.212
10660.982
9982.595
9542.943
9095.396
8715.631
8211.2295
7804.631
7368.7275
6988.685
6763.075
6572.4277
6269.2803
6086.8735
5787.142
5528.492
5143.441
4898.306
4679.1157
4450.538
4294.9087
4116.2783
3970.7947
3809.236
3665.8782
3561.5952
3491.0117
3304.2837
3194.4006
3083.4944
3012.7556
2952.0525
2867.4812
2785.9377
2658.4724
2628.9443
2506.4895
2383.9766
2316.9187
2282.4783
2236.8494
2133.8728
2062.235
1997.0474
1949.7836
1907.7545
1846.7235
1766.4684
1749.554
1721.2141
1681.0369
1612.2411
1555.2147
1505.9359
1477.1448
1457.014
1409.6151
1381.067
1342.3489
1323.8347
1276.521
1260.5541
1232.8795
1204.783
1181.7251
1173.6412
1152.5765
1131.6733
1108.14
1093.1815
1089.0742
1066.4769
1059.2316
1038.6604
1032.9275
1017.2304
1003.86005
1001.0966
1001.0966
998.0824
992.81067
990.4694
985.98553
965.6101
947.7809
946.3288
944.8651
924.09
915.1912
907.9432
904.99774
898.557
898.557
889.638
883.4657
873.4299
856.12177
848.33264
829.1391
810.85583
810.85583
793.95526
781.48004
771.6132
766.92474
757.87714
754.0738
749.4508
743.8379
734.3731
728.2887
723.0354
718.2268
712.3855
698.0442
694.9224
693.8411
690.5897
685.6534
685.6432
685.5703
683.12604
673.9954
665.4277
658.96497
657.69293
657.69293
655.84485
653.87
653.87
653.87
650.17584
644.1036
636.3956
635.9348
635.4555
633.4051
633.4051
633.4051
629.69196
629.69196
629.64624
629.61005
629.61005
629.61005
629.3987
628.3447
628.1041
623.58136
616.62366
613.3897
609.2699
608.0817
603.3388
603.3388
602.4399
595.37244
593.4166
589.5341
586.7191
584.6467
579.6877
574.8918
568.1781
547.115
547.115
543.2765
543.2765
540.4017
540.1313
540.1313
540.08276
538.1423
536.9906
536.59454
535.4943
535.4943
535.046
533.9768
533.9768
532.17
532.17
532.17
530.36444
530.36444
528.46765
528.46765
528.46765
527.25287
524.3585
515.3009
514.7586
510.52866
504.08823
501.01984
501.01984
500.81903
500.39154
500.22797
500.1776
500.1536
497.63513
496.5856
496.30646
492.19553
491.68283
488.4492
488.44864
488.44864
486.54904
486.54642
485.5084
477.10904
474.01163
472.50943
471.9296
471.528
469.05615
469.0248
469.0248
469.0248
469.0248
469.0248
469.0248
469.0248
469.0248
469.0248
469.0248
466.50653
466.50653
466.35703
465.04953
462.57193
462.57193
460.95663
460.0906
459.5159
458.7084
458.63058
458.52216
457.39694
456.30368
456.2611
456.25162
455.55942
452.77475
452.27747
452.11066
452.0581
445.61398
445.36954
444.12717
442.4532
439.83957
435.63748
435.5727
434.26456
429.18594
427.8499
427.26602
426.7334
426.62976
426.61856
423.47058
421.64328
421.0905
420.84964
420.5455
420.06143
419.88348
418.71115
418.70975
418.70862
418.41006
416.23538
416.20126
414.01608
414.0157
411.72513
410.40704
410.31235
406.88254
406.86752
406.12387
400.65622
400.6362
398.8091
396.56885
395.43472
394.86676
394.80447
394.09006
394.06866
392.86942
392.83936
390.48087
390.48087
390.48087
390.48087
389.5333
389.5333
389.5333
389.468
389.4214
388.78278
388.78278
388.72403
388.72403
388.4749
388.4749
388.14404
388.04495
386.87228
386.81924
386.77872
384.55945
384.51276
383.16653
383.15073
383.1392
382.91275
382.88965
382.26935
382.25516
382.24396
382.23508
381.03293
377.8389
375.8554
372.19037
371.55386
367.4675
366.7917
366.79123
366.77078
366.47296
363.83026
363.8182
363.5114
363.42334
363.38492
363.38486
363.3848
363.38474
362.0128
362.0128
362.0128
362.0128
361.8215
361.8215
361.8215
361.8215
361.8215
361.8215
361.8215
361.8215
360.3304
360.0213
360.0213
359.59732
359.59732
359.59732
359.17883
359.17883
359.17883
359.17883
359.17883
359.17883
357.77472
355.6888
354.89853
354.71115
351.9251
351.3554
350.63342
350.27747
350.2629
350.2629
350.1347
348.53363
347.27408
343.68878
338.9894
337.73538
337.64496
335.5206
335.50977
335.50406
335.50146
335.50058
335.50058
335.47556
335.3671
335.32904
331.3653
329.93375
329.93375
329.7059
329.7059
326.29636
326.28592
325.60007
324.94345
324.9256
324.914
324.90646
324.1048
323.89838
323.89627
323.89487
323.89392
323.89328
323.89285
323.79672
323.79672
323.38492
322.63986
322.63986
322.63986
322.63986
322.63986
322.63986
322.63986
322.63986
321.36954
321.36954
318.4042
317.8619
317.8619
316.1321
315.98105
315.0783
312.65793
311.4778
311.4778
311.4778
311.19485
310.78073
310.78073
310.78073
306.5732
306.21286
306.21286
305.45947
305.45947
304.60892
304.50256
303.09338
302.88702
302.88702
302.88702
302.88702
302.8366
302.8366
302.8366
301.89337
301.89337
300.57968
300.57968
300.57968
299.99387
299.99387
299.99387
299.8008
299.8008
299.8008
299.8008
299.8008
299.8008
299.8008
298.40433
298.40433
298.40433
298.31332
295.02847
295.02847
292.32986
292.12
292.12
292.12
292.12
292.077
292.077
291.06424
290.22375
290.22375
290.22375
290.22375
290.05356
290.05356
290.05356
289.05942
288.81985
288.75922
288.2038
288.2038
278.91092
278.27747
278.24258
278.2196
278.16916
277.2616
277.25473
277.25006
275.7936
275.7914
275.78986
275.78207
275.58386
275.58328
275.58286
275.58252
274.34763
274.34744
274.3473
271.99353
270.59106
270.55872
270.55865
270.55722
266.62778
266.62686
266.6262
265.7158
265.5968
265.50748
264.8431
264.78522
264.7851
264.785
264.78494
263.54456
263.5445
263.52338
263.4916
263.42606
263.40424
263.39346
263.3858
263.38025
263.3762
263.3732
263.37094
263.30222
263.2523
263.2252
263.22012
263.2195
263.21906
262.9804
262.9801
262.17883
262.1781
262.04486
262.04178
262.03937
262.03748
261.35623
260.72403
260.72308
260.72235
259.49152
258.12787
258.12784
256.47067
256.14764
255.758
255.61945
254.55478
254.49405
253.89572
253.8683
253.65097
253.6381
253.62915
253.46436
252.06242
251.68748
251.68507
251.68332
251.45128
251.4503
249.51889
249.51834
249.51788
249.01817
247.61148
247.61128
247.61108
246.38768
245.77544
245.71072
245.71066
245.7106
245.67195
245.55502
245.55502
245.55502
245.40282
245.33423
245.33423
243.18068
243.18068
242.67482
241.94786
241.94786
241.94786
241.57079
241.1089
240.71669
240.71669
240.71646
238.02577
237.8355
237.8355
237.08817
237.08817
237.08817
237.08817
236.93912
236.87418
236.87387
236.87387
236.82024
236.82024
236.82024
236.78801
236.66896
236.59985
236.54913
236.51154
236.21935
236.198
236.18169
236.16913
236.1594
236.15178
236.14584
236.14119
235.75694
235.75406
235.75174
235.14682
235.14532
235.14415
235.0576
235.05685
235.05626
235.05577
235.05539
235.0551
234.40175
233.70467
233.67577
233.67577
233.67577
232.92905
232.92905
232.90099
231.81978
231.47543
230.72818
230.70587
230.42505
230.42505
230.42505
229.86583
229.86583
229.86583
229.84683
227.6739
227.65517
226.73602
225.68622
225.68622
224.78937
223.85942
223.85942
223.83365
223.43123
223.15411
222.9669
220.85678
220.49126
220.44165
220.40799
220.38492
220.3689
220.35767
220.05684
220.05107
220.0469
220.04381
219.91953
219.90628
218.5685
218.56747
218.5667
218.36934
218.30977
218.30937
218.30908
217.79593
217.79576
217.79561
217.7955
217.36604
217.36598
217.24554
217.11852
216.34633
216.34628
216.25279
216.12549
216.05673
216.05673
215.9161
215.87044
215.87044
215.87044
215.87044
215.87044
214.97064
213.89795
213.89795
213.89795
213.8973
213.77315
212.75485
212.73177
212.73177
212.73177
212.35898
211.57758
211.57758
210.17952
210.17952
210.17952
210.17952
210.17952
210.17952
209.8958
209.76471
209.70625
209.70625
209.70273
209.69563
208.6017
208.59964
208.59872
205.42842
205.32146
205.31345
205.30807
205.30446
205.30199
205.30032
205.29915
205.29834
204.61949
203.78099
203.78047
203.78008
203.77979
203.71025
203.7101
203.70996
203.57634
203.49902
203.49896
203.47794
203.41464
203.37758
203.35658
203.34535
203.3399
203.33783
203.33763
203.33763
203.3376
203.3376
203.26456
203.09053
203.08961
203.08669
203.08536
202.64537
202.64537
202.64095
199.79958
199.44307
199.44307
199.04645
198.88692
198.88692
198.88692
198.87979
197.55426
197.55426
197.55426
197.55426
197.55426
197.55426
197.55426
197.55426
197.55426
197.55426
197.55426
197.55426
196.28958
195.92647
195.92647
195.92647
195.92647
195.92647
195.92647
195.92647
195.90608
195.90608
194.97331
194.97331
194.97331
194.97331
194.05917
194.05917
192.93773
192.9321
192.77988
192.74661
192.74661
191.16585
190.9278
190.61653
190.61653
190.58844
190.50417
189.72226
189.33392
188.98105
188.97148
188.2359
188.16849
188.16579
188.06833
188.06075
188.02249
188.00986
187.88902
187.88632
187.88347
187.88164
187.88046
187.78848
187.788
187.56862
187.44164
187.4415
187.24805
187.12468
187.12465
187.1246
187.1098
187.04768
187.04768
187.04768
187.04768
187.02806
186.9707
186.94003
186.94003
186.94003
186.89795
186.89795
186.88129
186.88129
186.88129
186.54092
186.53838
186.51836
186.51723
186.49164
186.45183
186.44586
186.44307
185.08675
184.89706
184.89706
184.49834
184.49834
184.49834
183.79053
183.78668
183.7847
183.7847
183.74529
183.74529
183.2264
183.03389
183.03389
183.03389
183.03389
183.03389
183.03369
183.03337
183.03304
183.03285
183.03268
183.03255
183.03246
183.0324
183.03232
183.03226
183.00836
183.00833
183.0083
183.00824
182.89502
182.68297
182.68297
182.68294
182.68294
182.68294
182.68294
182.68294
182.5731
182.44643
182.37119
182.32767
182.30354
182.2911
182.23672
182.20172
179.94455
179.79057
179.79057
177.95946
177.9573
177.93602
177.92033
177.91977
177.91942
177.58823
177.5881
177.588
177.41508
177.41505
177.41502
177.415
177.415
177.38986
177.37778
177.3741
176.8922
176.65196
176.45128
175.5331
175.5331
174.87639
174.87274
174.0607
174.05916
174.05815
174.05751
172.57193
172.57162
172.57144
172.5713
172.57124
172.57118
172.57114
172.5711
172.57108
172.57108
172.57104
172.57104
172.57104
172.57104
171.9938
171.9938
171.86626
171.43938
171.43938
171.43938
171.43938
171.40607
171.40607
171.08061
170.45457
170.45457
169.75291
169.75288
169.50188
169.42575
169.42575
169.31117
169.31117
169.31117
169.31117
168.555
168.46736
168.46736
168.46736
168.46736
166.60493
166.01271
166.01271
166.01271
166.01271
165.45992
164.70848
164.70848
164.70848
164.70848
164.70848
164.70848
164.35994
164.30025
164.18631
163.61221
163.5634
163.36403
163.34267
163.2984
163.28877
163.2822
163.27768
161.71637
161.71416
161.7126
161.70311
161.6506
161.64998
161.64952
161.1668
159.33908
158.08621
158.08621
158.0688
158.05522
158.05522
158.04198
158.03175
158.02393
158.01787
158.01317
156.85345
156.85056
156.76796
156.71094
155.86896
155.8547
155.84962
155.8489
155.84834
155.8479
155.84752
155.84724
155.847
155.67282
155.66904
155.66695
155.30292
155.30244
155.30229
155.30226
155.30222
155.30219
155.3016
155.11237
155.11182
155.11147
155.11118
155.111
154.93408
154.71686
154.55965
154.52979
154.52979
154.52979
154.52977
154.52977
154.39581
154.39581
154.39581
154.39581
154.39581
154.19571
154.19571
154.18314
154.13052
154.13052
153.78523
153.74301
153.57741
153.57741
153.56892
153.55963
153.55498
152.67096
152.61792
151.65175
151.63902
151.638
151.54657
151.54657
151.54657
151.44547
151.04681
150.99806
150.99696
150.83675
150.24318
150.24265
150.2422
149.69489
149.3598
149.33966
149.33206
149.23274
149.15907
148.45563
148.45427
148.4542
147.72243
146.99118
146.80295
146.6955
146.69377
146.60954
146.60915
146.60915
146.60913
146.50592
146.28117
146.25684
146.25629
146.25397
145.86128
145.44342
145.4418
145.43121
145.43059
145.22075
145.18674
143.43471
142.51532
142.42424
142.08295
141.89601
141.82664
141.00171
140.96162
140.52214
140.49828
140.47968
140.3726
140.26225
140.25323
140.24612
140.24048
140.23601
140.15845
140.15561
140.039
139.85783
138.92188
138.78151
138.734
138.72527
138.7206
138.71835
138.04703
138.04672
138.04648
137.844
137.84384
137.84373
137.84364
137.84276
137.84169
137.84096
137.55435
137.55397
137.28493
137.28473
137.26064
136.78513
136.78505
136.78499
136.62135
136.62088
136.54688
136.47847
136.47845
136.40598
136.33366
136.29666
136.28041
136.27592
136.27098
136.26944
136.26039
136.19894
136.14543
136.03824
136.03777
136.03748
135.99048
135.84892
135.84892
135.37515
135.26411
134.95436
134.80511
134.64388
134.62221
134.59976
134.529
134.52757
134.52644
134.52559
134.5249
134.52437
134.52394
134.52362
134.52335
134.51686
134.50914
134.0605
133.82503
133.82495
133.82489
133.82481
133.82478
133.62325
133.60983
133.48244
133.47507
133.35152
133.3473
133.34407
132.96442
132.91826
132.6511
132.64992
132.59596
132.5689
132.56828
132.56621
132.55785
132.50002
132.44292
132.42801
131.8753
131.73477
131.68314
131.68307
131.68301
131.68295
131.57106
131.55858
131.55302
131.53728
131.1768
131.17276
131.0632
130.7945
130.73679
130.7289
130.72356
130.72264
130.72191
130.46542
130.45891
130.43385
130.16924
130.10954
130.06718
130.03682
129.97897
129.96274
129.9438
129.93471
129.80644
129.77278
129.76567
129.76254
129.53757
129.27585
129.12222
129.10527
129.10432
129.09718
129.09659
129.0641
129.0563
128.84203
128.49951
128.3321
128.30602
128.27603
128.23502
128.21301
128.20235
128.18422
128.18378
126.40864
126.40859
126.11733
126.11731
126.05814
126.033
126.026886
126.02224
126.01866
126.01591
125.98785
125.91451
125.787605
125.786575
125.78575
125.78511
125.50341
125.28037
125.17388
125.13475
125.1329
125.13273
124.644966
124.644844
124.63743
124.63644
124.627655
124.6217
124.58141
124.47781
124.46628
124.46486
124.456215
124.45083
124.409775
124.40779
124.40659
124.331345
124.33097
123.97326
123.94634
123.81022
123.81016
123.77962
123.77747
123.775826
123.77453
123.77352
123.77272
123.61053
123.54958
123.48708
123.48677
123.48652
123.428925
123.292015
123.18963
123.0899
123.05977
123.05934
123.055855
123.054344
123.05431
123.01549
122.991844
122.8348
122.80718
122.794266
122.77962
122.74545
122.72088
122.5622
122.44308
122.278694
122.26467
122.22091
121.54378
121.50518
121.265495
121.26318
121.2598
121.258835
121.2582
121.24251
121.23526
121.23509
121.23498
121.234886
121.186615
121.16305
121.153305
121.15327
121.135544
121.13551
121.12569
121.12566
120.83314
120.705414
120.705414
120.69149
120.66043
120.66042
120.64042
120.64042
120.63631
120.6363
120.6363
120.6363
120.62959
120.62282
120.62282
120.62282
120.619545
120.619545
120.619545
120.58776
120.58776
120.58776
120.58776
120.5874
120.5874
120.24785
120.24785
120.24785
120.20114
120.15791
120.13457
120.12309
120.11852
120.11746
120.11746
120.11746
120.11582
118.72491
118.72369
118.722145
118.72133
118.627304
118.626945
118.6266
118.62641
118.62608
118.62594
118.62584
118.62577
118.62571
118.62564
118.62561
118.62558
118.625565
118.62554
117.51555
117.51553
117.51552
117.51552
117.51552
117.5155
117.51549
117.51542
117.51539
117.51537
117.51536
117.51534
116.799065
116.79905
116.77693
116.619995
116.61998
116.61998
116.61998
116.61998
116.61998
116.59791
116.59791
116.59791
116.59791
116.49675
116.49675
116.49675
116.102646
115.80663
115.059044
115.059044
115.059044
114.23039
113.49142
113.40188
113.30778
113.254036
113.22523
113.20921
113.2009
113.19712
113.195946
113.195946
113.190216
113.1855
113.181915
112.85098
112.6056
112.52109
112.16719
112.16611
112.16525
112.05455
112.008385
112.00795
111.73076
111.58697
111.500336
111.44921
111.146484
111.12369
110.594604
110.44557
110.25566
110.2386
110.23271
110.076645
109.85166
109.62162
109.60506
109.54891
109.51022
109.49943
109.49125
109.08555
108.98728
108.82759
108.278244
108.11892
107.9874
107.962074
107.96091
107.959984
107.93501
107.89903
107.893585
107.89322
107.89292
107.89269
107.52326
107.52175
107.52162
107.52153
107.521454
107.52139
107.52135
107.51805
107.50697
107.363815
107.36379
107.36378
107.21127
107.211266
107.176056
107.17605
107.17605
107.17604
107.17604
107.17603
107.1646
107.1646
107.1646
107.1646
107.16459
107.16459
107.16459
107.160484
107.15921
107.15921
107.15921
107.15921
107.15921
107.06086
106.90359
106.90359
106.90325
106.901985
106.90091
106.44926
106.44904
106.44894
106.4489
106.4489
106.39167
106.39162
106.39159
106.391556
106.39153
106.39152
106.39151
106.3915
106.391495
106.39149
106.39149
106.39148
106.303764
106.30376
106.30376
106.30376
104.77434
104.77434
104.77434
104.77434
104.54495
104.54495
104.532036
104.532036
104.532036
104.36569
104.23855
104.23855
104.23855
104.23855
104.23855
104.23855
104.23855
104.17905
103.62358
103.55804
103.557274
103.557274
103.55706
103.556725
103.55649
103.55283
103.54904
103.028114
103.021194
103.00329
103.00326
103.0017
102.97076
102.94362
102.871346
102.85865
102.67348
102.054565
101.937164
101.9353
101.92058
101.685326
101.41915
101.12867
101.12788
101.126335
101.12517
100.30004
100.29934
100.261
100.26057
100.26022
100.01011
99.987404
99.97892
99.85251
99.8524
99.85194
99.51782
99.514755
99.280914
99.17312
99.17258
99.17221
99.17194
98.61389
98.61135
98.60952
98.60817
98.60717
98.60643
98.47315
97.2945
97.24309
97.21801
97.217804
96.992226
96.41785
96.41727
96.4172
96.13445
96.13445
96.06177
95.86706
95.863335
95.861084
95.85973
95.85894
95.790016
95.78978
95.75385
95.75381
95.75207
95.75207
95.75207
95.75207
95.59896
95.34769
95.3237
95.32343
95.314926
95.30987
95.3072
95.305916
95.29991
95.29984
95.29979
95.29975
95.29761
95.29345
95.29018
95.2876
94.55681
94.529785
94.5212
94.513596
94.51279
94.502106
94.49101
94.47674
94.47642
94.47614
94.27848
94.103645
94.07954
93.94031
93.9388
93.535774
93.4311
93.41628
93.41037
93.3923
93.0448
93.03515
93.02798
92.83919
92.81094
92.80782
92.80541
92.7328
92.73135
92.716675
92.71512
92.46567
92.41395
90.8704
90.87005
90.787766
90.755486
90.75532
90.75517
90.69191
90.675156
90.65356
90.64714
90.63652
90.61897
90.60639
90.597275
90.555786
90.5508
90.546974
90.54403
90.54173
90.53765
90.53468
90.532715
90.53141
90.52828
90.52769
90.52725
90.5233
90.52054
90.51921
90.51871
90.37237
90.37216
90.37199
90.37186
90.35424
90.32141
90.31656
90.31651
90.00738
90.00735
90.007324
90.0073
90.007286
89.98951
89.90964
89.8912
89.89119
89.876305
89.76999
89.722565
89.641685
89.641685
89.641685
89.641685
89.64168
89.64168
89.64168
89.64168
89.64168
89.61251
89.4127
89.4127
89.33418
89.00318
88.94364
88.867
88.64475
88.64475
88.64475
88.10561
87.27798
87.27798
87.27798
87.276855
87.16202
87.15933
87.13139
87.13139
87.050514
87.050514
87.050514
87.050514
87.050514
87.04954
87.04751
87.04751
87.04751
87.04751
87.033356
87.01183
87.01183
87.00343
86.990715
86.990715
86.94675
86.94675
86.94675
86.94675
86.83194
86.73279
86.73279
86.73279
86.651985
86.65007
86.64929
86.64929
85.80059
85.33178
85.33178
85.33178
85.30088
85.30088
85.30088
85.29945
85.298225
85.29793
85.26677
85.26677
85.2666
85.26643
85.26636
85.26634
85.26634
85.26626
85.26618
85.26611
85.26607
85.26603
85.266
85.265976
85.26595
85.137505
85.1375
85.13748
85.08785
85.08785
85.087845
85.087845
85.08236
85.08236
85.08236
85.08235
85.00594
85.00594
85.00594
85.00594
85.003876
85.003876
85.003876
85.003876
85.003876
84.9996
84.94222
84.94222
84.94222
84.941086
84.919014
84.919014
84.919014
84.919014
84.91883
84.91883
84.91883
84.91728
84.91701
84.842094
84.842094
84.842094
84.84148
84.84148
84.828476
84.828476
84.64784
84.53946
84.48641
84.48641
84.48615
84.48615
84.48615
84.35105
84.348625
84.3228
84.3228
84.30425
83.74136
83.74136
83.74136
83.74136
83.74136
83.74136
83.72985
83.661705
83.59817
83.59406
83.554405
83.554405
83.554405
83.52371
83.51765
83.4692
83.468216
83.468216
83.468216
83.468216
83.468216
83.468216
83.444145
83.41169
83.41087
82.997154
82.997154
82.997154
82.997154
82.99672
82.588524
82.588524
82.58817
82.211624
82.21072
82.20844
82.2063
82.20517
82.20463
82.20442
82.2039
82.08576
81.65308
81.652824
81.61329
81.48171
81.013954
80.72342
80.458015
80.30082
80.26346
80.19908
80.12137
80.121346
79.52678
79.52677
79.34453
79.27527
79.27526
78.97161
78.97161
78.9716
78.72175
78.72175
78.25688
78.25688
78.2418
78.2418
78.1431
78.10396
78.09412
78.09412
78.04357
77.9967
77.98288
77.98288
77.9578
77.80073
77.6449
77.63883
77.63548
77.62039
77.61962
77.61939
77.61939
77.619255
77.61915
77.6191
77.341866
77.341866
77.341866
77.32691
77.23874
77.23874
77.221054
77.22077
77.00674
76.99895
76.97841
76.962685
76.88795
76.82793
76.827866
76.82767
76.78532
76.78529
76.78527
76.7433
76.71035
76.70338
76.69835
76.69468
76.68314
76.40474
76.397446
76.39287
76.37536
76.36386
76.36155
76.360886
76.360504
76.360245
75.65792
75.65775
75.65312
75.65302
75.65294
75.65288
75.63798
75.63794
75.63791
75.63704
75.636635
75.63633
75.63291
75.63271
75.63256
75.62653
75.62643
75.56826
75.43051
75.42994
75.4299
75.40675
75.40672
75.40671
75.40669
75.40667
75.190865
75.187874
75.18787
75.18531
75.14527
75.14527
74.71822
74.55637
74.43599
74.43114
74.418526
74.39699
74.38015
74.14426
74.12954
74.1231
73.90439
73.89843
73.89299
73.89071
73.88907
73.88701
73.885956
73.88492
73.78758
73.723854
73.722916
73.72226
73.698204
73.69701
73.69681
73.69665
73.69652
73.69624
73.69598
73.69581
73.695694
73.66199
73.44246
73.41845
73.41171
73.4117
73.41147
73.290825
73.289566
73.26804
73.267456
73.06908
72.93911
72.92277
72.922615
72.51185
72.29849
72.29844
72.29841
72.29836
72.14553
72.00607
72.00606
72.00605
72.006035
72.00603
72.00602
72.00602
71.88122
71.77254
71.77239
71.77239
71.772385
71.772385
71.72671
71.7267
71.72076
71.72076
71.296394
71.013916
71.013916
71.013916
71.00848
70.8125
70.7165
70.68023
70.6381
70.629684
70.5982
70.5982
70.05429
70.03798
69.78715
69.77237
69.76169
69.74923
69.30662
69.30024
69.27632
68.952156
68.91263
68.86611
68.86349
68.86236
68.85745
68.84053
68.58859
68.58817
68.57928
68.57024
68.56365
68.55879
68.55516
68.552414
68.55034
68.54875
68.547516
68.546555
68.5458
68.54522
68.54476
67.75613
67.755844
67.755615
67.75543
67.75529
67.75517
67.241234
67.24116
67.03494
67.03489
67.03486
67.03482
67.0348
66.61014
66.49436
66.494354
66.49435
66.49434
66.49433
66.49433
66.49432
66.49432
66.49432
66.494316
66.494316
66.494316
66.305
66.23543
66.23543
66.23543
66.23543
66.23484
66.17551
66.134445
66.105705
66.085335
66.07072
66.060104
65.210205
65.2044
65.20004
65.19673
65.1942
65.19225
65.19074
64.72329
64.72237
64.70002
64.69944
64.69899
64.69863
64.69834
64.69811
64.69794
64.67191
64.6718
64.67171
64.67164
64.434975
64.43492
64.43488
64.413345
64.41332
64.4133
64.413284
64.41328
64.350296
64.35029
64.35029
64.35028
64.35028
64.35027
64.35027
64.35027
64.350266
64.350266
64.350266
64.350266
64.350266
64.26073
64.26073
64.26073
64.0956
64.050125
64.01168
63.901207
63.707043
63.707043
63.707043
63.707043
63.707043
63.707043
63.707043
63.707043
63.589977
63.517223
63.517223
63.517223
63.517223
63.517223
63.362072
63.362072
63.362072
63.356033
63.346138
63.346138
63.292843
63.292843
63.292843
63.292843
63.292843
63.291092
63.275352
63.264988
63.258118
63.253536
63.25045
63.24836
63.24692
63.107018
63.073082
63.072586
63.072227
63.071968
63.07178
63.069477
63.068672
63.068592
63.068527
63.068478
63.056767
63.055107
63.05413
62.743855
62.743847
62.74274
62.741936
62.741413
62.741066
62.74083
62.69226
62.69214
62.69206
62.692
62.69196
62.691917
62.691902
62.691887
62.677166
62.676147
62.67614
62.676132
62.676083
62.676075
62.676075
62.675423
62.669384
62.66591
62.66591
62.66591
62.66272
62.661785
62.661205
62.454082
62.45331
62.451794
62.45125
62.450485
62.338814
62.338814
62.33872
62.338642
62.1703
62.1703
62.1703
62.170017
62.019314
62.01919
62.019104
62.019047
62.018997
62.01894
62.018894
62.018852
62.018826
62.01881
62.018795
62.01878
62.018772
62.018772
62.01876
62.018753
62.018753
62.018753
62.018745
62.018745
61.913277
61.913277
61.913277
61.83975
61.01423
60.894184
60.894184
60.894184
60.62715
60.62715
60.62715
60.62715
60.62715
60.62715
60.62715
60.62715
60.62715
60.62715
60.587357
60.576477
60.52696
60.225346
60.067192
60.059322
60.05496
60.052723
60.00763
59.96895
59.91523
59.836983
59.557987
59.53179
59.530987
59.507442
59.50566
59.50419
59.458477
59.45768
59.457085
59.45664
59.30793
59.21102
59.21082
59.150524
59.075394
59.07102
59.0687
59.06863
58.874866
58.74591
58.738377
58.731117
58.72563
58.638115
58.55462
58.552135
58.550198
58.53048
58.528618
58.131977
58.06292
58.062332
58.06187
57.64905
57.648758
57.64852
57.648335
57.557026
57.509827
57.022987
57.022903
57.022846
56.567844
56.331863
56.331833
56.316555
56.316532
56.30496
56.303005
56.21479
56.214783
56.214775
56.214066
56.214066
56.214066
56.214058
56.161446
56.11138
56.081165
55.99367
55.97074
55.906155
55.87834
55.66192
55.658474
55.587048
55.02817
55.026707
55.02589
55.02525
55.008614
54.96467
54.9637
54.961052
54.959423
54.95841
54.95774
54.878902
54.819275
54.802452
54.800632
54.800583
54.79907
54.79426
54.791206
54.78928
54.788067
54.787292
54.78681
54.493282
54.493103
54.48713
54.454
54.453968
54.45394
54.453934
54.342915
54.342907
54.342907
54.34246
54.342453
54.342453
54.21502
54.14561
54.119423
54.114017
54.114002
54.113987
54.113976
54.108776
54.102634
54.102623
54.102623
54.10069
54.049686
54.037277
54.035706
54.03463
54.033897
54.03249
54.03213
54.03187
54.018314
54.0147
54.014603
54.01453
54.01201
54.011967
54.011936
54.01191
54.011715
54.0117
54.01168
53.882694
53.882687
53.88268
53.865253
53.865253
53.865253
53.865246
53.864353
53.864353
53.864353
53.864246
53.788914
53.787064
53.787056
53.787025
53.780773
53.780773
53.780773
53.389114
53.148533
53.148533
53.148533
53.148533
53.148533
53.148533
53.148533
53.148533
53.14852
52.99928
52.972996
52.972996
52.972996
52.972984
52.85168
52.777576
52.745472
52.737186
52.737186
52.737186
52.723335
52.711178
52.702072
52.695187
52.689774
52.665947
52.640644
52.627567
52.62161
52.619682
52.618446
52.599354
52.598614
52.59631
52.588676
52.58543
52.584656
51.96484
51.964653
51.94985
51.936974
51.933388
51.931328
51.924126
51.915997
51.849354
51.84932
51.849297
51.840427
51.822105
51.809258
51.800133
51.793575
51.7888
51.782124
51.7777
51.77573
51.738564
51.737415
51.736526
51.735836
51.7353
51.734882
51.734543
51.605
51.604984
51.60497
51.60496
51.604954
51.593136
51.58714
51.585217
51.39486
51.39485
51.39485
51.39485
51.39485
51.39485
51.39376
51.39376
51.393753
51.393753
51.393753
51.363342
51.363342
51.363342
51.363342
51.363342
51.36314
51.36314
51.334106
51.23667
51.23667
51.22566
51.22566
51.07063
51.070328
51.05764
51.04222
51.04222
51.04222
51.04222
50.400227
50.398544
50.32448
50.226067
50.203053
50.203053
50.168335
50.14104
50.14104
50.14104
50.14091
50.14086
50.14086
50.14086
50.14086
50.139915
50.109375
50.047565
50.042953
50.01314
49.996574
49.95668
49.934708
49.933506
49.933506
49.850082
49.850082
49.734756
49.732014
49.68689
49.667862
49.663948
49.663948
49.651943
49.64247
49.591316
49.392643
49.391373
49.381332
49.380703
49.350277
49.349266
49.349007
49.348625
49.348347
49.34811
49.34798
49.347885
49.330616
49.319744
49.312386
49.308765
49.246475
49.22684
49.20207
49.201992
49.201977
49.18511
49.14728
48.968906
48.968426
48.923016
48.86945
48.83836
48.726982
48.557327
48.5547
48.37847
47.809444
47.683525
47.683453
47.683395
47.683353
47.683323
47.665565
47.665035
47.617695
47.59442
47.588333
47.58663
47.585487
47.577324
47.561096
47.560177
47.509388
47.508484
47.508354
47.492573
47.4925
47.492443
47.446594
47.44438
46.958923
46.958908
46.957645
46.94823
46.940548
46.94054
46.94054
46.94029
46.90991
46.740467
46.72821
46.709915
46.535595
46.524616
46.51963
46.462437
46.460003
46.458286
46.45498
46.451893
46.44812
46.445705
46.44416
46.443165
46.442135
46.441402
46.420597
46.4066
46.397114
46.390804
46.386517
46.38356
46.381435
46.37998
46.378952
46.34949
46.325623
46.301205
46.29304
46.292988
46.292953
46.253185
46.21556
46.215538
46.215527
46.201942
45.91138
45.911373
45.910664
45.91066
45.910656
45.91064
45.910603
45.9106
45.9106
45.9106
45.9106
45.910595
45.90939
45.90791
45.90791
45.906143
45.904507
45.880817
45.880817
45.880817
45.880817
45.880817
45.88077
45.880527
45.88037
45.880283
45.880226
45.88019
45.880177
45.88016
45.88016
45.86823
45.86823
45.86368
45.86368
45.86368
45.86368
45.830948
45.357246
45.357246
45.308422
45.260857
45.260857
45.260803
45.260803
45.260803
45.260803
45.260803
45.21143
45.195206
45.06261
45.05938
45.04791
45.036522
45.008125
45.008125
45.00385
45.000942
44.687798
44.653324
44.637547
44.637463
44.248447
44.248447
44.23995
44.234432
44.234375
44.226727
44.22145
44.21809
44.215958
44.214607
44.194767
44.13068
44.130337
44.130135
44.129997
44.129925
44.102425
44.102417
44.102417
44.102417
43.643635
43.643627
43.30826
43.15554
43.066868
43.06686
43.06686
43.06686
43.021255
42.978855
42.97514
42.97488
42.97488
42.970997
42.95488
42.94764
42.92836
42.92483
42.924824
42.924824
42.85104
42.839897
42.83524
42.830494
42.829914
42.829914
42.827232
42.815945
42.81526
42.754704
42.74394
42.74352
42.724697
42.6841
42.661873
42.64031
42.635147
42.632164
42.631027
42.630447
42.630207
42.630116
42.62959
42.62917
42.614075
42.598648
42.586956
42.57801
42.569218
42.563946
42.351086
42.33931
42.335857
42.322407
42.27098
42.254673
42.25085
42.25006
42.24943
42.248928
42.244125
42.228504
42.228252
42.225
42.22484
42.22471
42.2246
42.220543
42.219563
42.21951
42.219467
42.219433
42.216774
42.21675
42.216736
42.21672
42.215755
42.212063
42.20945
42.187622
42.167805
42.166794
42.165894
42.163708
42.114613
42.113667
42.11304
42.099377
42.097023
42.069695
42.066544
42.06456
42.063335
42.062737
42.062122
42.0577
42.05459
42.05424
42.053993
42.053818
42.05369
42.053596
42.043705
42.043655
42.043617
42.043587
41.89551
41.895496
41.895466
41.895237
41.89523
41.89519
41.89474
41.893944
41.893135
41.892563
41.87482
41.873875
41.8736
41.872505
41.871605
41.870964
41.8705
41.870117
41.79493
41.69766
41.660305
41.6602
41.660114
41.66005
41.66
41.65996
41.659874
41.65975
41.659687
41.653904
41.65389
41.65388
41.653873
41.65387
41.65386
41.64931
41.645332
41.64278
41.64114
41.619198
41.61852
41.596188
41.595905
41.595722
41.595604
41.59553
41.595478
41.595448
41.446453
41.446438
41.446426
41.446423
41.44642
41.446415
41.446415
41.44641
41.44641
41.44276
41.44276
41.44276
41.44276
41.438313
41.428295
41.420666
41.418697
41.418697
41.0678
41.066105
41.033943
41.004025
40.993076
40.992634
40.992622
40.9665
40.966442
40.96638
40.96461
40.957424
40.957405
40.95739
40.957382
40.957375
40.956127
40.91529
40.90897
40.908104
40.876015
40.875652
40.875412
40.87019
40.87009
40.870018
40.86983
40.868664
40.868645
40.86863
40.868618
40.86861
40.868607
40.868607
40.868603
40.8686
40.8686
40.868423
40.86842
40.86788
40.867233
40.867065
40.80496
40.80496
40.80496
40.80496
40.804935
40.761387
40.761314
40.761314
40.76131
40.67517
40.64648
40.626236
40.62622
40.626217
40.626217
40.626217
40.610653
40.609016
40.559082
40.558956
40.52313
40.43539
40.375523
40.334415
40.30683
40.290695
40.281013
40.275185
40.27174
40.26679
40.264885
40.264168
40.263393
40.262653
40.253338
40.2458
40.24545
40.245182
40.24496
40.142838
40.030952
40.03084
40.03076
40.03069
40.030624
40.02794
39.880005
39.87998
39.879898
39.879883
39.87984
39.879803
39.879776
39.879753
39.854656
39.85464
39.85463
39.835304
39.828987
39.78795
39.718636
39.683617
39.677555
39.66997
39.664986
39.66027
39.65647
39.65132
39.638218
39.63697
39.63609
39.635456
39.63499
39.62237
39.622093
39.505306
39.50389
39.501957
39.497482
39.496643
39.496502
39.491123
39.47927
39.473274
39.473217
39.47318
39.473145
39.473095
39.47303
39.472862
39.472836
39.472828
39.471157
39.454124
39.447372
39.446964
39.446762
39.4467
39.07041
38.96391
38.963882
38.96387
38.96378
38.963764
38.963764
38.96376
38.897007
38.89694
38.896656
38.89646
38.89632
38.89622
38.89614
38.88383
38.88378
38.881813
38.881786
38.88177
38.88175
38.880054
38.877808
38.8778
38.877796
38.87779
38.858265
38.84156
38.84156
38.84156
38.84062
38.831577
38.82671
38.8267
38.8267
38.776527
38.724766
38.706802
38.702297
38.666103
38.63717
38.61616
38.59581
38.581974
38.575386
38.571407
38.568417
38.566154
38.565495
38.56542
38.40246
38.320103
37.944237
37.943794
37.943382
37.942226
37.939102
37.938835
37.938606
37.79151
37.791462
37.791233
37.791065
37.79105
37.790955
37.78956
37.78703
37.786148
37.78614
37.76964
37.760662
37.740562
37.739788
37.739143
37.73873
37.73841
37.736122
37.73189
37.72386
37.713215
37.705803
37.700706
37.69703
37.694496
37.511024
37.509624
37.50862
37.507847
37.50727
37.5069
37.46936
37.46905
37.46371
37.463543
37.463413
37.458275
37.43343
37.411892
37.40043
37.394955
37.3652
37.329178
37.329136
37.31594
37.307133
37.301636
37.298203
37.296085
37.294804
37.29404
37.293594
37.281933
37.274315
37.27325
37.232815
37.23281
37.23281
37.23281
37.232346
37.231754
37.23131
37.230976
37.23072
37.1461
37.07971
37.077293
37.07398
37.071976
37.070786
37.070103
36.990437
36.990242
36.884304
36.884277
36.884266
36.84276
36.810417
36.795227
36.790047
36.78987
36.78605
36.784485
36.7844
36.783432
36.78264
36.78201
36.607143
36.60676
36.60304
36.60279
36.602596
36.60244
36.602318
36.60222
36.393784
36.328472
36.294838
35.921467
35.912804
35.912804
35.9128
35.905247
35.896194
35.896194
35.896133
35.869335
35.849724
35.83521
35.824345
35.806446
35.771114
35.766304
35.761936
35.693703
35.69143
35.689648
35.688244
35.68713
35.661674
35.54659
35.546036
35.46527
35.455746
35.445267
35.428078
35.4279
35.427753
35.42764
35.34904
35.078438
35.004284
35.001293
34.943058
34.548214
34.500313
34.496834
34.49675
34.49674
34.43402
34.35164
34.31602
34.31597
34.30976
34.296593
34.018246
34.018227
34.018044
33.969837
33.907547
33.90732
33.862274
33.86214
33.7443
33.744194
33.74411
33.7358
33.725517
33.723244
33.7232
33.723183
33.714386
33.70675
33.70201
33.699078
33.697323
33.696247
33.695614
33.695267
33.695084
33.62346
33.623455
33.623447
33.55516
33.55516
33.555157
33.555157
33.555153
33.555153
33.555153
33.555153
33.555153
33.555153
33.555153
33.555153
33.555153
33.555153
33.555153
33.555153
33.555042
33.555042
33.555042
33.552532
33.552532
33.55253
33.551296
33.551296
33.551296
33.551296
33.551296
33.544136
33.544136
33.521145
33.335136
33.335136
33.28222
33.28222
33.28222
33.28222
33.28222
33.28222
33.28222
33.28222
33.28222
33.28222
33.28222
33.28222
33.28222
33.28222
33.28222
33.28222
33.28222
33.28222
33.28222
33.28222
33.22612
33.22612
33.225574
33.225574
33.178707
33.178707
33.1589
33.1589
33.14814
33.054153
33.04642
33.041176
33.037586
32.973614
32.95235
32.911697
32.910805
32.910164
32.867188
32.772274
32.77201
32.77181
32.76433
32.698376
32.69406
32.627117
32.627064
32.627018
32.626244
32.626213
32.624672
32.561337
32.55024
32.549572
32.549076
32.548695
32.526062
32.463737
32.451046
32.450912
32.390972
32.39089
32.390823
32.369427
32.341328
32.310642
32.31062
32.310596
32.28971
32.27728
32.257767
32.209507
32.203472
32.203472
32.203472
32.174015
32.14223
32.14223
32.130142
32.117905
32.064037
32.056385
32.024433
32.022614
31.990211
31.986158
31.950262
31.949364
31.949177
31.949022
31.946524
31.943443
31.94232
31.936092
31.933712
31.734074
31.73385
31.708492
31.708353
31.708252
31.58602
31.519093
31.51905
31.519022
31.519003
31.518982
31.484114
31.484106
31.431755
31.431746
31.431742
31.320398
31.175539
31.175531
31.175528
31.175524
31.142385
31.130577
31.130573
31.130573
31.130573
31.130573
31.130568
31.130568
31.130568
31.130568
31.130568
31.101633
31.09852
31.09852
31.09852
31.095135
31.078419
31.073193
31.059855
31.025635
30.977287
30.95576
30.95576
30.947548
30.710838
30.710838
30.697742
30.204866
29.919905
29.919905
29.919176
29.917866
29.847298
29.847155
29.845604
29.845604
29.845604
29.845592
29.845388
29.83727
29.807741
29.793398
29.607052
29.607052
29.606997
29.60695
29.606834
29.606806
29.606781
29.606657
29.606241
29.560005
29.559828
29.559717
29.559645
29.559595
29.559563
29.559544
29.559528
29.499418
29.499382
29.453148
29.443394
29.443394
29.44339
29.361532
29.360937
29.35566
29.35566
29.35566
29.35566
29.354362
29.354362
29.338451
29.338446
29.334238
29.3316
29.33007
29.325335
29.324894
29.324577
29.32452
29.301819
29.301704
29.301607
29.286413
29.283504
29.275969
29.275862
29.275843
29.271685
29.271671
29.271358
29.271284
29.266516
29.26468
29.262932
29.262512
29.262484
29.262444
29.261475
29.261402
29.261385
29.261202
29.261194
29.261187
29.26118
29.261177
29.261173
29.26081
29.260706
29.260702
29.260702
29.260702
29.260698
29.260698
29.260645
29.260628
29.229704
28.933464
28.93346
28.933435
28.933418
28.933407
28.9334
28.93339
28.933386
28.933382
28.933378
28.933374
28.93337
28.93337
28.93337
28.933361
28.933361
28.933361
28.933361
28.849691
28.849691
28.849691
28.849688
28.820406
28.816004
28.816004
28.816004
28.816004
28.816004
28.764278
28.750639
28.750635
28.750635
28.750635
28.750635
28.750635
28.74246
28.74246
28.74246
28.74246
28.74246
28.74246
28.74246
28.74246
28.741488
28.741488
28.740946
28.739246
28.738436
28.738148
28.738142
28.738142
28.738142
28.738142
28.738142
28.69248
28.639921
28.639921
28.63822
28.6195
28.60927
28.609127
28.609016
28.60894
28.60888
28.60883
28.608795
28.596066
28.585104
28.577877
28.573088
28.568521
28.245008
28.194496
28.19449
28.194487
28.194483
28.19448
28.097406
28.097404
28.097404
28.097403
28.03145
28.031446
28.031446
28.031446
28.031446
28.031446
28.031445
28.031445
28.020403
28.020403
28.015362
27.880728
27.876595
27.876595
27.876595
27.869482
27.869482
27.869482
27.869482
27.869482
27.868843
27.846247
27.833487
27.739191
27.590115
27.583282
27.578817
27.578512
27.470951
27.459774
27.458763
27.458113
27.398462
27.278053
27.240656
27.214975
27.18856
27.186192
27.18616
27.168444
27.131151
27.129782
27.040045
26.973606
26.929037
26.898867
26.878248
26.864002
26.854042
26.846996
26.835337
26.826984
26.81335
26.810455
26.796946
26.786186
26.78479
26.783567
26.782377
26.777035
26.776564
26.761166
26.760876
26.76065
26.760471
26.760326
26.760216
26.760021
26.759846
26.759787
26.75974
26.759705
26.757679
26.757536
26.757517
26.757504
26.75749
26.756847
26.756094
26.745022
26.744883
26.744787
26.744719
26.723738
26.723547
26.723223
26.722979
26.722786
26.72264
26.722527
26.721884
26.721813
26.72176
26.721703
26.72167
26.721642
26.721619
26.721601
26.721586
26.72157
26.69051
26.656364
26.656359
26.656353
26.523918
26.46599
26.465986
26.465984
26.465982
26.44868
26.405893
26.398823
26.398823
26.398817
26.385485
26.37203
26.340864
26.340864
26.340864
26.340494
26.340494
26.340494
26.32629
26.30504
26.29341
26.28716
26.284666
26.284079
26.284079
26.283184
26.28244
26.281878
26.281687
26.281618
26.281616
26.267874
26.267874
26.267864
26.26399
26.233229
26.233171
26.233013
26.232975
26.232944
26.23292
26.2329
26.225258
26.225246
26.216776
26.214453
26.199696
26.122938
26.114105
26.114101
26.06169
26.025856
26.016487
26.016487
26.016485
26.016483
26.01556
26.015558
26.015558
26.009472
26.009472
26.009472
25.963545
25.963545
25.963545
25.959074
25.958437
25.958437
25.958437
25.726326
25.726326
25.702946
25.673225
25.673225
25.606768
25.603886
25.572025
25.572025
25.56851
25.56851
25.554996
25.554996
25.554996
25.554996
25.554996
25.554996
25.554996
25.531588
25.531555
25.531555
25.531555
25.531555
25.531555
25.496326
25.496326
25.438826
25.42935
25.42935
25.42935
25.42935
25.3962
25.3962
25.374378
25.280342
25.280342
25.269348
25.26435
25.26435
25.26435
25.26435
25.26435
25.264246
25.20761
25.2017
25.184404
25.178503
25.167036
25.165308
25.163977
25.16294
25.16212
25.161478
25.160975
25.160572
25.159346
25.15607
25.155012
25.15485
25.154394
25.15392
25.15363
25.152082
25.152035
25.152018
25.152018
25.151867
25.15175
25.151655
25.151583
25.151525
25.106274
25.021646
25.021618
25.021595
25.021578
25.021563
24.873718
24.718496
24.718487
24.718481
24.718477
24.718473
24.71847
24.717175
24.717173
24.5782
24.5782
24.578197
24.578197
24.578197
24.578196
24.578196
24.578196
24.517372
24.512045
24.512045
24.502855
24.502855
24.249552
24.249552
24.249552
24.249552
24.249552
24.249552
24.249552
24.23723
24.229626
24.220095
24.216955
24.189524
24.17533
24.155947
24.125967
24.119495
24.115103
24.075472
24.072695
23.634111
23.605997
23.580946
23.58027
23.576933
23.57653
23.576214
23.575756
23.572853
23.5727
23.567005
23.55606
23.549416
23.486898
23.427647
23.395996
23.395317
23.389412
23.386827
23.38068
23.37799
23.377264
23.332119
23.259714
23.232475
23.22544
23.223223
23.21274
23.111189
23.110563
23.102816
23.099775
23.059233
23.042517
23.032263
23.026062
22.997047
22.989965
22.873392
22.873209
22.870266
22.87015
22.87006
22.86999
22.869934
22.869886
22.856554
22.834265
22.834242
22.834227
22.83421
22.830532
22.829508
22.827091
22.798544
22.79854
22.78759
22.787586
22.784266
22.78161
22.78002
22.709005
22.709005
22.709003
22.709003
22.709003
22.708055
22.70678
22.680223
22.68022
22.68022
22.68022
22.68022
22.66433
22.663765
22.569536
22.569416
22.569386
22.569386
22.56817
22.55905
22.54777
22.545391
22.545385
22.545374
22.54375
22.474836
22.472837
22.47153
22.470667
22.467518
22.463528
22.449154
22.44015
22.434515
22.431023
22.428877
22.427582
22.412565
21.949825
21.949577
21.949451
21.949394
21.949377
21.94937
21.94928
21.949202
21.94914
21.949093
21.948507
21.94659
21.946566
21.94655
21.946533
21.946522
21.944677
21.94467
21.944666
21.944658
21.944658
21.944397
21.944393
21.94439
21.94439
21.909248
21.880098
21.876099
21.876097
21.876095
21.876095
21.84884
21.83479
21.73425
21.730816
21.721907
21.721903
21.721724
21.721724
21.721724
21.715662
21.715532
21.715405
21.714571
21.67384
21.638914
21.616364
21.616175
21.610998
21.607553
21.60221
21.549028
21.545418
21.49392
21.49392
21.493895
21.493895
21.493895
21.49338
21.407309
21.407299
21.380642
21.36381
21.274946
21.034975
20.995512
20.995512
20.995512
20.875568
20.838892
20.554466
20.554466
20.554466
20.554466
20.554466
20.554466
20.552122
20.546349
20.54334
20.540594
20.523426
20.491486
20.491486
20.303858
20.218662
20.2031
20.20051
20.043156
20.005249
20.004456
19.998478
19.995016
19.95348
19.942722
19.935644
19.916363
19.91522
19.869299
19.83492
19.795782
19.77344
19.762094
19.708773
19.707886
19.700523
19.642965
19.642927
19.64292
19.636768
19.630213
19.626225
19.60544
19.596392
19.591099
19.589787
19.551453
19.50461
19.500975
19.498297
19.496021
19.494425
19.493095
19.43803
19.437307
19.436728
19.436285
19.43594
19.376099
19.2999
19.299734
19.2996
19.2872
19.278746
19.273378
19.26998
19.26783
19.26648
19.26563
19.256742
19.24818
19.243538
19.240942
19.23958
19.231894
19.229702
19.229666
19.229664
19.224998
19.219938
19.209833
19.20894
19.206873
19.203344
19.1988
19.190008
19.188221
19.186937
19.09647
19.096012
19.095655
19.005318
18.998827
18.99126
18.970158
18.967354
18.967272
18.96648
18.965092
18.964088
18.963352
18.962805
18.962397
18.958914
18.948154
18.942389
18.929358
18.928284
18.92787
18.926062
18.924707
18.9228
18.922028
18.911013
18.91009
18.910088
18.909573
18.909117
18.908298
18.905888
18.841795
18.83834
18.836782
18.791046
18.749113
18.747995
18.742308
18.739136
18.736177
18.734108
18.732643
18.730383
18.727547
18.725412
18.723793
18.718569
18.716692
18.715292
18.71081
18.709192
18.707998
18.707123
18.706476
18.612293
18.578623
18.578272
18.578068
18.577965
18.577915
18.577688
18.577387
18.577202
18.576973
18.576805
18.576689
18.576605
18.576494
18.562471
18.561808
18.56177
18.561745
18.52953
18.529516
18.529488
18.529415
18.529358
18.451824
18.169294
18.153048
18.152979
18.141941
18.14188
18.141825
18.141792
18.141775
18.131784
18.131775
18.116177
18.10532
18.103733
17.863745
17.863117
17.843029
17.823404
17.823296
17.823244
17.808725
17.808384
17.806414
17.80472
17.80212
17.801764
17.800615
17.80057
17.798826
17.798775
17.798693
17.795382
17.79467
17.793648
17.792772
17.79222
17.776144
17.775652
17.77532
17.7748
17.754059
17.74982
17.749601
17.741919
17.741798
17.741611
17.741459
17.741331
17.739893
17.739782
17.739485
17.739363
17.738642
17.730816
17.72907
17.712437
17.696959
17.688475
17.687971
17.687714
17.687183
17.67923
17.677622
17.675673
17.674963
17.674953
17.674946
17.560429
17.493944
17.48342
17.445549
17.429834
17.412252
17.411947
17.41174
17.360249
17.360144
17.360056
17.359991
17.355318
17.354954
17.354927
17.354305
17.353853
17.352282
17.352217
17.352211
17.352205
17.352201
17.352198
17.286974
17.28697
17.286901
17.286848
17.286812
17.27838
17.272987
17.272974
17.272963
17.272955
17.27295
17.272945
17.236532
17.192013
17.184076
17.181982
17.181978
17.158102
17.131145
17.12064
17.11986
17.119574
17.119427
17.119358
17.119337
17.11587
17.114313
17.113832
17.113453
17.113152
17.112911
17.112267
17.1108
17.110601
17.110504
17.110426
17.110365
17.110315
17.110277
17.110247
17.100233
17.07622
16.99603
16.996017
16.996008
16.995998
16.995993
16.995987
16.995983
16.995981
16.98448
16.984478
16.984476
16.982199
16.943386
16.943386
16.943384
16.921535
16.881119
16.862494
16.862492
16.856297
16.856297
16.856297
16.847113
16.843296
16.843296
16.843296
16.843151
16.796076
16.795986
16.795986
16.795986
16.795729
16.793886
16.76122
16.753445
16.75231
16.751335
16.750395
16.670866
16.486553
16.388952
16.388952
16.388578
16.336584
16.273846
16.273836
16.273798
16.273794
16.249403
16.248451
16.248447
16.243095
16.243093
16.243093
16.23904
16.239038
16.23568
16.23402
16.2334
16.233349
16.224962
16.224684
16.224043
16.223587
16.223257
16.145119
16.14494
16.128275
16.128172
16.128096
16.12582
16.122635
16.120443
16.120138
16.105228
16.038767
15.91175
15.869432
15.86691
15.845801
15.83295
15.80275
15.801265
15.801195
15.783023
15.6870985
15.682981
15.679835
15.67329
15.670206
15.668745
15.667602
15.620502
15.514151
15.512156
15.508121
15.506308
15.50581
15.50549
15.5052395
15.455255
15.455095
15.454027
15.453925
15.453844
15.453779
15.45313
15.452794
15.45276
15.452733
15.433702
15.433137
15.433123
15.43311
15.432345
15.432089
15.431957
15.301313
15.28671
15.286706
15.286642
15.21252
15.212487
15.14851
15.095898
15.031345
15.03134
15.031333
15.031329
15.029633
15.029633
15.029633
15.01698
15.015847
15.013308
15.012783
15.010659
15.01018
14.981149
14.973984
14.971699
14.970081
14.954426
14.9544115
14.954404
14.9544
14.93694
14.928526
14.921674
14.91275
14.901186
14.89765
14.895266
14.89337
14.891921
14.890781
14.889882
14.889097
14.888458
14.887956
14.887561
14.887248
14.886999
14.885838
14.8835125
14.88324
14.882468
14.881985
14.88172
14.878687
14.808337
14.80694
14.806116
14.805524
14.805056
14.804948
14.796659
14.773901
14.7691555
14.769073
14.76901
14.767852
14.767816
14.767787
14.766578
14.7665615
14.766547
14.75949
14.752494
14.749043
14.747493
14.747022
14.733659
14.732367
14.732365
14.655035
14.651367
14.626901
14.624772
14.619124
14.619124
14.615208
14.603155
14.599195
14.59906
14.595579
14.589181
14.527511
14.52569
14.524447
14.523594
14.522997
14.48534
14.484999
14.406462
14.405851
14.40546
14.405209
14.4050455
14.404742
14.400457
14.399828
14.3903475
14.389475
14.388598
14.388125
14.373266
14.372462
14.366073
14.356319
14.35328
14.352457
14.351838
14.351532
14.351407
14.324616
14.321924
14.320986
14.320316
14.319831
14.319173
14.290742
14.29037
14.290107
14.289919
14.289783
14.289685
14.289272
14.288912
14.28865
14.288381
14.287846
14.28747
14.287201
14.286887
14.286709
14.286458
14.286188
14.241748
14.241567
14.241453
14.241384
14.2413435
14.241317
14.2413025
14.2411785
14.240992
14.240989
14.221423
14.192611
14.192611
14.146594
14.146525
14.146464
14.146445
14.146445
14.1460085
14.108079
14.107919
14.107831
14.097394
14.097369
14.097369
14.096969
14.09399
14.093881
14.09386
14.09386
14.092059
14.091101
14.090779
14.0907
14.090348
14.090031
14.0897665
14.089547
14.089395
14.089286
14.089203
14.08914
14.088291
14.082538
14.079596
14.078959
14.078732
14.078676
14.078222
14.077847
14.077558
14.07726
14.077035
14.067572
14.067435
14.067293
14.067147
14.067033
14.066945
14.066876
14.050277
14.002501
14.0006
14.000558
14.000523
14.000456
14.000397
14.00035
14.000318
14.000291
13.999377
13.875212
13.875116
13.862524
13.860935
13.854282
13.854178
13.854099
13.853853
13.722536
13.557917
13.4540205
13.453849
13.436603
13.356298
13.35616
13.356047
13.341737
13.341609
13.341446
13.341363
13.2894745
13.289405
13.289308
13.287487
13.278364
13.250065
13.234034
13.232756
13.232302
13.225237
13.217148
13.192982
13.190054
13.188357
13.185267
13.185253
13.183358
13.181676
13.177061
13.167314
13.164463
13.164325
13.164097
13.163916
13.158597
13.158487
13.1584
13.144054
13.076366
13.072961
13.072916
13.064935
13.0638075
13.0511055
12.9709015
12.970883
12.970869
12.96161
12.954849
12.954833
12.954815
12.951842
12.947423
12.947405
12.947385
12.947344
12.947315
12.94351
12.943494
12.943451
12.942363
12.942129
12.9379225
12.936507
12.936464
12.93643
12.936385
12.936326
12.935207
12.935172
12.935148
12.935111
12.935062
12.934572
12.934524
12.934487
12.934461
12.934272
12.932092
12.931366
12.930943
12.930457
12.930331
12.930273
12.930251
12.922392
12.922363
12.922242
12.918758
12.918758
12.912154
12.9117775
12.911155
12.904898
12.898859
12.888964
12.863593
12.859146
12.828401
12.818454
12.760449
12.753717
12.747016
12.746697
12.744842
12.7426195
12.740915
12.720535
12.718719
12.7179165
12.717286
12.716792
12.716399
12.71609
12.715844
12.715649
12.714556
12.714434
12.7143345
12.714254
12.7040615
12.704011
12.703956
12.703923
12.6934805
12.692977
12.692429
12.692127
12.691972
12.680947
12.680928
12.6809225
12.680919
12.657218
12.657216
12.657212
12.657099
12.637614
12.6375265
12.637457
12.637403
12.637359
12.637325
12.637296
12.637272
12.637254
12.637239
12.637227
12.6345215
12.632087
12.586492
12.572285
12.572283
12.475843
12.475843
12.4758415
12.4758415
12.474905
12.474903
12.46075
12.46075
12.459211
12.457733
12.455657
12.432624
12.431901
12.427774
12.427764
12.427764
12.397094
12.385257
12.34285
12.342711
12.306888
12.305133
12.30308
12.301869
12.30118
12.300803
12.300616
12.30054
12.300523
12.300422
12.166639
12.143389
12.139082
12.07753
12.075568
12.064133
12.043753
12.043743
12.038168
11.957964
11.956538
11.9490595
11.948379
11.947973
11.947971
11.947164
11.94623
11.945742
11.94544
11.944425
11.944136
11.94393
11.94378
11.943669
11.930271
11.929448
11.929205
11.929055
11.929027
11.929004
11.928771
11.928757
11.91406
11.908027
11.906464
11.904846
11.904836
11.90483
11.90015
11.900134
11.899907
11.898828
11.897165
11.894176
11.88857
11.888548
11.888517
11.888328
11.887927
11.883218
11.879804
11.876459
11.8694315
11.869334
11.866176
11.865586
11.865526
11.84802
11.847937
11.847779
11.847635
11.842504
11.84173
11.836747
11.834207
11.834067
11.833508
11.832789
11.792751
11.754233
11.750507
11.750279
11.7338915
11.733719
11.725675
11.692376
11.682986
11.682911
11.682834
11.682773
11.682722
11.682654
11.682573
11.682502
11.668192
11.65151
11.631506
11.630717
11.630646
11.60538
11.586263
11.579036
11.57688
11.57681
11.575282
11.571696
11.565568
11.564925
11.55694
11.556849
11.556775
11.538924
11.538768
11.538594
11.538128
11.537977
11.537182
11.522101
11.48432
11.4239855
11.404975
11.38602
11.379739
11.379691
11.375591
11.35965
11.3593445
11.359316
11.354548
11.3517885
11.349549
11.3398485
11.327393
11.326782
11.326084
11.318531
11.292677
11.289697
11.280661
11.280419
11.280411
11.276425
11.273385
11.270312
11.269901
11.251493
11.25056
11.2467165
11.232965
11.224782
11.22455
11.224374
11.22371
11.220671
11.219289
11.218034
11.203082
11.193166
11.191058
11.190818
11.190656
11.179625
11.177366
11.147497
11.146007
11.1451435
11.144501
11.10798
11.10144
11.100572
11.100356
11.100189
11.078233
11.072095
11.069013
11.066187
11.065204
11.064933
11.063279
11.053745
11.053414
11.052275
11.042769
11.036383
11.033805
11.0268
11.025596
11.02476
11.024139
11.022711
11.021692
10.991425
10.962556
10.957234
10.957107
10.957005
10.956927
10.95685
10.954645
10.9546
10.954568
10.954541
10.954518
10.954502
10.954439
10.954427
10.954417
10.954409
10.954403
10.91859
10.9180565
10.864353
10.8152685
10.815267
10.76911
10.747371
10.709042
10.708714
10.70847
10.708287
10.707672
10.700762
10.70068
10.700611
10.691311
10.686128
10.686097
10.674154
10.6735735
10.6733265
10.673314
10.673018
10.672695
10.6726885
10.672657
10.672619
10.672611
10.672609
10.672607
10.6726055
10.672323
10.672168
10.672165
10.6720915
10.662167
10.662165
10.662164
10.662164
10.655431
10.655315
10.654953
10.654952
10.654952
10.654952
10.654661
10.6543255
10.65038
10.647467
10.616744
10.616613
10.608765
10.598895
10.592698
10.592648
10.592607
10.576896
10.576872
10.576849
10.558081
10.550051
10.55004
10.550033
10.53972
10.531962
10.529807
10.529805
10.529801
10.529799
10.529798
10.529798
10.529796
10.529796
10.529794
10.52645
10.521795
10.519204
10.517855
10.517149
10.516724
10.516474
10.516331
10.516253
10.516215
10.515072
10.51507
10.4304
10.4304
10.430158
10.429494
10.429352
10.429258
10.429199
10.42916
10.429136
10.429104
10.429079
10.429059
10.429045
10.42903
10.429022
10.428971
10.428835
10.428829
10.31986
10.319844
10.319842
10.31984
10.319839
10.319837
10.319837
10.319835
10.319835
10.319826
10.319826
10.319826
10.319824
10.319824
10.319307
10.319307
10.319307
10.319307
10.319307
10.319297
10.319297
10.319297
10.319297
10.319297
10.319297
10.319297
10.319297
10.319297
10.318146
10.318146
10.318146
10.31735
10.314433
10.314433
10.314433
10.313462
10.3133545
10.303031
10.303031
10.303031
10.300946
10.2953205
10.294735
10.294554
10.294439
10.294254
10.293998
10.293893
10.293872
10.2938595
10.29366
10.292672
10.292529
10.292418
10.29233
10.292261
10.292206
10.292163
10.292129
10.292102
10.29208
10.292062
10.282883
10.271565
10.268649
10.268641
10.264794
10.26479
10.264786
10.264782
10.26478
10.257071
10.241473
10.241473
10.240975
10.234289
10.231466
10.230475
10.229361
10.223705
10.208263
10.207928
10.207666
10.207461
10.207302
10.207175
10.175644
10.168546
10.1684675
10.167431
10.167348
10.160546
10.158854
10.133513
10.086416
10.071876
10.071866
10.071857
10.058752
10.058747
10.057844
10.057764
10.057746
10.057736
10.0576725
10.0574665
10.057325
10.057115
10.051927
10.050497
10.050441
10.050403
10.05014
10.044043
10.011957
10.011891
10.011785
10.011783
10.011718
10.011393
10.007085
10.007
10.006937
10.006887
10.001216
9.995851
9.992382
9.990129
9.988661
9.9877
9.495149
9.494732
9.494455
9.494267
9.494142
9.494056
9.493998
9.493957
9.493926
9.492596
9.48911
9.488309
9.488288
9.481398
9.481391
9.469622
9.46962
9.469618
9.469616
9.469614
9.469575
9.469575
9.469573
9.469571
9.468572
9.415496
9.415496
9.415496
9.415356
9.415356
9.415354
9.414849
9.414849
9.414849
9.414846
9.414846
9.413081
9.413081
9.413081
9.413079
9.413076
9.413076
9.413076
9.413076
9.413076
9.413076
9.41299
9.412983
9.412981
9.407508
9.407508
9.407508
9.405515
9.404644
9.404642
9.404603
9.404601
9.40447
9.40426
9.402459
9.402176
9.401743
9.401494
9.401362
9.396067
9.3950205
9.357629
9.357611
9.357561
9.337343
9.337312
9.337287
9.337268
9.337254
9.337241
9.336485
9.335644
9.335189
9.334965
9.334875
9.334008
9.334005
9.334003
9.333953
9.333909
9.333889
9.33388
9.333879
9.333879
9.3338785
9.305103
9.305101
9.3050995
9.300847
9.300846
9.300845
9.300844
9.298346
9.298345
9.298344
9.298254
9.298253
9.292526
9.292526
9.2699995
9.269999
9.266933
9.266933
9.265773
9.265773
9.265773
9.265773
9.262392
9.257616
9.257197
9.256536
9.244196
9.242752
9.241764
9.239938
9.239529
9.239256
9.235322
9.231126
9.229829
9.224275
9.219754
9.216636
9.1925335
9.162049
9.147272
9.145196
9.145189
9.145185
9.141002
9.136723
9.135086
9.130704
9.121446
9.117011
9.115384
9.091641
9.087443
9.073756
9.06184
9.05884
9.057737
9.056412
9.054201
8.923844
8.809195
8.640176
8.640142
8.632487
8.631032
8.624894
8.6233635
8.605313
8.594299
8.59397
8.593735
8.591368
8.569544
8.568633
8.5639925
8.561199
8.5432415
8.526275
8.521041
8.519729
8.515302
8.512676
8.510927
8.509208
8.494167
8.492807
8.49232
8.490765
8.489622
8.488388
8.487718
8.4875345
8.487315
8.484998
8.48495
8.484914
8.48367
8.483648
8.479773
8.479757
8.477685
8.475942
8.475191
8.47498
8.472539
8.448892
8.433172
8.43317
8.433168
8.433094
8.433091
8.432601
8.4326
8.432599
8.432599
8.431914
8.431914
8.429299
8.428638
8.428638
8.4251995
8.4251995
8.406062
8.406062
8.406062
8.406062
8.405126
8.402777
8.401697
8.400973
8.400483
8.400148
8.399917
8.396267
8.392632
8.372976
8.3721485
8.371736
8.234082
8.234053
8.234035
8.206996
8.206545
8.206536
8.206419
8.194147
8.160673
8.149905
8.149894
8.149118
8.1491165
8.149116
8.1489935
8.148787
8.148641
8.14194
8.141805
8.140955
8.139536
8.138584
8.138201
8.137902
8.137511
8.137115
8.136114
8.069526
8.066321
8.065313
8.065256
8.065211
8.065176
8.061667
8.057109
8.053508
8.051264
8.049304
8.047336
8.04603
8.045152
8.044541
8.044089
8.043741
8.043447
8.043204
8.042193
8.042059
8.041952
8.041567
8.041499
8.041446
8.041402
8.041368
8.04134
8.041318
8.040864
8.04085
8.040838
8.04083
8.0397215
8.039579
8.039576
8.039572
8.039569
8.039567
8.03813
8.038129
8.038128
8.038047
8.037992
8.037956
8.037934
8.037921
8.037911
8.037907
8.037904
8.037901
8.0379
8.037769
8.037769
8.035817
8.035796
8.035795
8.035794
8.035794
7.967306
7.967305
7.967305
7.967305
7.967305
7.967305
7.967088
7.967088
7.967088
7.967088
7.967088
7.967088
7.967088
7.967019
7.966887
7.939176
7.9000983
7.9000983
7.9000983
7.9000983
7.8888483
7.8858504
7.8827314
7.8827314
7.87731
7.8748794
7.8748794
7.8748794
7.8303823
7.8303823
7.8263745
7.824428
7.788558
7.788558
7.7882905
7.7878256
7.7877197
7.7877197
7.787692
7.7873607
7.7873607
7.787023
7.787023
7.7759776
7.7749643
7.7749643
7.774774
7.7744417
7.7435985
7.721976
7.6940417
7.6723876
7.6723876
7.6723876
7.6723876
7.6723876
7.6679645
7.6506085
7.6493783
7.6493287
7.6492877
7.6492047
7.6491423
7.64881
7.6483703
7.6411786
7.6381254
7.636866
7.6366434
7.6305676
7.6274962
7.6267962
7.622295
7.619148
7.616988
7.614505
7.6134124
7.61262
7.6118956
7.6114645
7.61114
7.6108956
7.6107087
7.610564
7.610452
7.610366
7.6102967
7.6102033
7.6101613
7.610128
7.610101
7.61008
7.6100626
7.6100507
7.566638
7.5530925
7.553086
7.55308
7.5404286
7.5404253
7.521502
7.5214996
7.521498
7.5214963
7.5214953
7.514764
7.5147495
7.5140505
7.5098124
7.4669976
7.4529567
7.4410186
7.441016
7.4410152
7.440874
7.440874
7.440874
7.440873
7.4408283
7.440809
7.439492
7.4264593
7.398789
7.3967075
7.39226
7.391471
7.3914104
7.390733
7.390626
7.3897953
7.389084
7.388528
7.3881845
7.3879623
7.3878646
7.387825
7.384311
7.383903
7.249946
7.249686
7.249664
7.2495527
7.249451
7.249368
7.2493167
7.2469
7.2467184
7.24658
7.2454557
7.199111
7.1853175
7.069287
7.066399
7.0644093
7.064283
7.0642395
7.064084
7.059568
7.05556
7.0555434
7.0555086
7.0543447
7.053679
7.053317
7.0291433
7.0290685
7.0289874
7.028907
7.028894
7.028878
7.0189548
6.998314
6.9901743
6.98902
6.9887295
6.9886293
6.978368
6.9774494
6.9774036
6.977286
6.977202
6.9740844
6.9713373
6.969504
6.9682703
6.96739
6.9666934
6.966288
6.9659553
6.965751
6.963906
6.9574738
6.9573455
6.955844
6.9557433
6.9556556
6.955613
6.955591
6.951594
6.9515715
6.9515424
6.9515195
6.951489
6.9435425
6.94258
6.9420266
6.942024
6.9420223
6.9344954
6.9243317
6.9243307
6.9228163
6.9228153
6.9227886
6.922336
6.917866
6.913523
6.9133086
6.9092245
6.908786
6.903285
6.902422
6.902422
6.9013352
6.8967505
6.891583
6.891543
6.8914022
6.8868647
6.860232
6.860232
6.859553
6.8595524
6.8588085
6.8583055
6.858305
6.858305
6.8583045
6.8572445
6.85334
6.8502555
6.8497677
6.849737
6.846682
6.8315525
6.831503
6.826016
6.825999
6.825997
6.825995
6.795181
6.7934566
6.7927117
6.792692
6.792668
6.792649
6.7923265
6.7904124
6.789663
6.788158
6.7875113
6.78379
6.7794743
6.774033
6.7728105
6.772448
6.7708883
6.770808
6.747168
6.7380967
6.7379665
6.732069
6.7313843
6.7313566
6.731335
6.7066264
6.7050843
6.7020288
6.7020044
6.6967177
6.696702
6.696686
6.6966686
6.6919727
6.6915975
6.691347
6.6913424
6.691217
6.691097
6.6910024
6.6909304
6.690874
6.6908293
6.690795
6.6907673
6.689051
6.6857963
6.685782
6.68239
6.6792703
6.6777396
6.676891
6.6634455
6.6599727
6.6528387
6.6492023
6.645461
6.6361704
6.6351495
6.6338897
6.6327844
6.631966
6.6313534
6.6295094
6.628814
6.626225
6.624191
6.6183887
6.61734
6.615585
6.564461
6.5636306
6.563211
6.5630317
6.562955
6.5629034
6.5628686
6.5628443
6.562828
6.557349
6.5506635
6.550456
6.5503016
6.550185
6.550097
6.55003
6.549978
6.5499034
6.54949
6.5492153
6.54596
6.545836
6.5457516
6.5456934
6.5456533
6.5456243
6.545604
6.54559
6.545579
6.540712
6.54015
6.5340858
6.5340834
6.5322275
6.532226
6.5313168
6.530707
6.5307064
6.530087
6.529848
6.5290685
6.528394
6.527774
6.5277166
6.5277166
6.527716
6.5257277
6.4842896
6.4819055
6.4250617
6.4250116
6.4249725
6.4249415
6.4249167
6.423287
6.4218845
6.4211965
6.4196386
6.4191694
6.4190125
6.4190073
6.3826957
6.3826923
6.324641
6.324511
6.324438
6.3243957
6.324377
6.32437
6.321519
6.3213754
6.321365
6.321357
6.3068075
6.306238
6.305982
6.2975683
6.294893
6.2948914
6.29489
6.294889
6.294884
6.286494
6.266737
6.2644086
6.2632647
6.26217
6.260576
6.260213
6.2602115
6.2601166
6.250854
6.250854
6.2508235
6.2501864
6.2493067
6.2486563
6.2480793
6.2476134
6.2461343
6.2460446
6.246031
6.2460294
6.2460284
6.245953
6.245896
6.243309
6.2297125
6.2297072
6.2297025
6.2293353
6.2291665
6.229077
6.228824
6.2284226
6.2282763
6.228183
6.2281218
6.2124987
6.2124734
6.212455
6.212443
6.2123895
6.2083
6.1985936
6.1916685
6.18811
6.1483717
6.14615
6.1337767
6.125978
6.123364
6.123213
6.1231313
6.1230483
6.1229944
6.117705
6.1107297
6.100403
6.094953
6.091046
6.088209
6.08612
6.0845704
6.083407
6.082525
6.08185
6.0813303
6.080927
6.0806117
6.080366
6.080172
6.079929
6.0782657
6.077675
6.0776315
6.0772076
6.076883
6.0765586
6.076311
6.0761228
6.0759764
6.075864
6.0757747
6.07557
6.075038
6.074714
6.074262
6.073863
6.0735717
6.0732656
6.0731497
6.0729523
6.0723577
6.0722265
6.0718007
6.071458
6.0617843
6.0603156
6.0600967
6.0598555
6.0597105
6.0593877
6.058967
6.0582843
6.0579476
6.0578437
6.0578113
6.057796
6.057759
6.0576496
6.055738
6.0556493
6.055591
6.055554
6.055482
6.0554185
6.0553727
6.0553384
6.0553136
6.0534925
6.0533795
6.0532956
6.0531855
6.0530925
6.0525165
6.052386
6.0497885
6.049706
6.0496454
6.048144
6.0469513
6.0468917
6.0468493
6.0468154
6.04679
6.0467706
6.0467553
6.046359
6.046161
6.0038705
6.003855
6.0037227
6.003652
6.003646
5.994929
5.994928
5.994908
5.994907
5.994907
5.994907
5.9949064
5.9949055
5.9949036
5.9948735
5.994873
5.9948664
5.9948664
5.993477
5.984233
5.984233
5.984233
5.9841795
5.984054
5.9840236
5.983976
5.983966
5.983966
5.9839015
5.9838104
5.955255
5.954095
5.954064
5.9540186
5.9525127
5.950463
5.950442
5.9504256
5.9492273
5.948849
5.9486094
5.948267
5.948191
5.9481525
5.9481354
5.908237
5.9081655
5.908119
5.90808
5.908035
5.907603
5.9067507
5.906265
5.90563
5.8782606
5.8491144
5.8326387
5.823817
5.819541
5.8154287
5.8152575
5.8152523
5.8152494
5.815249
5.815248
5.8152475
5.8152423
5.8132353
5.8113127
5.8097763
5.80841
5.807398
5.806195
5.805354
5.8048854
5.8044906
5.802516
5.80227
5.802076
5.801919
5.801796
5.8016977
5.8016195
5.8015566
5.7851243
5.7714205
5.7713895
5.7713637
5.7713428
5.7713256
5.771312
5.7713017
5.768977
5.768334
5.768327
5.7683234
5.767769
5.7670946
5.757642
5.7576394
5.7549367
5.7549214
5.7549195
5.752415
5.7510777
5.7510757
5.7510743
5.739697
5.7389417
5.738356
5.7380214
5.736119
5.735966
5.7336903
5.733481
5.7334304
5.733394
5.733126
5.7312427
5.729853
5.728482
5.7279034
5.727366
5.7273583
5.72734
5.7273326
5.7271934
5.7269144
5.7258043
5.725154
5.724713
5.72441
5.7242002
5.7239485
5.723842
5.7237287
5.694981
5.6947107
5.6945276
5.6944013
5.6943145
5.6942525
5.694207
5.6934175
5.6933923
5.6920543
5.689591
5.6884584
5.688089
5.688081
5.6874137
5.675364
5.675042
5.674826
5.6742873
5.672504
5.6724954
5.653813
5.6534853
5.6531954
5.6470532
5.6470485
5.647043
5.647036
5.647031
5.6470265
5.645857
5.6432443
5.639688
5.639373
5.638571
5.638065
5.63775
5.6375537
5.637433
5.637359
5.6199865
5.6184754
5.6184583
5.6184454
5.6184363
5.6184287
5.6165094
5.613253
5.6132417
5.6132326
5.6132197
5.613197
5.6131625
5.613131
5.6130986
5.613073
5.611485
5.6107955
5.609731
5.6096888
5.609673
5.6096616
5.608876
5.6085086
5.6081758
5.607112
5.607037
5.606954
5.604967
5.5849404
5.4951215
5.495107
5.4950924
5.4950805
5.495071
5.4950633
5.4950314
5.4950156
5.4949617
5.4948893
5.49484
5.491383
5.463058
5.45354
5.4534073
5.4533143
5.4532623
5.452932
5.446723
5.4451885
5.445171
5.445144
5.445137
5.44296
5.4429326
5.44286
5.441431
5.4400806
5.4400253
5.4283094
5.4282727
5.4282203
5.428132
5.4248075
5.406092
5.4048095
5.4019957
5.3916397
5.3848515
5.3840394
5.3837514
5.3835735
5.3834705
5.3703837
5.37034
5.370088
5.3699784
5.3699007
5.3698444
5.3691907
5.3663797
5.3662844
5.3662333
5.366196
5.3661704
5.36615
5.364136
5.3585744
5.355136
5.352493
5.3407063
5.3406706
5.340645
5.3401494
5.324789
5.306786
5.306699
5.3041153
5.3028727
5.3028436
5.302603
5.2979403
5.2979145
5.2976785
5.296759
5.295489
5.2929826
5.2912135
5.28995
5.2890143
5.284903
5.280813
5.2796583
5.279374
5.2791123
5.27893
5.2761283
5.27556
5.275474
5.274722
5.272975
5.272933
5.271898
5.2713
5.271276
5.271258
5.2712383
5.2710204
5.270766
5.270585
5.270432
5.270327
5.2702546
5.2702026
5.270165
5.270095
5.269829
5.2698116
5.2697983
5.2697887
5.26978
5.26977
5.2697597
5.2697215
5.2695136
5.2695103
5.2695084
5.2695055
5.2695026
5.258646
5.2586446
5.2586436
5.2586417
5.25864
5.2586374
5.258637
5.258636
5.2586355
5.2586336
5.258632
5.246923
5.246921
5.2332215
5.228643
5.224825
5.2247205
5.22452
5.224377
5.2243266
5.2243266
5.2243257
5.224325
5.2243247
5.2243037
5.2243032
5.2008276
5.200827
5.2006435
5.2005343
5.2005005
5.2004924
5.2004924
5.194048
5.194048
5.1940393
5.194006
5.1939826
5.193959
5.193927
5.193927
5.193927
5.193887
5.193401
5.19135
5.1913133
5.1913133
5.1913133
5.1913133
5.1913133
5.191188
5.190993
5.1908755
5.190617
5.190512
5.1901407
5.190032
5.1900287
5.1900287
5.1900277
5.1900277
5.189959
5.1899276
5.1899214
5.189877
5.189844
5.1898227
5.1898084
5.184977
5.1849713
5.184966
5.184959
5.1849537
5.184949
5.1849456
5.1819825
5.1819806
5.181757
5.181756
5.181755
5.181754
5.181743
5.170695
5.170695
5.170682
5.157427
5.157427
5.156199
5.154005
5.154004
5.154004
5.153659
5.153659
5.1522765
5.1517086
5.148618
5.135536
5.135536
5.1352615
5.1352463
5.1352463
5.1352463
5.1352463
5.135198
5.135198
5.135198
5.135198
5.135198
5.135198
5.135141
5.135141
5.1351404
5.1351404
5.1351404
5.134477
5.1338897
5.133359
5.1325765
5.1324773
5.1324625
5.1318035
5.1314178
5.13122
5.1311884
5.131188
5.131117
5.131072
5.1310716
5.131049
5.1309934
5.130958
5.130946
5.1309366
5.1309304
5.129466
5.129463
5.129461
5.129457
5.1293845
5.129377
5.1293736
5.129371
5.12937
5.1293635
5.129363
5.129363
5.1293626
5.129357
5.129351
5.129317
5.1293154
5.129314
5.1293135
5.1293135
5.129313
5.129312
5.129311
5.12931
5.127465
5.127462
5.12746
5.127458
5.1274567
5.127456
5.1274557
5.127455
5.1274543
5.1274543
5.127454
5.113343
5.1119666
5.111966
5.111966
5.111966
5.111966
5.111966
5.111966
5.111966
5.1117826
5.1117826
5.1013
5.100917
5.100917
5.100917
5.100917
5.1006413
5.1006413
5.1006413
5.1006413
5.096719
5.096719
5.096719
5.096719
5.096613
5.096613
5.096572
5.096552
5.0965486
5.0965486
5.0964904
5.0838656
5.08386
5.0838556
5.0838537
5.0838523
5.083852
5.082248
5.0820127
5.0820117
5.082011
5.082011
5.0819716
5.0818887
5.081888
5.081888
5.0818877
5.0818877
5.0818877
5.0818877
5.081857
5.081827
5.0818176
5.081817
5.081817
5.081817
5.081817
5.081817
5.0818167
5.081807
5.0818043
5.0818043
5.0818043
5.081792
5.0817814
5.0817814
5.0817814
5.0817814
5.0817814
5.081781
5.081781
5.081781
5.081781
5.0800166
5.0800157
5.080015
5.0577025
5.0272074
5.0272074
5.0272074
5.0272074
5.0272074
5.027207
5.027207
5.027207
5.027207
5.0272064
5.0272064
5.0272064
5.0272064
5.0272064
5.0271664
5.027155
5.027155
5.027155
5.002068
5.0020175
5.001979
5.001949
5.0019255
4.998004
4.9948916
4.993223
4.969747
4.9432797
4.9432745
4.9380383
4.9380345
4.935561
4.9338512
4.9331446
4.933078
4.933077
4.933031
4.928611
4.9245505
4.921869
4.9096055
4.9082727
4.9074354
4.906886
4.8995876
4.8993235
4.899137
4.8990045
4.898908
4.8988376
4.898753
4.898676
4.898621
4.8985825
4.8985543
4.898534
4.898519
4.8985076
4.898269
4.8982625
4.8982577
4.8982415
4.898227
4.898225
4.898223
4.898219
4.898212
4.898209
4.898207
4.8982067
4.8982043
4.898203
4.8982024
4.898202
4.8982015
4.898201
4.898201
4.898201
4.898201
4.8982005
4.8982005
4.8982005
4.8981996
4.898199
4.8981986
4.898198
4.8981977
4.8981967
4.898196
4.8981953
4.8981953
4.8981953
4.896371
4.87943
4.87943
4.8794293
4.8794293
4.8794293
4.8794293
4.8794293
4.8794293
4.8794284
4.8794284
4.8794284
4.8794284
4.879428
4.8794274
4.878709
4.8780293
4.8780293
4.878029
4.878029
4.878029
4.878029
4.878029
4.8780284
4.877539
4.877539
4.877539
4.8772116
4.877035
4.877035
4.876969
4.876266
4.8762655
4.8762655
4.8762655
4.8762655
4.8762655
4.8762655
4.8762655
4.876265
4.876169
4.8758135
4.875794
4.875794
4.8757935
4.8757553
4.8695498
4.86952
4.8694983
4.8541017
4.8117323
4.797569
4.797569
4.7023954
4.606549
4.587587
4.581484
4.5807414
4.505025
4.505025
4.5046763
4.504227
4.5037026
4.4812865
4.481199
4.481179
4.475425
4.474509
4.4744215
4.474353
4.4742985
4.474217
4.472568
4.41926
4.4156885
4.4078746
4.384952
4.3847575
4.384714
4.3813343
4.3813095
4.3810983
4.3810368
4.381026
4.380979
4.38072
4.3806987
4.3806653
4.380321
4.379567
4.3786473
4.378646
4.3058386
4.3044086
4.3018093
4.2980833
4.2738237
4.272331
4.2714877
4.2707663
4.2701554
4.269814
4.259794
4.254991
4.237884
4.234515
4.2344885
4.234472
4.2342286
4.233799
4.2334843
4.226203
4.220655
4.213185
4.2110257
4.209795
4.209065
4.185402
4.1853433
4.1851616
4.185134
4.1850343
4.1848016
4.1845503
4.1844387
4.1844063
4.1843925
4.16584
4.1658344
4.1656423
4.16564
4.165639
4.1656375
4.165637
4.1653733
4.164738
4.1643763
4.164181
4.164085
4.1634135
4.1623874
4.1617045
4.149874
4.143583
4.143125
4.1429067
4.1428204
4.1428
4.1428
4.1427503
4.1426916
4.1426516
4.1426244
4.142586
4.142499
4.1405234
4.140517
4.1404214
4.1402903
4.1400704
4.139953
4.139896
4.139875
4.1398726
4.139722
4.1396575
4.139657
4.1396565
4.1396284
4.1361117
4.1324716
4.1296563
4.129251
4.129251
4.1285977
4.127622
4.1269436
4.126486
4.1261907
4.124415
4.1243033
4.122364
4.1223154
4.122283
4.1221423
4.1218815
4.1218715
4.121865
4.12186
4.121856
4.1218543
4.121852
4.121851
4.12185
4.1201415
4.120141
4.0167785
4.0167785
4.0162077
4.0151424
4.014311
4.0012455
4.0012236
4.000854
4.000854
4.000854
3.9950616
3.9950616
3.9950616
3.9946961
3.9944403
3.9942753
3.9941685
3.9940999
3.994055
3.994026
3.994007
3.9939945
3.9936078
3.9920645
3.977723
3.9739678
3.9596887
3.9547567
3.9532132
3.953157
3.9519868
3.9359512
3.9334562
3.9009101
3.886658
3.8866305
3.8768716
3.871956
3.859803
3.8589363
3.8577821
3.8577697
3.857749
3.845103
3.844513
3.8431008
3.8347847
3.8347847
3.834559
3.834559
3.834559
3.834559
3.8336883
3.8328109
3.8323858
3.8322234
3.827035
3.8265736
3.8252375
3.8252127
3.8251746
3.8245397
3.8242152
3.8240254
3.823972
3.8239527
3.8239462
3.823933
3.8236513
3.8222816
3.8216317
3.8212602
3.820735
3.8203003
3.818364
3.816439
3.8161886
3.8150966
3.8147933
3.813525
3.8131592
3.813127
3.8127382
3.8106778
3.8105912
3.8105798
3.8091576
3.8080204
3.8080146
3.8072371
3.8070436
3.8068962
3.806501
3.8064826
3.8043296
3.8043199
3.7929702
3.7852755
3.7852702
3.7847686
3.7847657
3.78156
3.7685652
3.7657025
3.7654889
3.7643154
3.763386
3.7631922
3.7631917
3.762863
3.762863
3.7541976
3.753947
3.753619
3.7534845
3.7533865
3.7529175
3.7420738
3.7417107
3.741574
3.7415493
3.7415292
3.741514
3.74142
3.7414024
3.741395
3.7413893
3.7413843
3.7387283
3.7383044
3.7371798
3.7371016
3.7371
3.737099
3.737098
3.7370973
3.7370963
3.7364187
3.7364047
3.7364047
3.7364047
3.7364047
3.7364018
3.7363927
3.7363927
3.7363927
3.7361598
3.7359734
3.7359734
3.7359633
3.7359633
3.7359633
3.7359633
3.7359633
3.7349374
3.7328808
3.7327192
3.7326734
3.7326734
3.7326727
3.732671
3.7326694
3.729679
3.729679
3.729679
3.729679
3.7296746
3.7294917
3.729443
3.7294428
3.7294428
3.7294428
3.729435
3.7293935
3.7293935
3.7279618
3.7279618
3.727919
3.727912
3.7279062
3.727902
3.7278986
3.7262259
3.7189162
3.7165494
3.7159436
3.7159426
3.7159417
3.71592
3.7153437
3.7142293
3.7142289
3.7126374
3.7114053
3.7107768
3.7105749
3.7105749
3.7105746
3.7105746
3.7105715
3.7105713
3.7105713
3.7082949
3.7038407
3.7036948
3.7035968
3.703513
3.7034676
3.7034364
3.7034144
3.703399
3.7033877
3.7022471
3.702241
3.70185
3.7018466
3.7018385
3.7003713
3.6960676
3.6938133
3.6938126
3.6936061
3.6916912
3.6916912
3.677858
3.677854
3.6770432
3.6750789
3.6750767
3.664844
3.658091
3.655561
3.6552768
3.6552763
3.6543322
3.65362
3.6529648
3.6522727
3.6415627
3.6415625
3.641315
3.6395917
3.6395917
3.5900779
3.5809674
3.5738585
3.5713701
3.5684721
3.566832
3.5659022
3.564252
3.5631177
3.56112
3.5601897
3.559789
3.5596037
3.5543492
3.5540895
3.553741
3.553523
3.5533297
3.553168
3.5464869
3.544785
3.5447383
3.5447066
3.5381901
3.530164
3.530152
3.5300944
3.5294735
3.5031085
3.5002275
3.498413
3.4968584
3.4965503
3.4964995
3.4964952
3.4964912
3.4949212
3.4949164
3.4472384
3.4470913
3.4469461
3.4468477
3.4461048
3.4460592
3.443947
3.442694
3.442678
3.4426665
3.4426587
3.4426527
3.4426455
3.442642
3.442639
3.4426374
3.4422607
3.4345284
3.4344306
3.43443
3.43273
3.4298391
3.4298377
3.4298375
3.4237988
3.422864
3.4192235
3.415941
3.4155474
3.4134943
3.4049182
3.4001172
3.3996363
3.3996363
3.3981433
3.393325
3.3932295
3.3895297
3.3884604
3.3884428
3.388307
3.374067
3.3736157
3.3735712
3.3735437
3.3717473
3.3716779
3.3714857
3.3714464
3.3713973
3.371356
3.3700304
3.370015
3.3691103
3.367986
3.3674092
3.3622744
3.3621843
3.362162
3.3621495
3.3619921
3.3615317
3.359163
3.3591614
3.3590882
3.3585432
3.3583853
3.358255
3.358135
3.3580465
3.3579805
3.357931
3.3578932
3.3578634
3.3551626
3.3542023
3.3536158
3.3536048
3.3531866
3.3527064
3.3523881
3.3521743
3.35203
3.3517835
3.351409
3.3512008
3.351167
3.351143
3.3511252
3.3154342
3.3153129
3.3153055
3.3153002
3.315296
3.3152928
3.3142354
3.3059838
3.3051724
3.3051715
3.3014038
3.301226
3.3005407
3.297905
3.2979045
3.2938154
3.2849739
3.2840495
3.2833018
3.2817585
3.2816222
3.2815242
3.2801287
3.2797034
3.2784324
3.2757466
3.2725174
3.2716417
3.2711446
3.270775
3.2706478
3.2688131
3.267785
3.267239
3.2656455
3.2656035
3.262658
3.2626436
3.2626143
3.2626007
3.2613232
3.2611487
3.2610753
3.2610588
3.2603698
3.2603056
3.2602453
3.2594721
3.2582507
3.2580552
3.2580345
3.257478
3.2574658
3.2574563
3.2574484
3.2567742
3.2563908
3.2562027
3.255878
3.2558753
3.2558737
3.2555573
3.2550135
3.2548554
3.2548115
3.2544496
3.2512593
3.2512238
3.2512162
3.251216
3.2512157
3.2512155
3.2512155
3.2512152
3.2511766
3.250727
3.25054
3.2499413
3.2499413
3.249831
3.249831
3.249831
3.249827
3.249827
3.249827
3.249827
3.249803
3.2497709
3.249746
3.2497377
3.2497377
3.2496316
3.2494478
3.2494433
3.2492838
3.249076
3.2490227
3.2490087
3.2479455
3.2472785
3.2469835
3.2469404
3.246754
3.24675
3.2467473
3.2466393
3.246231
3.2461524
3.2461514
3.245963
3.245954
3.2455194
3.244889
3.2441788
3.243874
3.2437541
3.2436292
3.243042
3.2426271
3.2419207
3.241399
3.2410078
3.2407143
3.2404702
3.240299
3.2385173
3.238293
3.238215
3.2381532
3.23792
3.2378817
3.2378514
3.2378273
3.2377255
3.2373683
3.2215955
3.2211757
3.2211335
3.2209117
3.220198
3.2197816
3.2195487
3.2194262
3.2193687
3.219349
3.2193434
3.2193391
3.2193358
3.1952255
3.1952238
3.195222
3.1900744
3.1892674
3.1892664
3.1892655
3.1892648
3.1892638
3.1892602
3.189204
3.1892037
3.1892037
3.1892035
3.1370513
3.1367767
3.1292486
3.1292486
3.1292486
3.1235387
3.1235387
3.1235387
3.123404
3.123404
3.1231842
3.1231842
3.1231842
3.1231842
3.1230524
3.1228907
3.1228292
3.1227884
3.122709
3.1223547
3.1223419
3.1223328
3.1202383
3.119909
3.1088567
3.1088018
3.108425
3.1082988
3.108201
3.1080287
3.107754
3.107754
3.107754
3.1073024
3.1073008
3.1071188
3.1069682
3.106689
3.1064503
3.1063716
3.1060212
3.1055226
3.1053758
3.1052847
3.103478
3.1034448
3.103425
3.103161
3.1029627
3.1028173
3.1026876
3.1011703
3.1003785
3.100361
3.0943034
3.0932562
3.0887136
3.0879648
3.087849
3.0866632
3.086348
3.0861344
3.0856385
3.084365
3.0842946
3.0840409
3.0835328
3.083172
3.0829127
3.082244
3.0812814
3.0802958
3.0796905
3.0792944
3.0790212
3.0788305
3.0620718
3.0619493
3.0617518
3.0308788
3.0308025
3.0307515
3.026475
3.018246
3.015358
3.0148108
3.0143254
3.0128195
3.0021236
3.0020478
3.0020137
3.0020115
3.0020096
3.0020087
2.9984872
2.9745412
2.9637496
2.9637349
2.9547195
2.9534144
2.9529521
2.9459906
2.944605
2.9445674
2.9441874
2.9412057
2.938443
2.9383414
2.9382975
2.9359715
2.9341044
2.9336023
2.9335556
2.931805
2.93113
2.931072
2.9310465
2.9310024
2.9279623
2.9279413
2.927645
2.9269404
2.9269328
2.9269278
2.9267135
2.9242482
2.9201996
2.9177053
2.917183
2.9154344
2.9153473
2.915281
2.9150522
2.9128063
2.911919
2.911678
2.9114707
2.9113398
2.9112513
2.9111836
2.9109986
2.9109411
2.9108918
2.910855
2.910829
2.9108074
2.9107666
2.9106994
2.9103968
2.9101014
2.9080062
2.9079926
2.9069645
2.906938
2.9069123
2.90671
2.9066947
2.8994536
2.898232
2.8961244
2.8922572
2.8921926
2.8921773
2.892163
2.892153
2.890708
2.8906815
2.8906686
2.890659
2.8906474
2.8884587
2.8848262
2.8843446
2.8843389
2.8843343
2.8843281
2.8843217
2.8840454
2.8834996
2.8834
2.8833833
2.8833725
2.8798258
2.8786733
2.8759277
2.8759232
2.875913
2.8746464
2.8746364
2.8746283
2.874617
2.8746042
2.8745947
2.8745813
2.872727
2.8719752
2.871967
2.8717432
2.8700078
2.8663828
2.8653224
2.8642852
2.8612428
2.8605728
2.8605504
2.8605087
2.8604314
2.8575807
2.856505
2.8526988
2.8526661
2.8510787
2.850174
2.8491058
2.841834
2.8363123
2.8328607
2.8235412
2.8167267
2.813088
2.811843
2.8118384
2.8107245
2.8032348
2.7966793
2.7936208
2.79207
2.7920492
2.7919936
2.7918854
2.7918832
2.7916596
2.7911804
2.7907379
2.790619
2.7905753
2.790424
2.7891393
2.7889898
2.788642
2.788466
2.7882283
2.7870739
2.78706
2.7870483
2.7870357
2.7870245
2.7869904
2.7869828
2.7869298
2.7869272
2.7869258
2.7869253
2.7867625
2.7865565
2.7862387
2.7858918
2.7858913
2.7858891
2.7854893
2.7854884
2.785465
2.785464
2.7854574
2.785457
2.7853286
2.7853134
2.7852347
2.785234
2.785234
2.7852335
2.785233
2.785233
2.785233
2.785233
2.785233
2.785233
2.7852316
2.7852285
2.7852285
2.7852285
2.7852075
2.7850974
2.7850683
2.7850673
2.7830653
2.7830648
2.7830644
2.7830637
2.783055
2.7830393
2.7830389
2.7830389
2.7830389
2.7830384
2.783038
2.783038
2.7830367
2.7830358
2.7829833
2.7829797
2.7829788
2.78264
2.7819443
2.780523
2.780523
2.780523
2.7793794
2.7793787
2.7793787
2.779357
2.779357
2.7784567
2.7617402
2.7555985
2.750446
2.750441
2.7504404
2.7501194
2.7500844
2.7499568
2.7480438
2.7473962
2.7473853
2.7425842
2.7390158
2.7389934
2.7389512
2.735909
2.7348647
2.7348557
2.733055
2.7326925
2.7326925
2.7326112
2.7323084
2.7319345
2.7317567
2.7317114
2.731711
2.731711
2.7315898
2.731421
2.7313757
2.7313461
2.7313237
2.7313018
2.731286
2.7312765
2.7312677
2.7312617
2.7312505
2.7312398
2.7312338
2.731228
2.731222
2.7312195
2.7312174
2.731215
2.72813
2.7202158
2.7202148
2.7202144
2.720214
2.7202134
2.7202067
2.719846
2.7116609
2.709613
2.7096121
2.706196
2.702975
2.7007208
2.6952465
2.6941016
2.6932704
2.6926596
2.692206
2.6812682
2.6809866
2.6807735
2.6806107
2.6804855
2.6803885
2.6752572
2.670887
2.6708405
2.6708038
2.670775
2.6681867
2.6681685
2.6645021
2.6644905
2.6644814
2.664474
2.6614683
2.6611433
2.6611397
2.6605375
2.6597395
2.6592176
2.658875
2.6578753
2.6577249
2.657624
2.6575558
2.6575093
2.6574774
2.6574547
2.6572747
2.6572635
2.6572554
2.6572492
2.6572447
2.6572413
2.6572387
2.6572366
2.6572351
2.6572342
2.6572335
2.6572325
2.6572318
2.657064
2.6570468
2.657035
2.657035
2.6570168
2.6570165
2.6570163
2.6570163
2.6569793
2.6569793
2.6569197
2.6566253
2.6566253
2.6566253
2.6566253
2.656625
2.656466
2.656466
2.656466
2.6558063
2.655796
2.6557646
2.65543
2.6554298
2.6554298
2.6554093
2.6554093
2.6554093
2.6554093
2.655369
2.6553688
2.6551714
2.6551192
2.6551192
2.6551187
2.6551185
2.6551185
2.6551168
2.6551166
2.6551166
2.6551166
2.6551166
2.6550393
2.6550267
2.6550217
2.6550217
2.6549704
2.653927
2.653927
2.6539268
2.6499903
2.6478422
2.6478384
2.6478016
2.6468928
2.6468914
2.6468897
2.6468887
2.6468878
2.6468856
2.6468852
2.6468847
2.6468844
2.6468825
2.6468823
2.646882
2.646882
2.646882
2.646881
2.6468801
2.6461642
2.6461635
2.646163
2.6458848
2.6458845
2.6458843
2.645884
2.6458838
2.6458838
2.6458838
2.6458838
2.6458838
2.64349
2.6434898
2.6434898
2.6422646
2.640288
2.639197
2.6385527
2.6381836
2.6372104
2.6370916
2.6370912
2.6362736
2.6362574
2.6361227
2.6360729
2.6336954
2.6292636
2.627888
2.6278853
2.6278853
2.6278853
2.622284
2.6206
2.6205049
2.6177862
2.6177862
2.6177862
2.6177862
2.6176584
2.617547
2.6175067
2.617504
2.617504
2.617504
2.617504
2.6174896
2.6174896
2.6174896
2.6174896
2.6162863
2.6132007
2.6118968
2.6115992
2.611591
2.611471
2.611256
2.6111526
2.6111236
2.6111214
2.6111207
2.611119
2.6111116
2.6111114
2.6110322
2.610847
2.6107025
2.6105943
2.6105092
2.610443
2.6103919
2.610184
2.610184
2.6101837
2.6101816
2.6096115
2.599752
2.5932524
2.589623
2.589623
2.589621
2.5566685
2.555852
2.5558445
2.553794
2.5537648
2.5492637
2.5476048
2.5475807
2.5461905
2.5461895
2.5461893
2.546189
2.5454912
2.5454648
2.545464
2.5454636
2.545276
2.5451863
2.5436795
2.5375547
2.5375268
2.5375044
2.537504
2.5370877
2.5367455
2.5365763
2.536485
2.536485
2.5362365
2.5360472
2.5357752
2.5317988
2.5302117
2.5300484
2.5299864
2.5299377
2.5298994
2.5296714
2.529643
2.5296226
2.5296059
2.5295954
2.5295863
2.5295794
2.5295744
2.528866
2.528752
2.5285163
2.5284424
2.5284407
2.528329
2.5282466
2.5281932
2.5281153
2.5280926
2.5280783
2.5280688
2.5280623
2.5280583
2.528044
2.5280087
2.5272653
2.5265486
2.526548
2.5265462
2.5265458
2.5265303
2.5265222
2.5265007
2.5261815
2.5258336
2.5255115
2.5253057
2.5251486
2.5250256
2.5249298
2.5248544
2.5247927
2.5247355
2.524692
2.5246472
2.524621
2.5246022
2.5245864
2.5245671
2.5245507
2.5245428
2.5245364
2.5245316
2.5245275
2.5245235
2.5245206
2.5245185
2.5245168
2.524512
2.5245109
2.52451
2.5245092
2.5245085
2.5245023
2.524491
2.5244837
2.5244792
2.524475
2.5244708
2.5244682
2.5244496
2.5243382
2.524333
2.5242543
2.5242543
2.524254
2.524254
2.5242248
2.5242248
2.5242248
2.5241797
2.5241797
2.5241797
2.5241797
2.5241787
2.524172
2.524172
2.524172
2.5241706
2.5241632
2.5241632
2.5241594
2.5241556
2.5241551
2.5241551
2.5105102
2.4997687
2.4997687
2.4994192
2.4994164
2.499415
2.4994135
2.4992366
2.499141
2.4991353
2.4974937
2.4974916
2.4974916
2.4973676
2.4972713
2.4972093
2.4844794
2.484454
2.4844372
2.484351
2.4724262
2.4525201
2.452463
2.436506
2.4365053
2.4364984
2.4364982
2.4362898
2.436271
2.436238
2.4362178
2.4362047
2.436115
2.4337373
2.431744
2.4200158
2.420014
2.4200099
2.419842
2.4196124
2.4195545
2.4194028
2.419375
2.4193466
2.4192882
2.4192498
2.4192283
2.4189706
2.4181364
2.4181328
2.4181302
2.4180796
2.418025
2.417983
2.4163263
2.416291
2.4162443
2.4129322
2.4129057
2.4128852
2.4128695
2.4128563
2.4123566
2.4120777
2.4110472
2.4109986
2.4109888
2.4109826
2.4108505
2.4099495
2.409949
2.4099402
2.40993
2.4097934
2.4097896
2.4097884
2.4097865
2.4097803
2.4097574
2.4097455
2.382889
2.3825707
2.381121
2.3811202
2.38112
2.3811142
2.381108
2.3811038
2.3773658
2.3747227
2.3661075
2.3630219
2.3630168
2.3630064
2.363005
2.3625236
2.3625169
2.3625073
2.3624835
2.3624656
2.3621566
2.3619292
2.3619227
2.361902
2.3614345
2.3587105
2.3586068
2.3586047
2.3585787
2.3585048
2.358044
2.357819
2.3576474
2.3574922
2.3572357
2.3561838
2.355994
2.3559337
2.3428452
2.3428102
2.3427842
2.342747
2.342731
2.3427188
2.3424172
2.342409
2.3335955
2.3326616
2.3326578
2.3294
2.3273113
2.3273091
2.3273077
2.3273063
2.3273053
2.3273046
2.3273041
2.326038
2.326016
2.3260157
2.326013
2.32573
2.325283
2.3252816
2.3252814
2.3252728
2.3252702
2.324719
2.3243906
2.324162
2.323947
2.3237712
2.323509
2.3234007
2.3233187
2.3232563
2.3231943
2.3231492
2.3231192
2.3230958
2.3230195
2.322351
2.3223364
2.322181
2.3220453
2.3220394
2.3220344
2.3220303
2.3214278
2.3214247
2.320908
2.3207972
2.320706
2.320702
2.3205059
2.3205018
2.3204856
2.3203905
2.3203201
2.320317
2.3179448
2.317645
2.316907
2.3120973
2.3120947
2.3120928
2.3118906
2.3115714
2.3115451
2.311541
2.3105273
2.3105085
2.31025
2.3097792
2.3097157
2.3042145
2.3040383
2.303923
2.303853
2.3038483
2.303846
2.3035238
2.3027136
2.302235
2.3021514
2.3019822
2.3018706
2.301777
2.3017051
2.3016524
2.301559
2.29775
2.2974958
2.2974155
2.2973523
2.2973044
2.29727
2.2972448
2.297219
2.2818837
2.281594
2.2815812
2.2811594
2.280196
2.2799404
2.2799292
2.279912
2.2798963
2.2798724
2.279854
2.279776
2.2784083
2.2783928
2.278381
2.2783682
2.2783391
2.278182
2.2781274
2.2781074
2.278093
2.2780762
2.2780623
2.27794
2.2779138
2.2778118
2.2774415
2.2773974
2.277374
2.2773552
2.2773402
2.2773013
2.2772543
2.277206
2.276936
2.2766109
2.27578
2.2757535
2.2756288
2.2756
2.2755659
2.2755408
2.2755084
2.275479
2.2752733
2.275256
2.2752426
2.2752268
2.2751725
2.2744129
2.2734323
2.271779
2.2713218
2.2703161
2.2702436
2.2702377
2.2699502
2.2696643
2.2694092
2.268605
2.2681432
2.2678733
2.2677474
2.2676773
2.267517
2.2674296
2.2673414
2.2673082
2.2672458
2.2672017
2.2671916
2.2671537
2.267152
2.2603886
2.25866
2.2566645
2.2562501
2.2555158
2.2547486
2.254683
2.2546725
2.2451746
2.2431023
2.2431006
2.2430232
2.2429566
2.2428124
2.2426918
2.2424734
2.2424273
2.2408228
2.2389874
2.2372866
2.2349465
2.2335455
2.232399
2.2312403
2.2287042
2.2269397
2.22647
2.2248197
2.2239468
2.2236826
2.2229304
2.222695
2.2223544
2.2212915
2.2208493
2.2204976
2.220327
2.2198687
2.2195385
2.2194278
2.2171943
2.2166193
2.216567
2.2165277
2.2165005
2.2164576
2.215695
2.2156668
2.2101371
2.2100947
2.2094471
2.209412
2.2094002
2.2093973
2.208149
2.2081478
2.2081466
2.2080605
2.2080598
2.207921
2.207911
2.2079093
2.2079089
2.2079043
2.207829
2.2077556
2.2059987
2.2048254
2.204825
2.2048025
2.2047932
2.2047
2.2046423
2.2046323
2.204597
2.2045882
2.2045684
2.2045386
2.2045112
2.2045064
2.2044778
2.2041936
2.2041924
2.2029102
2.20291
2.2019227
2.2019227
2.2019198
2.2019198
2.2019198
2.2019172
2.2019157
2.201782
2.1684923
2.168091
2.168091
2.1680908
2.167966
2.1679616
2.1679616
2.167881
2.164788
2.1591387
2.1579287
2.1578867
2.1578119
2.1577885
2.1576872
2.1574233
2.1556544
2.1549945
2.1525066
2.1305518
2.1216395
2.1175668
2.1171696
2.1149561
2.114768
2.1144085
2.1097667
2.1007676
2.0980785
2.0946915
2.066676
2.0666447
2.0617738
2.0552285
2.0551388
2.0533142
2.0533018
2.0532725
2.0531895
2.0531757
2.053148
2.0397754
2.0397027
2.0396638
2.0396512
2.0366268
2.0360267
2.0346081
2.0343974
2.034355
2.0343513
2.033197
2.0326385
2.0299542
2.0299532
2.0299525
2.0299518
2.0299513
2.0293868
2.0280023
2.0277376
2.0277374
2.026532
2.0256891
2.0250432
2.0247684
2.0229251
2.0215306
2.020157
2.0199468
2.019911
2.0182164
2.0182164
2.0182164
2.014683
2.0146616
2.014607
2.014607
2.014607
2.0145986
2.0145986
2.0112908
2.0112908
2.0112908
2.010053
2.0086138
2.0085926
2.008539
2.0085251
2.008402
2.0081859
2.0075636
2.0075386
2.0075386
2.001746
1.9985272
1.9985203
1.9957919
1.9948452
1.9947392
1.9946823
1.9939424
1.9939339
1.9936402
1.99345
1.9933598
1.9930855
1.9851753
1.9843941
1.9838358
1.9834323
1.9831368
1.9828862
1.9824164
1.9820911
1.9816725
1.9815923
1.981528
1.9814774
1.9814383
1.9813745
1.9812963
1.9812497
1.9812226
1.9812051
1.980852
1.9805417
1.980497
1.9797053
1.9796989
1.9796939
1.9792688
1.9788402
1.9786267
1.9679712
1.9671295
1.9594195
1.9590164
1.9586531
1.9585311
1.9584895
1.9584349
1.958403
1.9583857
1.9583771
1.9583737
1.9583727
1.9583725
1.9583702
1.9583678
1.9570781
1.9570765
1.9570751
1.9570743
1.9570735
1.9570729
1.9570562
1.9566523
1.956652
1.9566518
1.9485604
1.9485601
1.9485601
1.9485599
1.9484012
1.9479057
1.9478593
1.9478593
1.9462515
1.9446508
1.9407616
1.9406308
1.9405503
1.9404969
1.9395674
1.9395645
1.9395635
1.9395634
1.9337201
1.93372
1.9337183
1.933718
1.9336889
1.9336698
1.9336593
1.9336545
1.9336526
1.933604
1.9332513
1.9332511
1.9332017
1.9330583
1.9329724
1.9326686
1.9316981
1.9309936
1.9309226
1.9307501
1.9305098
1.9301147
1.9301045
1.9300872
1.9300872
1.9300872
1.9300872
1.9296863
1.9295465
1.9294323
1.9230453
1.9224083
1.9224083
1.921853
1.921093
1.921093
1.921093
1.921093
1.921093
1.9184939
1.9169217
1.9148214
1.9131128
1.9124898
1.9123765
1.9123762
1.9123291
1.9122584
1.9122176
1.9121652
1.9121128
1.9120495
1.9119145
1.9118706
1.9118699
1.9118525
1.911831
1.911816
1.9118065
1.9117256
1.9112805
1.911276
1.9112723
1.9066595
1.906652
1.9066502
1.9066488
1.9044534
1.9043958
1.9043577
1.9043319
1.9043148
1.904303
1.9042948
1.9027047
1.9027008
1.8963215
1.8963077
1.8962134
1.8962047
1.8962001
1.8950443
1.8950428
1.8950121
1.8947812
1.8945912
1.8945678
1.8945674
1.894567
1.8945668
1.8945664
1.8945662
1.894566
1.8945659
1.8945658
1.8945658
1.8945656
1.8945022
1.8945022
1.8944439
1.8938831
1.8933074
1.893244
1.893236
1.8932343
1.8932214
1.8926812
1.892681
1.892667
1.8926282
1.8926282
1.8926259
1.8926154
1.8926105
1.8926089
1.8924779
1.8913169
1.8912282
1.8912282
1.8912252
1.8912184
1.8911289
1.8911275
1.8911268
1.8909215
1.8903881
1.8893389
1.8892952
1.8892788
1.8892745
1.8892361
1.8892194
1.8891894
1.8887757
1.8883554
1.8881781
1.8880991
1.8880165
1.8879812
1.8879795
1.8879542
1.8877987
1.8876312
1.8875268
1.8874631
1.8874252
1.8874034
1.8870676
1.8870298
1.8869994
1.8869877
1.8869864
1.8869213
1.8868021
1.8867307
1.883306
1.8766665
1.8765873
1.8765377
1.8765068
1.8764876
1.8764752
1.8764672
1.8764459
1.8757347
1.8727574
1.8727481
1.8727459
1.872744
1.872721
1.8727163
1.8698176
1.8598464
1.8580295
1.8555769
1.8538727
1.8526664
1.8518047
1.8511916
1.8507438
1.8504179
1.8501767
1.8499261
1.8497776
1.8489112
1.8483388
1.8480151
1.84784
1.8477554
1.8477198
1.8474809
1.8473071
1.8471782
1.8470592
1.846968
1.8468884
1.8468281
1.8467666
1.8467306
1.8367997
1.8367642
1.836741
1.8367233
1.8367097
1.836661
1.8366296
1.8365998
1.8365489
1.836546
1.8364989
1.8364824
1.8364539
1.8364228
1.8363998
1.8363835
1.8363715
1.8363595
1.8363565
1.836356
1.8363558
1.8362315
1.8362238
1.8362195
1.8362174
1.8362164
1.8362159
1.8361374
1.8359991
1.8359301
1.8358468
1.8357774
1.835725
1.8356302
1.8355277
1.835468
1.8354316
1.8353977
1.8353324
1.8353277
1.8352952
1.8352791
1.8352773
1.835276
1.835275
1.8352249
1.8345826
1.8321881
1.8279152
1.8278766
1.8278668
1.8269047
1.8264613
1.8264612
1.8263772
1.8262582
1.8262582
1.826193
1.8238406
1.8238012
1.8237717
1.8236622
1.8236417
1.8236122
1.8236022
1.8235404
1.8235343
1.8223878
1.8223794
1.8223183
1.8223158
1.8223139
1.821541
1.819598
1.8195897
1.819578
1.8195775
1.8095754
1.8094485
1.8094424
1.8094141
1.7972759
1.7882468
1.7880864
1.7880789
1.7858565
1.7831033
1.7830604
1.7830447
1.7830446
1.7830446
1.7830446
1.7830433
1.7830064
1.7825065
1.7825065
1.773788
1.769647
1.769647
1.7696308
1.7695683
1.7694759
1.7694414
1.7693713
1.766647
1.76648
1.76648
1.76648
1.7663368
1.7660995
1.7659451
1.7658437
1.7657727
1.7657244
1.7641846
1.7628669
1.7625355
1.762513
1.7620875
1.7617801
1.7615838
1.7614585
1.761378
1.7612789
1.7612463
1.7612255
1.7568768
1.748972
1.7489526
1.7488606
1.7487658
1.748681
1.7486459
1.7486188
1.7485979
1.7485851
1.7485754
1.7384651
1.7384585
1.7336301
1.7306767
1.7134426
1.7134224
1.7134057
1.7133625
1.7133625
1.703476
1.6789337
1.6736755
1.6712474
1.671203
1.6711895
1.6711873
1.671178
1.6710991
1.6710988
1.6710975
1.6709834
1.6659768
1.6654319
1.660736
1.6596836
1.6591743
1.6590942
1.6590847
1.6590673
1.6590294
1.6590008
1.658945
1.6588844
1.6580279
1.6574749
1.6506122
1.6505998
1.6498868
1.6495806
1.6437804
1.6437719
1.6437638
1.6437572
1.6431782
1.6431736
1.6430917
1.640945
1.6405345
1.6404135
1.6403509
1.6401498
1.6400548
1.6399802
1.639798
1.639779
1.6375148
1.6357054
1.6346232
1.6340718
1.6329188
1.627976
1.6227654
1.6226937
1.6226903
1.6225518
1.6211965
1.6133968
1.6133083
1.6129913
1.6100518
1.6085925
1.6083068
1.6079534
1.6074691
1.6064984
1.6057835
1.6008961
1.6002452
1.5967647
1.5957333
1.595718
1.5955012
1.5945262
1.593752
1.593485
1.5932854
1.5931766
1.5930556
1.5906928
1.5905763
1.5898728
1.5897794
1.589754
1.5897368
1.589723
1.5897154
1.5897089
1.5883225
1.5883148
1.5867989
1.5867898
1.5852606
1.5835453
1.5818635
1.5815467
1.5815296
1.5815207
1.5815138
1.5815084
1.5815028
1.5805118
1.5803562
1.5802741
1.580232
1.580215
1.5797545
1.5796994
1.5796552
1.57962
1.57676
1.5767391
1.576722
1.5767084
1.5766977
1.5765737
1.5765663
1.5765607
1.5726057
1.5726043
1.5726031
1.5726019
1.5726011
1.5726
1.5725983
1.5725969
1.5725962
1.5725955
1.5725949
1.5723102
1.5723093
1.5723088
1.5723083
1.572308
1.5723077
1.5723075
1.5723069
1.5712458
1.5712454
1.571185
1.5711843
1.5711837
1.5711833
1.5711827
1.56947
1.5694693
1.5694689
1.5682204
1.5675378
1.567388
1.5673392
1.5673385
1.5673379
1.5672927
1.567152
1.5670085
1.5668786
1.5667685
1.5666935
1.566584
1.566442
1.5615103
1.5614688
1.5610223
1.5609885
1.5609481
1.56064
1.5604491
1.560332
1.560261
1.5602189
1.5600239
1.5600102
1.5599841
1.559955
1.559934
1.5599037
1.5598844
1.5598693
1.5598575
1.559848
1.5598408
1.5598348
1.5598302
1.5598265
1.5598234
1.559529
1.559527
1.5595256
1.5595244
1.5595232
1.5595224
1.5594684
1.5594671
1.5567997
1.5567946
1.5567573
1.5565473
1.5564921
1.5560734
1.5560733
1.5560676
1.5530638
1.5530638
1.5530493
1.5530187
1.5524639
1.5524514
1.5524114
1.55221
1.5516458
1.5448508
1.5448016
1.5442346
1.5442275
1.5442183
1.5428414
1.53773
1.5377266
1.5377262
1.5377251
1.5320464
1.529991
1.5297011
1.5294948
1.5293468
1.5292395
1.529161
1.5290829
1.529021
1.5285094
1.5273864
1.5271074
1.5270863
1.5270712
1.5270597
1.5231037
1.5228623
1.5228578
1.5228541
1.5228513
1.5224291
1.5224272
1.5220646
1.5218005
1.5215915
1.5214555
1.5212206
1.521124
1.521061
1.5209755
1.5209243
1.5207899
1.5169749
1.5141068
1.5125543
1.5117873
1.5114777
1.5114243
1.5113696
1.5113676
1.511236
1.511099
1.5110544
1.5110451
1.511045
1.5110449
1.5104463
1.5096594
1.5094532
1.5093498
1.5092921
1.50862
1.5084461
1.50831
1.5082247
1.5081706
1.5075074
1.5069016
1.5066407
1.5066323
1.5050064
1.5046388
1.5046365
1.5046285
1.5034516
1.5034506
1.4998134
1.4905456
1.4904419
1.4904109
1.4904076
1.4898231
1.4889694
1.4888783
1.488824
1.4888119
1.4888077
1.4873084
1.4873015
1.4872959
1.4867041
1.486112
1.4856055
1.4852062
1.484946
1.4769384
1.4656944
1.4656484
1.4656271
1.4656123
1.4655788
1.4654958
1.4654915
1.4646374
1.464353
1.4642745
1.4638289
1.4638193
1.4638183
1.459258
1.4592572
1.4589561
1.4568404
1.4566143
1.4562341
1.456061
1.4557713
1.4538503
1.4537094
1.4536079
1.4535336
1.4534787
1.453333
1.4533097
1.4533083
1.4532951
1.4531568
1.4530106
1.4529686
1.4529376
1.4529126
1.4499493
1.4499493
1.4451286
1.444523
1.444523
1.4445153
1.4443315
1.4443297
1.4443287
1.4439894
1.4436795
1.4434829
1.4433588
1.4432805
1.4432313
1.4432006
1.4431818
1.4431703
1.4428097
1.4428056
1.4416125
1.4412011
1.4412005
1.4393479
1.4393378
1.4393378
1.4390825
1.4390426
1.4390041
1.4390002
1.4389993
1.4389986
1.438998
1.4389731
1.438965
1.4386531
1.4386412
1.4386325
1.438623
1.438622
1.4383491
1.4383458
1.4322711
1.4287026
1.4233247
1.4230309
1.4224858
1.4192811
1.4157292
1.4157288
1.4157186
1.411694
1.4106386
1.4101249
1.4101243
1.4097843
1.4087557
1.4078563
1.4061737
1.4059772
1.4052001
1.4047261
1.4044799
1.4043655
1.4042953
1.4042467
1.4040377
1.4036337
1.4024848
1.3986857
1.3986443
1.39858
1.3964573
1.3964564
1.3962617
1.3962606
1.3935517
1.3927422
1.392738
1.3927377
1.3927376
1.3927376
1.3923569
1.3923433
1.3918804
1.3911706
1.3909038
1.3907307
1.3901662
1.3899981
1.3894595
1.3894595
1.3894595
1.3894595
1.3891264
1.3891083
1.3891083
1.3891083
1.3891082
1.3890471
1.3890471
1.3886677
1.3886335
1.3886192
1.3886162
1.3886136
1.3886136
1.3885802
1.3885511
1.3885396
1.3884828
1.388431
1.3875476
1.3875035
1.3871986
1.3871928
1.3871632
1.387129
1.3870395
1.3870206
1.3869245
1.3868011
1.3867649
1.3867195
1.3866051
1.3862758
1.3862475
1.3861661
1.3861053
1.3860689
1.3860466
1.3860265
1.3860115
1.3860005
1.3859922
1.3859863
1.385982
1.3859762
1.3855397
1.3855283
1.3854907
1.3854316
1.3853837
1.3853264
1.3852872
1.3852626
1.3852469
1.384964
1.3848447
1.384836
1.3848277
1.3848208
1.384772
1.384704
1.3846111
1.3845408
1.3845366
1.3844528
1.384356
1.3842899
1.3842368
1.3842045
1.3839328
1.3835907
1.3835784
1.3835694
1.3831947
1.3826431
1.3825389
1.3822308
1.3815212
1.3813261
1.3806802
1.3802716
1.3791893
1.3787192
1.3786451
1.3785493
1.378372
1.3775617
1.3772079
1.3771807
1.3757474
1.3753839
1.375347
1.3753034
1.374719
1.3745418
1.3745095
1.3738368
1.3736113
1.3735099
1.3727125
1.3726954
1.3726021
1.372564
1.3724698
1.3724076
1.3723651
1.3722676
1.3722433
1.3722242
1.3721807
1.3721535
1.37213
1.3721116
1.3720467
1.3718483
1.3718125
1.3705983
1.3703855
1.3703659
1.3695645
1.369116
1.3691139
1.368689
1.3686813
1.3680791
1.3679504
1.3679487
1.364537
1.3640193
1.3637202
1.363709
1.3634435
1.3631437
1.3628255
1.3627098
1.3626714
1.3626709
1.3626698
1.3626475
1.3626267
1.3625728
1.3625394
1.3625196
1.3624521
1.3624479
1.3624209
1.3623949
1.3623726
1.3623556
1.3622708
1.362087
1.3619901
1.3616201
1.3615992
1.3615779
1.3615603
1.3614787
1.3613988
1.3613822
1.3604119
1.3600464
1.3594037
1.3590157
1.358965
1.358858
1.3585975
1.3577329
1.3552966
1.3534108
1.3529661
1.3528669
1.3520017
1.350691
1.3386917
1.3283429
1.3228879
1.3227608
1.3226547
1.3225026
1.3221654
1.3221036
1.3220184
1.3219337
1.32168
1.3215559
1.3214933
1.3214048
1.3212262
