224680.02
205620.86
158536.94
116468.49
82926.02
58927.36
42063.484
31463.744
23278.299
17870.56
14604.131
12212.533
10710.724
9551.49
8769.725
7660.4478
6664.513
6067.0825
5403.884
4992.6577
4497.7563
4130.965
3813.9087
3503.0986
3287.4182
3242.0164
2953.9827
2760.4963
2585.6047
2440.7031
2338.2986
2206.8796
2108.3901
1944.7074
1847.5447
1745.9954
1626.9059
1564.1062
1473.4148
1417.5637
1385.8093
1286.4396
1216.6732
1131.906
1095.4949
1062.5394
1023.70056
940.8944
911.4518
899.11725
872.0879
841.6065
812.4993
772.56946
749.9295
724.8336
707.88184
685.0077
677.9346
659.0457
639.99786
616.34454
596.5504
592.1878
570.5839
563.28625
542.58984
536.96387
525.35925
500.97296
493.89923
482.1108
461.23358
452.572
446.0302
436.78653
427.02777
427.02777
419.74155
413.35345
403.7198
398.98795
393.8096
383.873
375.34396
369.7041
369.43524
366.8014
364.6972
357.28836
351.183
346.3797
345.33112
341.93976
336.50275
332.25714
328.38458
324.87997
324.77094
316.5667
314.53622
312.47235
311.22934
310.43622
308.926
305.44617
305.44617
302.74057
296.97275
294.35687
289.49033
288.92422
285.6339
282.5237
282.5237
280.59854
280.59854
279.5016
279.26172
279.23926
278.5732
278.5732
278.14474
277.9888
276.0334
276.0334
274.0084
273.39105
272.72815
267.52795
266.32303
264.58078
263.7689
263.53845
260.12833
259.0813
257.50348
250.43826
249.30031
247.29738
243.61928
242.52306
242.52306
242.32408
241.14395
241.14395
239.55844
238.15312
236.52293
236.43814
234.94727
233.77248
233.77248
233.77248
233.44708
231.48085
231.24063
229.51112
228.18797
227.85161
227.85161
225.5534
225.34183
225.30325
225.30325
223.99034
223.59006
222.59981
222.48106
221.59833
219.87787
218.48167
217.935
216.02257
215.61142
214.93234
214.83406
213.68712
213.3935
212.50996
212.41554
212.37933
212.37325
212.3619
212.05313
212.0503
209.5142
209.51247
209.51108
209.3264
209.32553
208.6216
208.42284
208.38095
208.36662
207.67323
207.66328
207.2299
206.3953
206.37845
206.30733
206.28534
206.28526
206.27843
206.27492
206.27414
206.27367
204.54419
203.44261
201.43822
199.51057
198.84512
198.77396
197.4331
197.38545
197.09521
193.25566
192.92793
192.88858
192.88446
192.34293
192.28543
192.18057
192.17816
191.97948
191.97859
191.97789
191.60164
191.60121
190.32755
190.09914
190.0989
190.09872
189.78307
189.18442
188.94731
188.94724
188.94719
188.78442
188.19904
188.199
187.9132
187.91316
187.86684
187.47147
187.47145
187.47145
187.47144
187.47144
187.47144
187.40912
187.40912
187.40912
187.40912
187.40912
187.12813
187.12813
186.15985
186.15985
186.15985
185.8995
185.8995
185.8995
185.12898
185.12898
185.1258
184.69498
184.65611
184.32852
184.32852
183.90898
183.89015
183.62556
183.62556
183.62556
183.62556
183.61525
183.61525
183.3965
183.3965
183.3965
183.26605
183.1319
182.91116
182.42436
182.42436
182.42436
182.37419
182.15715
182.09178
181.13026
179.96738
179.45413
179.4525
179.45131
179.45036
179.44965
179.32664
179.23155
178.2278
177.7728
177.62338
177.54703
177.51315
177.42886
176.86116
176.6042
176.21284
175.29617
174.81422
174.64331
174.60114
174.5967
174.06638
174.06427
173.9843
173.80582
173.73392
173.73338
173.61075
173.41618
172.97768
172.3007
171.80963
170.95772
170.64046
170.48691
169.66524
169.66452
169.25375
169.24956
168.92007
168.44598
167.24628
167.03403
166.97984
166.97983
166.97983
166.95999
166.85248
165.92809
165.82425
165.82425
164.20868
162.7529
162.5826
162.5826
162.5826
162.55106
162.55106
162.55106
162.38524
162.38524
162.38522
161.3816
161.3816
161.3816
161.24834
161.04599
161.04599
160.38002
160.37158
159.69302
159.69302
159.19322
159.12794
159.12794
159.12794
158.58272
158.22638
158.22638
158.22638
158.22638
158.22638
158.22638
158.0228
158.0228
158.0228
158.0228
158.0228
157.75352
157.75352
157.71852
157.71852
156.89323
156.89323
156.89323
156.21732
155.96446
155.60051
155.0756
155.0756
155.0756
154.92372
154.92372
154.92372
154.23589
154.23589
154.23589
153.89088
153.5706
153.5706
153.5706
153.48872
153.48872
153.48872
153.48872
153.48872
153.48872
152.55092
152.51947
152.41309
152.41309
152.41309
152.41309
150.80371
150.80371
150.80371
150.80371
150.80371
150.50241
150.50241
150.50241
150.50241
150.50241
150.50241
150.50241
150.50241
150.50241
150.50241
150.50241
150.50241
150.50241
150.3974
150.3974
150.3974
150.39462
150.39462
150.39462
150.39462
150.39462
150.39462
150.39462
150.39462
150.39462
150.01381
149.8422
149.8422
149.8422
149.8422
149.52788
149.52788
149.52788
149.52788
149.36432
149.29808
149.2709
149.2709
148.87112
148.87112
148.82526
148.82097
148.73775
148.60953
148.5897
148.58344
148.10356
148.10329
148.10316
147.60895
147.6077
147.4158
147.41487
147.4015
147.40097
146.62617
146.6259
146.62567
146.62549
146.42015
145.69879
144.77463
144.77463
144.44353
144.03218
144.03218
144.03218
143.92953
143.92953
143.92953
143.88487
143.88487
143.40897
143.16371
143.16371
143.16371
142.36874
142.36874
141.56407
141.14893
140.69359
140.69359
140.69359
140.69359
140.69359
140.366
140.366
140.366
140.366
140.366
139.88957
139.88957
139.46259
139.46259
139.46259
138.76414
138.76414
138.76414
138.76414
138.76414
138.76414
138.76414
138.76414
138.76414
138.76414
138.76414
138.76414
138.76414
138.76414
138.76414
138.76414
138.76414
138.76414
138.76414
138.76414
138.76414
138.76414
138.76414
138.76414
138.68896
138.68896
138.68896
138.68896
138.5921
138.5921
138.5921
138.5921
138.5921
138.5921
138.5921
138.50166
138.50166
138.50166
138.50166
138.3362
138.3362
138.3362
138.3362
138.3362
138.3362
138.3362
138.3362
138.3362
138.3362
138.3362
138.3362
138.3362
138.3362
138.29735
137.84036
136.20953
136.20953
136.20953
136.20953
136.20953
136.20953
136.20953
136.20953
135.74786
135.74786
135.74786
135.74786
135.74786
135.74786
135.74786
135.74786
135.74786
135.74786
135.74786
135.74786
135.74786
135.74786
135.74786
135.74786
135.74786
135.74786
135.74786
135.74786
135.74786
135.74786
135.74786
135.74786
135.74786
135.74786
135.74786
135.74786
135.74786
135.74786
135.49518
135.49518
135.01524
134.9499
134.9499
134.89381
134.89381
134.89381
134.89381
134.28831
134.28831
134.28831
134.28831
134.28831
134.28831
134.28831
134.28831
134.28831
134.1754
134.07643
134.07643
134.07643
134.00114
133.93607
132.75165
132.74747
132.74747
132.27196
132.27196
132.27196
132.23264
132.17027
132.12778
132.0985
132.00117
131.98676
131.97647
131.96904
131.9636
131.9488
131.29884
131.29655
130.73741
130.56387
130.56285
130.54645
130.52704
130.52655
130.52617
130.52562
130.52034
130.51804
130.51741
130.5137
130.0967
129.74193
129.74074
129.74033
129.74028
129.56244
129.39378
129.39314
129.39264
129.39223
129.3919
129.39166
129.39145
129.35046
129.35036
129.35025
129.35017
129.27036
129.27031
129.27028
129.27023
129.2702
129.27019
129.19318
129.19316
129.19316
129.19315
129.16379
129.13019
129.06679
129.06679
129.06679
129.0431
129.02347
128.88402
128.72195
128.70271
128.6328
128.34343
128.33812
128.31892
128.29944
128.25418
128.25067
126.98533
126.98464
126.98415
126.98378
126.967735
126.52071
126.509026
126.50025
126.49363
126.38023
126.37633
126.35457
126.3522
126.350365
126.348915
126.311485
126.31057
126.30985
126.30929
126.30883
126.11711
126.11711
126.11711
126.11711
126.11711
125.760445
125.760445
124.66585
124.419624
124.29789
123.77485
123.773605
123.77268
123.771965
123.75663
123.58134
123.523674
123.25266
122.601524
122.60137
122.60124
122.50668
122.5066
122.50654
122.506485
122.506454
122.506424
122.35966
122.35963
122.35961
122.35961
122.35642
122.35642
122.0554
122.0554
122.05538
122.05538
122.05538
121.869995
121.56962
121.56962
121.56962
121.56962
121.56962
121.5696
121.37838
121.291824
121.289474
121.289474
121.289474
121.289474
121.07797
120.946785
120.57063
120.53133
120.51827
120.510506
120.21137
120.10535
120.10424
120.10387
120.08089
120.037476
120.012375
119.94792
119.787506
119.67078
119.59522
119.56394
119.55102
119.5476
119.544945
118.630165
118.63001
118.62241
118.550285
118.5502
118.54875
118.5482
118.39497
118.394936
117.77808
117.50923
117.509224
117.5092
117.21612
117.208694
117.207
117.20699
117.20674
117.20582
117.20489
117.2047
117.20456
117.20445
117.20437
117.20126
117.20121
117.19952
117.19743
117.196144
117.19536
117.19489
117.15764
117.157486
117.1574
117.15737
117.15736
117.15736
117.15735
117.15735
117.15735
117.15735
117.15735
117.157196
117.15708
117.15699
117.15694
117.15688
117.156845
117.15682
117.15679
117.12824
117.03834
117.03832
117.038315
116.90737
116.77843
116.766266
116.76626
116.76626
116.75169
116.502
116.38268
116.38268
116.38268
116.245995
116.245995
115.79429
115.79429
115.79429
115.79429
115.79429
115.79429
115.79429
115.6874
115.6874
115.6874
115.6874
115.6874
115.58876
115.58876
115.58876
115.58876
115.58876
115.58876
115.58876
115.37337
115.37337
115.37337
115.21822
115.21822
115.21822
115.21822
115.21822
115.21822
115.14488
115.14488
115.14488
115.14488
115.14488
115.14488
115.14488
113.73599
113.73599
113.71917
113.29328
113.29328
113.29328
113.08475
113.08475
113.08475
113.08475
112.51906
112.51906
112.51906
112.50129
112.50129
112.50129
112.50129
112.50129
112.50129
112.50129
112.50129
112.50129
112.50129
112.50129
112.50129
112.50129
112.50129
112.18494
112.18494
111.92276
111.92276
111.92276
111.92276
111.92276
111.92276
111.6362
111.6362
111.6362
111.6362
111.6362
111.6362
111.6362
111.6362
111.6362
111.6362
111.6362
111.6362
111.6362
111.6362
111.6362
111.6362
111.6362
111.6362
111.6362
111.6362
111.6362
111.6362
111.6362
111.6362
111.6362
111.6362
111.6362
111.6362
111.6362
111.6362
111.6362
111.6362
111.6362
111.6362
110.64759
110.64759
110.64759
110.64759
109.766014
109.766014
109.766014
109.766014
109.766014
109.766014
109.766014
109.766014
109.766014
109.65463
109.65463
109.65463
109.41648
109.41648
109.41648
109.41648
109.41648
109.41648
109.41648
109.41648
109.119865
109.08737
109.087296
109.087296
109.087296
109.0113
108.28057
108.26229
108.23638
108.15464
108.15464
108.15464
108.14934
108.14934
108.12679
108.08253
108.053825
108.03308
108.01202
108.00074
107.99227
107.985855
107.788925
107.78321
107.75389
107.75312
107.75262
107.63201
107.63182
107.6317
107.56701
107.56696
107.56693
107.08741
106.98136
106.95252
106.95252
106.95252
106.79468
106.7465
106.7465
106.74649
106.74648
106.740654
106.65629
106.53448
106.449394
106.449394
106.449394
106.449394
106.22848
106.22848
106.22848
105.91296
105.90031
105.86663
105.86663
105.86663
104.83709
104.83709
104.83709
104.82692
104.8237
104.776764
104.776764
104.776764
104.776764
104.776764
104.776764
104.776764
104.773285
104.76895
104.765945
104.763824
104.76234
104.76127
104.7605
104.75993
104.718956
104.530846
104.25902
104.20926
104.20913
104.20902
104.20895
104.20888
104.20883
104.208786
104.20876
104.20874
104.20872
104.20825
104.07159
104.07158
104.07157
104.056526
104.056526
103.95017
103.94441
103.94441
103.94441
103.94441
103.944405
103.940506
103.940506
103.940506
103.933685
103.91556
103.88899
103.86766
103.86171
103.78028
103.77915
103.259865
103.214195
103.19078
103.1619
103.14443
103.132256
103.124115
103.118866
103.115456
103.11326
103.111824
103.11091
103.05947
102.75209
102.73831
102.67649
102.64782
102.64733
102.569405
102.50578
102.50555
101.67568
101.63072
101.45552
101.434395
101.42225
101.415634
101.41236
101.41104
101.41085
101.41082
101.410805
101.4108
101.409065
101.39767
101.13229
101.12911
101.12661
101.12466
101.12312
100.72697
100.726006
100.33866
100.33805
100.33757
100.33718
100.33688
100.33663
100.33643
100.33628
100.33616
100.12021
99.90354
99.90347
99.90343
99.90339
99.90335
99.90332
99.78481
99.7848
99.67964
99.679634
99.563515
99.56351
99.5635
99.5635
99.56349
99.56349
99.56349
99.56349
99.56159
99.56159
99.56159
99.56159
99.5586
99.45853
99.45566
99.454155
99.12637
99.12614
99.12614
99.12461
98.677765
98.6769
98.67625
98.67574
98.37986
98.37917
98.29165
97.98047
97.98033
97.98022
97.980125
97.98006
97.400246
97.40019
96.91293
96.912895
96.91288
96.91286
96.91285
96.912834
96.91283
96.91282
96.91281
96.91281
96.9128
96.9128
96.9128
96.912796
96.912796
96.912796
96.72903
96.72903
96.72903
96.656
96.656
96.656
96.473274
96.473274
96.473274
96.473274
96.473274
96.46532
96.4211
96.25082
96.25082
96.25082
96.113495
96.113495
96.113495
96.113495
96.113495
96.044304
96.044304
96.044304
96.034096
96.03097
96.03097
96.03097
96.03097
96.03097
96.03097
96.03097
96.03097
96.03097
96.03097
96.03097
96.03097
96.03097
96.02919
96.016914
95.99927
95.98852
95.9821
95.5487
95.450905
95.44987
95.449425
95.44932
95.44932
95.4493
95.20812
95.207985
95.20788
94.91033
94.91027
94.91021
94.86751
94.86747
94.86744
94.867424
94.7751
94.77509
94.03855
93.660675
93.66067
93.66067
93.66066
93.47462
93.28649
93.28649
93.28649
93.28649
93.28648
93.28648
92.828445
92.828445
92.828445
92.82465
92.82465
92.66123
92.6353
92.62057
92.53954
92.53562
91.855576
91.855316
91.855316
91.81393
91.81393
91.783775
91.783775
91.783775
91.783775
91.78139
91.77807
91.775604
91.773735
91.58735
91.13464
91.13464
91.13464
91.13464
91.13464
91.13464
91.13464
91.13464
91.13464
91.13464
91.13464
91.13464
91.13464
91.13464
91.13464
91.13464
91.13464
91.13464
91.13464
91.13464
90.87821
90.87821
90.58139
90.58139
90.58139
90.58139
90.58139
90.49706
90.49706
90.49706
90.49706
90.49706
90.49706
90.09525
90.09525
90.09525
90.09525
90.09525
90.09525
90.09525
90.09525
90.09525
89.48746
89.453766
89.453766
89.453766
89.453766
89.453766
89.453766
89.453766
89.453766
89.453766
89.428825
89.37959
89.361694
89.36156
89.36156
89.36156
89.36156
88.852554
88.852554
88.852554
88.852554
88.84018
88.84018
88.84018
88.65991
88.65991
88.65991
88.65991
88.65991
88.65991
88.65991
88.65991
88.65991
88.65991
88.65991
88.65991
88.65991
88.6492
88.64819
88.64819
88.64819
88.64819
88.64769
88.64769
88.64769
88.611664
88.59919
88.58877
88.5828
88.57954
88.57786
88.57711
88.57689
88.57689
88.57689
88.57689
88.57689
88.53498
88.534584
88.53431
88.534096
88.533936
88.533806
88.53372
88.43602
88.43596
88.43591
88.3166
88.223564
88.22354
88.223526
88.22352
88.2235
88.223495
88.22349
88.22349
88.22348
88.22348
88.22347
88.22347
88.22347
88.12661
88.12661
88.12661
88.12661
88.12661
88.12661
88.12661
88.11863
88.11863
88.11863
88.11863
88.11863
88.073616
88.073616
88.073616
87.94118
87.871895
87.871895
87.871895
87.871895
87.871895
87.871895
87.863884
87.85311
87.84663
87.84277
87.79781
87.773895
87.76987
87.769516
87.76937
87.76934
87.76934
87.74861
87.73295
87.72375
87.71852
87.71568
87.714264
87.71367
87.71354
87.71349
87.713455
87.71315
87.712555
87.49341
87.49308
87.492836
87.49265
87.49004
87.48994
87.46605
87.46597
87.46593
87.46587
87.46584
87.46582
87.4658
87.46578
87.465775
87.46575
87.465744
87.46574
87.46574
87.46573
87.46573
87.46572
87.39308
87.27463
87.27463
87.27463
87.27463
87.02455
87.02455
87.02455
87.02455
87.02455
87.02455
87.02455
87.02455
87.02455
87.02455
87.02455
86.990234
86.90275
86.90275
86.90275
86.90275
86.90275
86.90275
86.90275
86.90275
86.85677
86.828094
86.81516
86.81098
86.81098
86.81098
86.81098
86.81098
86.80901
86.80901
86.80901
86.80901
86.80901
86.80901
86.80901
86.80674
86.80596
86.766556
86.766556
86.766556
86.53303
86.53303
86.53303
86.53303
86.53303
86.53303
86.531975
86.50748
86.50748
86.50748
86.50748
86.491104
86.453865
86.453865
86.453865
86.453865
86.453865
86.453865
86.21549
86.21549
86.21549
86.21549
86.21549
86.21549
86.21549
86.21549
86.21549
86.21549
86.21549
86.21549
86.21549
86.21549
86.21549
86.21424
86.21424
86.21424
86.21255
86.19588
86.19588
86.19588
86.19588
86.19588
86.14029
86.14029
86.14029
86.14029
86.14029
86.14029
86.14029
86.14029
85.72761
85.72761
85.72761
85.70412
85.70412
85.64246
85.64246
85.64246
85.51678
85.516136
85.45375
85.45375
85.45375
85.40597
85.384605
85.384605
85.384605
85.384605
85.384605
85.34163
85.34163
85.34107
85.34107
85.34107
85.34107
85.280014
85.24904
85.201294
85.19938
85.19938
85.199
85.199
85.19866
85.18703
85.17695
85.17119
85.166466
85.16291
85.1603
85.079735
84.95644
84.955246
84.95432
84.95358
84.953
84.84667
84.846306
84.846016
84.84579
84.59583
84.59569
84.59557
84.595474
84.595406
84.595345
84.5953
84.5866
84.5866
84.5866
84.5866
84.58654
84.58654
84.58654
84.58654
84.58654
84.58654
84.58654
84.544235
84.544235
84.544235
84.544235
84.544235
84.544235
84.544235
84.54423
84.54423
84.36625
84.36625
84.36625
84.349396
84.349396
84.349396
84.34724
84.34724
84.34201
84.34201
84.341576
84.32665
84.31568
84.307526
84.3014
84.22021
84.20612
84.17419
84.1739
84.10787
84.10787
84.06436
84.06436
84.06137
84.06137
84.06137
84.05694
84.05694
84.05694
84.05694
84.05694
84.05694
84.05635
84.05427
84.05278
84.05173
83.87378
83.776375
83.77596
83.77564
83.7531
83.68738
83.59812
83.49227
83.43792
83.41298
83.40229
83.402245
83.352036
83.34695
83.3306
83.32779
83.326164
83.325035
83.31997
83.3152
83.29166
83.27385
83.27363
83.26894
83.268814
83.268715
83.26865
83.21269
83.20766
83.13356
83.13353
83.07039
83.032616
83.0326
83.03259
83.032585
83.03159
82.95016
82.95016
82.94329
82.938805
82.936646
82.93566
82.90909
82.6278
82.515175
82.515175
82.368576
82.3674
82.36576
82.36471
81.86552
81.549545
81.35039
81.3502
81.062515
81.06242
81.06237
81.06234
81.01941
81.019394
80.99955
80.99954
80.99954
80.99777
80.99777
80.99777
80.89949
80.758705
80.56452
80.53713
80.532845
80.48983
80.48983
80.48983
80.4315
80.35579
80.32816
80.32466
80.322845
80.32156
80.31628
80.30789
80.30659
80.30624
80.30598
80.28447
80.26167
80.24564
80.23583
80.22937
80.17855
80.17189
80.11195
80.11064
80.10975
80.10913
80.106285
80.103645
80.096565
80.09505
80.09089
80.08997
80.089264
80.08872
80.08828
80.08794
80.08767
80.08726
80.08708
80.08695
80.08684
80.08676
80.08669
80.08342
80.08195
80.08191
79.84231
79.84206
79.842026
79.84201
79.842
79.84191
79.65687
79.656845
79.65684
79.65578
79.650024
79.65002
79.6282
79.61392
79.61392
79.61263
79.61263
79.52451
79.5243
79.52414
79.52401
79.52392
79.52384
79.52379
79.52375
79.52371
79.52368
79.52367
79.52365
79.523636
79.52363
79.44885
79.41517
79.41353
79.41353
79.34921
79.34921
79.33431
79.328094
79.328094
79.27185
79.27185
79.14106
79.14106
79.14106
79.1353
79.12622
79.11978
79.08637
79.031525
79.012184
79.012184
79.012184
79.012184
78.98705
78.87966
78.87966
78.87966
78.87966
78.87966
78.87966
78.87966
78.87966
78.87966
78.87966
78.87966
78.87966
78.76507
78.76507
78.76507
78.76507
78.76507
78.76507
78.76507
78.76507
78.76507
78.76507
78.72384
78.72384
78.72384
78.72384
78.72384
78.72384
78.72384
78.72384
78.72384
78.72384
78.72384
78.72384
78.72384
78.72384
78.72384
78.72384
78.72384
78.72384
78.72384
78.72384
78.72384
78.72384
78.72384
78.68322
78.68322
78.68322
78.68322
78.68322
78.68322
78.68322
78.68322
78.68322
78.68322
78.68322
78.675934
78.675934
78.675934
78.670876
78.507355
78.49653
78.49623
78.488884
78.485886
78.482414
78.482414
78.482414
78.47964
78.47964
78.47843
78.47678
78.472984
78.47044
78.46874
78.28283
78.28206
78.281525
78.28115
78.28087
78.280655
78.280495
78.28031
78.280174
78.28008
78.28003
78.27998
78.27991
78.279816
78.27975
78.279686
78.27964
78.27961
78.27957
78.27956
78.27954
78.279526
78.27951
78.2795
78.279495
78.27949
78.27949
78.063354
78.06335
77.91778
77.91778
77.91778
77.90105
77.90105
77.90105
77.90105
77.90105
77.90104
77.62609
77.62609
77.62609
77.62609
77.37028
77.37028
77.37028
77.37028
77.37028
77.35188
77.35188
77.35188
77.35188
77.35188
77.35188
77.35188
77.35188
77.35188
77.35188
77.35188
77.33952
77.33952
77.33952
77.33952
77.33952
77.33952
77.33952
77.321205
77.321205
77.321205
77.321205
77.321205
77.321205
77.154175
77.154175
77.154175
77.154175
77.154175
77.154175
77.154175
77.154175
77.154175
77.154175
77.154175
76.7782
76.7782
76.7782
76.73471
76.728645
76.264015
76.264015
76.264015
76.264015
76.20774
76.20774
76.20543
76.201515
76.201515
76.201515
76.19338
76.18673
76.180504
76.17705
76.17453
76.17265
76.17125
76.17019
76.16939
76.15352
76.15125
76.15088
76.15058
76.15035
76.15017
76.150024
76.14991
76.14982
76.149
76.09443
76.094376
76.094345
76.094315
76.094284
76.09427
76.09425
76.094246
76.09424
76.09423
76.09422
76.094215
76.094215
76.094215
76.09421
76.09421
75.878395
75.878395
75.878395
75.87839
75.87839
75.87839
75.87839
75.87763
75.87763
75.87763
75.87763
75.87763
75.877464
75.877464
75.877464
75.877464
75.877464
75.877464
75.877464
75.526146
75.526146
75.526146
75.526146
75.526146
75.526146
75.48445
75.48445
75.48445
75.48445
75.48445
75.48445
75.48445
75.48445
75.48443
75.48443
75.48443
75.48441
75.48441
75.48441
75.48441
75.48441
75.484406
75.484406
75.484406
75.484406
75.484406
75.484406
75.484406
75.484406
75.484406
75.484406
75.484406
75.40308
75.40308
75.40308
75.2905
75.26626
75.26626
75.26626
75.257515
75.257515
75.257515
75.257515
75.257515
75.257515
75.257515
75.257515
75.257515
75.257515
75.257515
75.257515
74.63326
74.63326
74.63326
74.63326
74.63326
74.47855
74.47855
74.47855
74.47855
74.47855
74.46545
74.446495
74.446495
74.446495
74.446495
74.446495
74.446495
74.43899
74.42888
74.42683
74.42683
74.42683
74.42514
74.42249
74.42178
74.42178
74.42178
74.3999
74.369705
74.31475
74.313126
74.173996
74.17318
74.17264
74.17228
74.17204
74.17189
74.17178
74.171715
74.17166
73.97828
73.97826
73.72346
73.723434
73.72343
73.72342
73.72342
73.72341
73.72341
73.72341
73.72341
73.723404
73.723404
73.723404
73.723404
73.723404
73.723404
73.723404
73.59742
73.59742
73.59742
73.59742
73.59742
73.59742
73.59742
73.59742
73.59742
73.59742
73.59742
73.59742
73.59742
73.59742
73.59742
73.59742
73.53313
73.53313
73.42557
73.42557
73.38582
73.38582
73.32373
73.32373
73.32373
73.32373
73.32373
72.85609
72.820206
72.79752
72.79752
72.79752
72.79286
72.7648
72.7648
72.69956
72.67284
72.65287
72.637794
72.62631
72.61748
72.61064
72.435555
72.43139
72.428116
72.425545
72.4235
72.335556
72.32165
72.32063
72.31982
72.319176
72.31866
72.318245
72.31792
72.23435
72.234146
72.23398
72.23385
72.233734
72.23365
72.23359
72.23353
72.19258
72.12116
72.10312
72.103096
72.10307
72.10151
72.0997
72.09969
72.099686
72.09009
72.08819
72.08666
72.08469
72.08466
72.08466
72.08465
71.93675
71.93609
71.93546
71.93508
71.934784
71.934555
71.93437
71.93423
71.93412
71.93404
71.92945
71.9276
71.92756
71.92752
71.89622
71.895874
71.78147
71.781456
71.78144
71.7814
71.781395
71.78139
71.50028
71.50023
71.50023
71.50022
71.499954
71.49995
71.49995
71.49995
71.49995
71.49995
71.49995
71.49995
71.49995
71.49995
71.49995
71.49995
71.49995
71.4431
71.43453
71.43453
71.43453
71.43453
71.43453
71.43453
71.415886
71.415886
71.415886
71.338715
71.338715
71.31919
71.31919
71.31919
71.31919
71.31919
71.31919
71.29475
71.29475
71.29475
71.162155
71.162155
71.162155
71.162155
71.08113
71.08113
71.08113
71.08113
71.039894
71.012596
71.01003
71.01003
71.01003
71.01003
71.01003
71.01003
71.01003
70.97753
70.974945
70.974945
70.974945
70.974945
70.974945
70.974945
70.974945
70.974945
70.974945
70.974945
70.974945
70.974945
70.974945
70.974945
70.974945
70.974945
70.974945
70.95955
70.95955
70.95955
70.95955
70.95955
70.95955
70.95955
70.95955
70.95955
70.95955
70.95955
70.48731
70.48731
70.48731
70.48731
70.48731
70.48731
70.48731
70.47496
70.47496
70.46668
70.462074
70.36069
70.36034
70.36034
70.358604
70.353584
70.353584
70.353584
70.353584
70.35129
70.35129
70.35129
70.23321
70.23321
70.23321
70.23321
70.231926
70.12742
70.12742
70.12731
69.72054
69.64092
69.640396
69.640144
69.64005
69.64005
69.64005
69.64005
69.64005
69.59118
69.5756
69.57273
69.57131
69.57131
69.57131
69.571304
69.57126
69.57051
69.57051
69.57051
69.57051
69.57051
69.57051
69.57051
69.57051
69.289986
69.28935
68.895744
68.89561
68.89555
68.89277
68.89277
68.892715
68.8517
68.8516
68.851524
68.85146
68.58946
68.58943
68.58939
68.58937
68.589355
68.57882
68.57881
68.57879
68.57879
68.57878
68.57877
68.57877
68.578766
68.578766
68.578766
68.57876
68.57876
68.57876
68.57876
68.57876
68.57876
68.57876
68.48446
68.48446
68.48446
68.48446
68.48446
68.48446
68.48446
68.394554
68.394554
68.0783
68.0783
68.0783
68.0783
68.0783
68.0783
68.0783
68.0783
67.920685
67.920685
67.920685
67.920685
67.920685
67.920685
67.920685
67.920685
67.920685
67.920685
67.920685
67.920685
67.920685
67.9005
67.9005
67.9005
67.9005
67.9005
67.9005
67.9005
67.9005
67.89259
67.89259
67.89259
67.89259
67.89259
67.8757
67.8757
67.8757
67.8757
67.8757
67.8757
67.8757
67.8757
67.8757
67.8757
67.8757
67.8757
67.8757
67.8757
67.8757
67.8757
67.8757
67.8757
67.86913
67.86913
67.86913
67.86913
67.86913
67.825966
67.825966
67.825966
67.825966
67.825966
67.825966
67.825966
67.825966
67.825966
67.825966
67.825966
67.825966
67.825966
67.825966
67.825966
67.825966
67.825966
67.825966
67.825966
67.825966
67.825966
67.825966
67.825966
67.825966
67.825966
67.72519
67.72519
67.72519
67.72519
67.72519
67.71602
67.71602
67.71602
67.71602
67.71602
67.71602
67.71602
67.71602
67.64102
67.57249
67.57249
67.459526
67.39359
67.39359
67.39359
67.39359
67.39359
67.39359
67.22994
67.209984
67.209984
67.09411
67.09411
67.08928
67.08928
67.08928
67.08928
67.08928
67.056206
67.0467
67.0467
67.0467
67.00765
67.00765
67.00765
67.00765
67.00765
67.00765
67.00765
67.00765
67.00765
66.99999
66.994255
66.99023
66.98736
66.985306
66.9838
66.825165
66.55581
66.55581
66.55581
66.55581
66.55581
66.55581
66.55581
66.55581
66.55581
66.550285
66.54884
66.54884
66.54884
66.44152
66.40221
66.375046
66.35597
66.34236
66.332504
66.32527
66.31991
66.31587
66.31281
66.31047
66.30867
66.30727
66.306175
66.30531
66.30464
66.30411
66.30369
66.30335
66.303085
66.30288
66.30271
66.302574
66.30247
66.30238
66.302315
66.30226
66.302216
66.302185
66.283615
66.0807
66.08068
66.08067
66.08066
66.08065
66.0417
66.041695
66.041695
66.04169
66.04169
66.04168
66.01327
66.01327
66.01327
66.00577
66.00577
66.00577
66.00577
66.00577
66.00577
66.00577
65.77336
65.77336
65.72146
65.72146
65.71496
65.71496
65.71496
65.71496
65.71496
65.71496
65.71496
65.71073
65.70933
65.70933
65.70933
65.70933
65.70933
65.70933
65.70933
65.70933
65.70933
65.70732
65.7058
65.70473
65.70394
65.57304
65.57261
65.57229
65.572044
65.57185
65.57172
65.5716
65.57152
65.57145
65.571396
65.57136
65.57132
65.5713
65.57127
65.57126
65.57124
65.571236
65.57123
65.57122
65.57121
65.57121
65.571205
65.516106
65.516106
65.50894
65.50748
65.50748
65.50747
65.27383
65.27383
65.27383
65.272194
65.26325
65.262314
65.262314
65.262314
65.25981
65.25981
65.25981
65.25981
65.240875
65.238235
65.23762
65.23762
65.23762
65.23576
65.234406
65.2337
65.23338
65.2333
65.220985
65.220985
64.964005
64.964005
64.96358
64.96259
64.96259
64.96259
64.96259
64.96259
64.96259
64.96115
64.84927
64.84921
64.84921
64.836075
64.836075
64.71124
64.71124
64.69695
64.69695
64.69695
64.69695
64.69695
64.65504
64.6507
64.6507
64.6507
64.6507
64.6507
64.6507
64.6507
64.6507
64.6507
64.62313
64.582695
64.56076
64.5496
64.547966
64.54794
64.54794
64.54794
64.54794
64.54651
64.54249
64.54001
64.538506
64.535866
64.533714
64.533714
64.533714
64.52805
64.51871
64.51584
64.51584
64.51584
64.51584
64.51541
64.51541
64.51541
64.51541
64.51541
64.51541
64.51541
64.51541
64.51423
64.510056
64.510056
64.508415
64.48581
64.48581
64.48581
64.48581
64.35539
64.328354
64.30199
64.30199
64.30199
64.30199
64.30199
64.30199
64.29267
64.29267
64.29267
64.28365
64.25817
64.117004
64.117
64.11697
64.0858
64.01083
64.010826
64.010826
64.01082
63.98107
63.975517
63.927345
63.927345
63.92734
63.92734
63.92734
63.92734
63.92734
63.92734
63.914406
63.914406
63.914406
63.914406
63.914406
63.893764
63.871044
63.871044
63.871044
63.871044
63.871044
63.840565
63.840565
63.840565
63.840565
63.840565
63.840565
63.840565
63.840565
63.832664
63.81185
63.811687
63.811687
63.811687
63.811687
63.811283
63.807415
63.80595
63.805813
63.689148
63.689148
63.687374
63.684677
63.683727
63.68319
63.682842
63.682613
63.682457
63.682358
63.68229
63.68224
63.682205
63.682186
63.68217
63.682156
63.682148
63.682144
63.63874
63.638737
63.638733
63.638733
63.638733
63.63586
63.63586
63.63586
63.634995
63.634995
63.634995
63.634995
63.625927
63.625923
63.62563
63.62563
63.62563
63.62563
63.62563
63.62563
63.62563
63.62563
63.62563
63.62563
63.62563
63.62563
63.62563
63.62563
63.62563
63.62563
63.62563
63.62563
63.62563
63.62563
63.62563
63.62563
63.62563
63.62563
63.62563
63.62563
63.62563
63.62563
63.50884
63.50884
63.50884
63.50884
63.50884
63.50884
63.50884
63.50884
63.50884
63.50884
63.50884
63.50881
63.50881
63.50881
63.50881
63.50881
63.50881
63.50881
63.360123
63.360123
63.106068
63.029488
63.029488
63.029488
63.029488
63.029488
63.029488
63.029488
63.029488
63.029488
63.029488
63.029488
63.005928
63.005928
63.005928
63.005928
63.005928
63.005928
63.005928
63.005928
63.00151
62.911892
62.911892
62.911892
62.911892
62.911892
62.911892
62.911892
62.911892
62.911716
62.65533
62.65533
62.65533
62.65533
62.583454
62.583454
62.3818
62.3818
62.3818
62.3818
62.3818
62.3818
62.3818
62.3818
62.3818
62.3818
62.3818
62.3818
62.3818
62.3818
62.3818
62.3818
62.3818
62.3818
62.378906
62.374184
62.374184
62.374184
62.366276
62.366276
62.366276
62.36344
62.301037
62.290195
62.27793
62.27793
62.232937
62.232937
62.232937
62.23259
62.232174
62.231915
62.229267
62.228554
62.228493
62.138866
62.138847
62.138836
62.13883
62.13882
62.138817
62.138817
61.703587
61.703587
61.703587
61.703587
61.70343
61.703083
61.70308
61.703075
61.703075
61.70307
61.70307
61.703068
61.703068
61.703068
61.703068
61.622005
61.622005
61.621773
61.61045
61.61045
61.610287
61.61011
61.61007
61.61007
61.61007
61.61007
61.61007
61.61007
61.61007
61.610054
61.61002
61.609993
61.60997
61.590267
61.590252
61.590244
61.590233
61.590225
61.59022
61.590218
61.58594
61.585938
61.585938
61.585934
61.585934
61.585934
61.437912
61.43791
61.43791
61.422085
61.422085
61.422085
61.404793
60.932945
60.932945
60.932945
60.932945
60.932945
60.932945
60.91601
60.89739
60.89739
60.795776
60.77943
60.77943
60.77016
60.710682
60.710682
60.710682
60.704857
60.704266
60.704266
60.704266
60.704266
60.704266
60.704266
60.704266
60.70277
60.69146
60.685074
60.68247
60.680973
60.67779
60.675484
60.673546
60.672264
60.628353
60.61824
60.607964
60.607616
60.607353
60.607155
60.60681
60.606533
60.606323
60.542767
60.491222
60.491173
60.49114
60.455147
60.36756
60.286922
60.28121
60.277508
60.25407
60.254063
60.250668
60.240578
60.240482
60.240414
60.23658
60.236534
60.236504
60.215813
60.175457
60.175434
60.175423
60.17045
60.170033
60.158745
60.15874
60.14826
60.14805
60.114758
60.106728
60.106728
60.106728
60.106724
60.085526
60.061314
60.060898
60.01744
60.00989
60.006634
60.005806
60.002586
59.99923
59.99545
59.99161
59.98865
59.982773
59.980976
59.9781
59.974354
59.80282
59.77004
59.76986
59.7692
59.76855
59.767788
59.76459
59.764534
59.76449
59.764168
59.57823
59.1927
59.19132
59.189022
59.16727
59.166935
59.166733
59.15808
59.15801
59.15796
59.085644
59.08563
59.08519
59.085182
59.085133
58.95341
58.953335
58.953297
58.953262
58.95324
58.953224
58.953213
58.801235
58.787525
58.780346
58.776985
58.7758
58.77579
58.77579
58.77579
58.77579
58.77579
58.77578
58.657787
58.656868
58.656338
58.656055
58.65592
58.599552
58.360996
58.360996
58.360996
58.360996
58.24755
58.236652
58.236645
58.236565
58.2365
58.23645
58.236416
58.10388
58.10386
58.103832
58.103817
58.10381
58.1038
58.103794
58.103794
58.103783
58.103775
58.103775
58.103775
58.078247
58.078243
58.078243
58.078243
58.078243
58.078243
58.078243
58.07824
58.07824
58.07824
58.07824
58.07824
58.07824
58.07824
57.965595
57.94283
57.94283
57.94283
57.94283
57.94283
57.94283
57.941998
57.941998
57.941998
57.941998
57.941998
57.941998
57.941998
57.941998
57.941467
57.9379
57.937546
57.934746
57.934746
57.934372
57.933964
57.932426
57.932323
57.93229
57.932285
57.926533
57.905827
57.892506
57.892452
57.892414
57.892277
57.8639
57.863255
57.86316
57.861076
57.83978
57.839306
57.839165
57.839058
57.838985
57.83854
57.830402
57.830376
57.83035
57.830334
57.830322
57.83031
57.830307
57.8303
57.795803
57.77942
57.779415
57.779415
57.77941
57.77941
57.779324
57.777603
57.776295
57.775288
57.774075
57.773476
57.773003
57.772636
57.77225
57.77197
57.719746
57.7196
57.71948
57.719376
57.718197
57.718132
57.71809
57.71728
57.716225
57.715767
57.715645
57.715637
57.715622
57.715393
57.715027
57.714855
57.714798
57.714775
57.71475
57.71474
57.714725
57.658623
57.658623
57.658566
57.65838
57.646595
57.64648
57.64639
57.646317
57.64626
57.64622
57.64618
57.60796
57.60793
57.607914
57.6079
57.60789
57.607872
57.607864
57.607864
57.607857
57.607857
57.60785
57.515957
57.515957
57.515957
57.51595
57.51595
57.51595
57.51595
57.51595
57.51595
57.51595
57.51595
57.51595
57.51595
57.51595
57.51595
57.51595
57.51595
57.51595
57.51595
57.51465
57.470963
57.470963
57.470963
57.470264
57.46119
57.458263
57.458263
57.458263
57.458263
57.458263
57.458263
57.458263
57.458263
57.458263
57.458263
57.458263
57.457912
57.45259
57.45259
57.439148
57.439148
57.439148
57.439148
57.439148
57.419895
57.39589
57.39589
57.36788
57.36788
57.36788
57.36788
57.36788
57.36788
57.36788
57.36788
57.36788
57.300514
57.22881
57.22881
57.22881
57.22881
57.22881
57.22881
57.22881
57.22786
57.12249
57.12249
57.12249
57.12249
57.098293
57.02753
57.02753
57.02753
57.02753
57.02753
57.02753
57.02753
57.02753
56.96346
56.920834
56.920834
56.920834
56.91093
56.90225
56.901554
56.901554
56.901554
56.901554
56.895058
56.826576
56.824463
56.823444
56.816692
56.75778
56.53587
56.53587
56.520603
56.520603
56.520603
56.520603
56.513687
56.513687
56.387436
56.387005
56.387005
56.387005
56.387005
56.38541
56.383957
56.383175
56.38258
56.382133
56.381786
56.38108
56.38087
56.38071
56.380066
56.379555
56.37927
56.379116
56.37904
56.379005
56.37897
56.37895
56.378925
56.37891
56.3789
56.357044
56.35692
56.35685
56.356815
56.35681
56.35681
56.356808
56.356804
56.356804
56.356804
56.3568
56.3568
56.3568
56.356796
56.356785
56.35677
56.356762
56.27316
56.27315
56.273148
56.273144
56.273144
56.27314
56.27314
56.273136
56.273136
56.273136
56.273136
56.273136
56.273136
56.273136
56.273136
56.273136
56.273136
56.273136
56.147636
56.147636
56.147636
56.147636
56.147636
56.147636
56.147636
56.147636
56.147636
56.147636
56.13961
56.006874
55.85869
55.845444
55.81652
55.81652
55.81652
55.81652
55.813282
55.813282
55.813282
55.813282
55.81231
55.812023
55.809505
55.809505
55.809505
55.80833
55.80748
55.807034
55.806835
55.80607
55.806007
55.80595
55.805904
55.80588
55.803337
55.80333
55.80332
55.80332
55.803318
55.80274
55.800194
55.800194
55.798824
55.798824
55.798824
55.798824
55.797825
55.79781
55.794296
55.794266
55.79426
55.794254
55.79425
55.794205
55.794193
55.79032
55.79011
55.79011
55.79011
55.79011
55.79011
55.790108
55.790108
55.790108
55.790108
55.790085
55.790066
55.790054
55.79005
55.790047
55.790047
55.790047
55.790047
55.790047
55.790047
55.75702
55.75702
55.757015
55.75701
55.757008
55.756966
55.75696
55.75696
55.75696
55.75696
55.756958
55.756958
55.756958
55.756958
55.707554
55.707554
55.707554
55.707275
55.707275
55.707275
55.707275
55.707275
55.707104
55.707104
55.707104
55.707104
55.707104
55.707104
55.707043
55.706993
55.70699
55.70699
55.70699
55.677044
55.677044
55.677044
55.677044
55.677044
55.56154
55.56154
55.56147
55.55459
55.554577
55.554573
55.524185
55.524185
55.524185
55.524185
55.516075
55.516075
55.516075
55.516068
55.516056
55.418472
55.41847
55.418465
55.41846
55.37268
55.22207
55.22207
55.189682
55.189682
55.189682
55.189682
55.186226
55.186226
55.186226
55.171146
55.171146
55.171146
55.161167
55.161167
55.161167
55.160652
55.160652
55.160652
55.160652
55.152752
55.152752
55.152752
55.152588
55.031532
55.025818
55.023357
54.93712
54.931717
54.931717
54.931694
54.837822
54.837822
54.837822
54.83779
54.686832
54.680943
54.680943
54.680943
54.39861
54.39861
54.39861
54.397152
54.397152
54.397152
54.30669
54.30669
54.30669
54.30669
54.30669
54.30669
54.30669
54.30669
54.30669
54.30669
54.30669
54.30669
54.306686
54.306686
54.306683
54.306683
54.306683
54.306683
54.306683
54.306683
54.30668
54.30668
54.30668
54.30668
54.30668
54.30668
54.30668
54.30668
54.30668
54.30668
54.30668
54.30668
54.30668
54.30668
54.30668
54.30668
54.30668
54.30668
54.30668
54.30668
54.30668
54.30668
54.30668
54.30668
53.99587
53.99587
53.99587
53.99587
53.99587
53.99587
53.99587
53.99587
53.99587
53.99587
53.99587
53.99587
53.99587
53.99587
53.99587
53.99587
53.99587
53.99587
53.99587
53.99192
53.98545
53.98545
53.98545
53.98545
53.98545
53.98545
53.98545
53.98291
53.98291
53.98291
53.98291
53.98291
53.98291
53.920635
53.920635
53.920635
53.920635
53.89531
53.89531
53.893383
53.893383
53.890297
53.887486
53.887165
53.887165
53.803474
53.803474
53.803474
53.803474
53.80266
53.799355
53.796932
53.71151
53.710167
53.709156
53.70838
53.707787
53.70733
53.70697
53.706688
53.70647
53.706295
53.70616
53.70605
53.705967
53.705894
53.705837
53.7058
53.70576
53.705734
53.621586
53.621586
53.621586
53.621586
53.621586
53.621586
53.621586
53.621586
53.571293
53.56555
53.56555
53.56555
53.56555
53.56555
53.56555
53.466938
53.466938
53.368427
53.368427
53.368427
53.368427
53.368427
53.368427
53.368427
53.368427
53.368427
53.368427
53.368427
53.368427
53.322014
53.322014
53.322014
53.322014
53.312813
53.312813
53.312813
53.312813
53.312813
53.311718
53.21397
53.1629
53.156
53.156
53.156
53.156
53.156
53.141273
53.12744
53.12282
53.12282
53.12282
53.12282
53.12282
53.116657
53.10921
53.10402
53.10035
53.09773
53.09583
53.094437
53.092915
53.09198
53.091396
53.090534
52.943974
52.943478
52.9431
52.942806
52.94258
52.94241
52.942272
52.942165
52.94208
52.942017
52.941963
52.94192
52.94189
52.94186
52.94184
52.941826
52.941814
52.9418
52.94179
52.941788
52.893684
52.87931
52.879307
52.8793
52.8793
52.879295
52.879295
52.879295
52.87929
52.85424
52.846687
52.846687
52.846687
52.846687
52.82991
52.82991
52.82991
52.82991
52.82991
52.82991
52.82991
52.82991
52.82991
52.82991
52.82991
52.82991
52.828487
52.735615
52.7353
52.7353
52.721935
52.721935
52.721935
52.721935
52.721935
52.721935
52.721935
52.721935
52.721935
52.721935
52.721935
52.721935
52.721935
52.721935
52.721935
52.721935
52.721935
52.721935
52.721935
52.721935
52.721935
52.721935
52.707447
52.707447
52.707447
52.707447
52.707447
52.707447
52.707447
52.707447
52.707447
52.707447
52.707447
52.707447
52.707447
52.707447
52.707447
52.707447
52.707447
52.52827
52.52827
52.52827
52.52827
52.52827
52.52827
52.52827
52.52827
52.52827
52.52827
52.497192
52.497192
52.497192
52.497192
52.410473
52.410473
52.410473
52.410473
52.410473
52.410473
52.410473
52.410473
52.410473
52.410473
52.410473
52.410473
52.410473
52.410473
52.410473
52.410473
52.410473
52.410473
52.410473
52.410473
52.410473
52.410473
52.410473
52.410473
52.402565
52.402565
52.402565
52.402565
52.402565
52.402565
52.402565
52.402565
52.402565
52.402565
52.402565
52.402565
52.402565
52.402565
52.402565
52.402565
52.402565
52.402565
52.402565
52.402565
52.402565
52.402565
52.402565
52.402565
52.402565
52.402565
52.402565
52.402565
52.402565
52.402565
52.400894
52.400894
52.40078
52.39918
52.398098
52.398098
52.396713
52.395676
52.395676
52.395382
52.38236
52.382275
52.37993
52.367268
52.335217
52.316982
52.307083
52.26051
52.258347
52.257732
52.257572
52.255764
52.251972
52.250732
52.248085
52.247375
52.24664
52.246223
52.245895
52.245644
52.24544
52.244083
52.243187
52.225883
52.200096
52.200035
52.1887
52.188663
52.188633
52.188606
52.188587
52.188572
52.188557
52.13136
52.13135
52.131344
52.13134
52.131332
52.131287
52.131283
52.125587
52.125584
52.119015
52.119015
52.11901
52.118893
52.118893
51.99023
51.990105
51.98995
51.98995
51.989944
51.989902
51.98988
51.978622
51.76997
51.76995
51.769947
51.76994
51.769936
51.76993
51.76993
51.76992
51.76992
51.769787
51.769787
51.769787
51.677677
51.677677
51.677677
51.677677
51.677677
51.677677
51.664127
51.664127
51.664127
51.664127
51.664127
51.55531
51.55531
51.55531
51.55531
51.55531
51.55531
51.55531
51.55531
51.55531
51.55531
51.55531
51.55531
51.55531
51.55531
51.55531
51.55531
51.55531
51.55531
51.55531
51.55531
51.55531
51.55531
51.55531
51.55531
51.55531
51.55531
51.55531
51.55531
51.55531
51.55531
51.55531
51.55531
51.55531
51.55531
51.55531
51.55531
51.55531
51.55531
51.554733
51.553417
51.548862
51.548862
51.544052
51.544052
51.543484
51.50366
51.50366
51.50366
51.50366
51.50366
51.50303
51.50276
51.502636
51.502636
51.502636
51.502636
51.502636
51.502636
51.501568
51.500847
51.50039
51.5001
51.499916
51.4998
51.49973
51.46647
51.46644
51.46642
51.46641
51.466404
51.466396
51.45215
51.452145
51.44895
51.327595
51.327595
51.327595
51.32759
51.32759
51.32759
51.32759
51.32759
51.327034
51.327034
51.327034
51.327034
51.32703
51.32703
51.32703
51.073833
51.073833
51.073833
51.073833
51.073505
51.073505
51.030922
51.030922
51.030922
51.03028
51.023632
51.023632
51.01786
51.0153
50.992317
50.992317
50.992317
50.795456
50.79146
50.788532
50.788242
50.788242
50.788242
50.788242
50.788242
50.689495
50.687737
50.68654
50.685696
50.616108
50.61569
50.61539
50.61517
50.611404
50.611282
50.611195
50.611126
50.584885
50.584843
50.584816
50.58479
50.584766
50.584755
50.572426
50.537403
50.529366
50.52936
50.50944
50.50944
50.48484
50.48484
50.48484
50.469288
50.464
50.464
50.438595
50.40925
50.369892
50.359642
50.351234
50.351234
50.32394
50.318428
50.318108
50.318108
50.31557
50.304726
50.29571
50.29485
50.29425
50.292706
50.292408
50.292187
50.29203
50.291912
50.28999
50.28992
50.287132
50.28374
50.28119
50.279243
50.27776
50.27661
50.275723
50.275024
50.27448
50.273952
50.273617
50.27321
50.262463
50.262215
50.261986
50.26183
50.26172
50.261646
50.261593
50.25995
50.259914
50.259888
50.25987
50.259846
50.259834
50.259823
50.259815
50.259808
50.25978
50.259647
50.259617
50.25961
50.25961
50.259605
50.259605
50.259556
50.25951
50.25948
50.25947
50.259468
50.259464
50.25942
50.25938
50.25935
50.259327
50.259304
50.25929
50.259277
50.25927
50.25048
50.250473
50.25047
50.250465
50.250465
50.24468
50.244675
50.244675
50.165386
50.165386
50.165386
50.165386
50.165386
50.165386
50.165386
50.165382
50.165382
50.16514
50.1518
50.151794
50.138103
50.058353
50.058353
50.058353
50.058327
50.057766
50.057266
50.017403
49.99935
49.99935
49.99935
49.98591
49.98591
49.98397
49.98397
49.98397
49.9815
49.978622
49.978622
49.978622
49.977016
49.950542
49.950542
49.943478
49.936604
49.9135
49.9135
49.9135
49.913166
49.900616
49.893826
49.888573
49.884483
49.879986
49.876972
49.874992
49.86479
49.863255
49.862076
49.861168
49.86046
49.8599
49.859463
49.858517
49.855568
49.848965
49.845074
49.843613
49.814846
49.814762
49.81457
49.771107
49.764187
49.763977
49.76389
49.763863
49.763847
49.763832
49.763683
49.763588
49.76337
49.75771
49.753757
49.628258
49.602837
49.60276
49.59703
49.592564
49.589993
49.588528
49.587734
49.587334
49.58717
49.556335
49.44277
49.44276
49.442757
49.42999
49.429955
49.429935
49.429935
49.42993
49.40234
49.40234
49.323685
49.28459
49.28459
49.28459
49.284428
49.284203
49.28403
49.28389
49.28029
49.272903
49.272144
49.272087
49.27204
49.272007
49.266224
49.261726
49.25964
49.192024
49.11337
49.113354
49.10763
49.10763
49.1074
49.107292
49.09357
49.092937
49.092422
49.00258
48.9939
48.993656
48.99347
48.99332
48.94982
48.936047
48.912685
48.865414
48.850292
48.845505
48.845505
48.782635
48.782635
48.70016
48.70016
48.70016
48.70016
48.70016
48.660686
48.660686
48.660686
48.660686
48.65435
48.65435
48.6379
48.61552
48.576744
48.576744
48.562904
48.562717
48.545444
48.544773
48.544773
48.544773
48.544773
48.544773
48.544773
48.544773
48.544716
48.544716
48.544716
48.48592
48.48579
48.48579
48.48579
48.46532
48.138687
48.124165
48.123035
48.121883
48.116325
48.050663
48.05064
48.05064
48.025097
48.024574
48.018677
48.018147
48.01794
48.01778
48.017662
48.017574
48.017506
48.01745
48.015728
48.015
48.01497
48.01495
48.014935
48.01492
48.014908
48.0149
47.988926
47.98892
47.988914
47.98891
47.988907
47.988907
47.988693
47.988293
47.98823
47.988228
47.987915
47.987583
47.987324
47.987125
47.986977
47.986855
47.98676
47.986687
47.986626
47.98658
47.986546
47.963425
47.963398
47.96338
47.963367
47.963356
47.958725
47.958717
47.958706
47.958702
47.9587
47.958694
47.958694
47.95869
47.95869
47.95869
47.958687
47.63653
47.63653
47.63653
47.63653
47.63653
47.63653
47.63653
47.63653
47.63653
47.63653
47.576584
47.576584
47.569836
47.569836
47.569836
47.569836
47.569836
47.569725
47.47069
47.46993
47.469547
47.46496
47.46492
47.46492
47.464916
47.4649
47.4649
47.4649
47.4649
47.4649
47.4649
47.464893
47.46489
47.411884
47.404575
47.388332
47.386467
47.376385
47.376385
47.376385
47.37637
47.376354
47.376343
47.37447
47.37296
47.372692
47.372692
47.37269
47.372684
47.372684
47.372433
47.372276
47.368
47.367996
47.367065
47.367065
47.367065
47.36318
47.36318
47.36318
47.361702
47.359684
47.358604
47.35809
47.357895
47.357876
47.35703
47.35703
47.256714
47.256714
47.256714
47.256695
47.256695
47.256695
47.256695
47.250683
47.245335
47.242958
47.24217
47.242092
47.242054
47.241543
47.24014
47.239124
47.238384
47.237835
47.23742
47.22184
47.221592
47.221394
47.217484
47.21737
47.217278
47.217205
47.217148
47.214657
47.21462
47.214596
47.214573
47.214554
47.21454
47.214527
47.211582
47.21157
47.211567
47.211563
47.21156
47.211555
47.21155
47.18416
47.18416
47.184155
47.184155
47.184155
47.184155
47.184155
47.184155
47.184155
47.18415
47.18415
47.18415
47.168003
47.16012
47.16012
47.16012
47.159657
47.159657
47.159657
47.159657
47.15141
47.15141
47.15141
47.15135
46.964165
46.964165
46.964165
46.964165
46.92039
46.91612
46.90115
46.89508
46.89421
46.88353
46.868412
46.85979
46.85522
46.82038
46.78058
46.777
46.763054
46.759563
46.75691
46.753586
46.749363
46.748142
46.747185
46.745567
46.74498
46.74451
46.74414
46.743847
46.743553
46.739815
46.73967
46.73955
46.739456
46.73938
46.734062
46.724422
46.71775
46.71233
46.71194
46.71159
46.71063
46.593945
46.593937
46.59393
46.59392
46.59376
46.59302
46.58846
46.581703
46.58071
46.578
46.578
46.577995
46.577732
46.577732
46.577732
46.5772
46.57681
46.571945
46.571774
46.571003
46.570927
46.561825
46.52419
46.524166
46.52409
46.507042
46.50523
46.503845
46.50294
46.502365
46.50091
46.49851
46.49676
46.495476
46.494434
46.49291
46.492847
46.4928
46.49034
46.49031
46.489906
46.489887
46.489826
46.4866
46.48658
46.486107
46.485573
46.48533
46.485245
46.48524
46.48524
46.485237
46.472446
46.45325
46.44851
46.44847
46.445766
46.44576
46.43223
46.22894
46.21777
46.211792
46.21012
46.21012
46.21012
46.207985
46.206917
46.200752
46.199932
46.199932
46.199932
46.198994
46.178226
46.176987
45.89826
45.89826
45.89826
45.89826
45.89826
45.89826
45.897392
45.896973
45.896973
45.896404
45.895752
45.892403
45.868954
45.8468
45.80768
45.791428
45.787827
45.78772
45.78765
45.7811
45.776024
45.772747
45.770615
45.76923
45.73234
45.702038
45.701645
45.70138
45.69088
45.690434
45.690353
45.690292
45.68865
45.659355
45.658386
45.657948
45.657803
45.657795
45.65771
45.657635
45.649
45.648968
45.645588
45.63794
45.635933
45.635017
45.633133
45.614117
45.61342
45.605934
45.601738
45.501564
45.501316
45.50112
45.50097
45.50085
45.500755
45.495747
45.495747
45.49387
45.49387
45.491188
45.36121
45.35345
45.353184
45.351967
45.35107
45.344315
45.344315
45.344315
45.344315
45.342274
45.34226
45.339188
45.3351
45.3351
45.3351
45.3351
45.3351
45.3351
45.33506
45.33506
45.33506
45.33505
45.333195
45.33319
45.33319
45.33319
45.328274
45.324707
45.323296
45.32329
45.32329
45.32329
45.32329
45.32329
45.32329
45.31932
45.31932
45.318615
45.318527
45.318527
45.318527
45.318375
45.318054
45.290386
45.29036
45.29036
45.28736
45.28694
45.286667
45.252563
45.252563
45.252563
45.252563
45.25256
45.251827
45.250492
45.24944
45.248055
45.24629
45.24607
45.245876
45.245712
45.245594
45.24551
45.24481
45.24453
45.2445
45.234177
45.234154
45.234142
45.23397
45.23392
45.1739
45.16718
45.16715
45.167126
45.167114
45.167103
45.166946
45.166885
45.16688
45.16688
45.164425
45.164406
45.164345
45.158436
45.158436
45.158432
45.158432
45.158432
45.15782
45.15782
45.15782
45.157803
45.15779
45.157784
45.15778
45.157776
45.157772
45.141514
45.141506
45.141506
45.141506
45.14043
45.14043
45.14043
45.14043
45.14043
45.14043
45.14043
45.14043
45.14043
45.140427
45.140427
45.140427
45.140427
45.08336
45.08336
45.082233
45.082233
45.082233
45.082233
45.082233
45.082233
45.072025
45.064007
45.064007
45.064007
45.064007
45.064007
45.064007
45.064007
45.064007
45.064007
45.064007
45.064007
45.064007
45.064007
45.064007
45.064007
45.064007
45.064007
45.064007
45.064007
45.064007
45.064007
45.064007
45.064007
45.064007
45.064007
45.064007
45.064007
45.064007
45.064007
45.064007
45.064007
45.064007
45.064007
45.05901
45.05901
45.05901
45.05901
44.949783
44.949783
44.949783
44.949783
44.949783
44.949783
44.949783
44.949783
44.949783
44.949783
44.949783
44.949783
44.949783
44.949783
44.949783
44.949783
44.949783
44.949783
44.949783
44.949783
44.949783
44.949783
44.949783
44.949783
44.94965
44.94965
44.94965
44.94965
44.90968
44.90968
44.90968
44.909176
44.890266
44.890266
44.889694
44.859505
44.850334
44.850334
44.850334
44.839832
44.82713
44.818916
44.813587
44.81011
44.807823
44.80424
44.802986
44.802315
44.801865
44.801556
44.79496
44.794807
44.7947
44.787865
44.787815
44.78113
44.74631
44.7456
44.739876
44.71944
44.71943
44.71942
44.719418
44.719414
44.718872
44.71887
44.71887
44.718338
44.713238
44.713238
44.713
44.710316
44.707485
44.707485
44.702217
44.702217
44.702217
44.700607
44.700607
44.700607
44.695072
44.695072
44.694084
44.694084
44.677464
44.676464
44.676464
44.676464
44.676464
44.676346
44.67577
44.635098
44.634098
44.630177
44.627476
44.6256
44.624283
44.61739
44.6159
44.6159
44.615734
44.615734
44.615543
44.593655
44.593052
44.579613
44.57924
44.579098
44.579082
44.575645
44.57181
44.57181
44.55318
44.55318
44.55318
44.55318
44.55318
44.55318
44.55318
44.55318
44.55318
44.55318
44.55318
44.55318
44.55287
44.55287
44.5484
44.547714
44.53565
44.53565
44.53565
44.53565
44.53565
44.53565
44.535427
44.528076
44.527542
44.527107
44.52125
44.5212
44.517807
44.51064
44.510593
44.510567
44.51055
44.490208
44.486164
44.486164
44.415703
44.415703
44.41536
44.41536
44.41536
44.41536
44.41536
44.410946
44.410946
44.408436
44.407787
44.407787
44.407787
44.407787
44.407787
44.407787
44.407787
44.405052
44.405052
44.396706
44.391098
44.3876
44.385437
44.384106
44.3833
44.38282
44.382545
44.31786
44.235237
44.235203
44.235188
44.235188
44.197155
44.192673
44.192673
44.192673
44.192673
44.192482
44.192265
44.192097
44.191837
44.19173
44.19165
44.19158
44.173122
44.173084
44.173046
44.173023
44.173
44.172985
44.17297
44.172962
44.17295
44.172947
44.172935
44.17293
44.172928
44.172928
44.172924
44.172924
44.17292
44.17292
44.17292
44.172913
44.172913
44.172913
44.172913
44.17289
44.17289
44.17289
44.17289
44.17289
44.140987
44.140987
44.140984
44.134624
44.134624
44.112045
44.108074
44.10246
44.09862
44.09862
44.095955
44.095955
44.095955
44.09426
44.093517
44.046513
44.016365
44.015965
44.015675
44.01546
44.015312
44.015198
43.473206
43.47314
43.47305
43.469265
43.46692
43.465267
43.463566
43.463036
43.462723
43.46254
43.462444
43.462395
43.462376
43.462368
43.462364
43.399536
43.363018
43.363018
43.36294
43.36294
43.362938
43.362938
43.362938
43.362938
43.362938
43.362938
43.362938
43.36285
43.36285
43.36285
43.36285
43.36219
43.33669
43.33645
43.33644
43.33644
43.33644
43.336376
43.336304
43.33627
43.31998
43.31998
43.319958
43.319942
43.319927
43.31992
43.31991
43.3199
43.319897
43.319893
43.31989
43.319885
43.319885
43.319885
43.31368
43.31368
43.31368
43.31368
43.31368
43.313675
43.313675
43.311516
43.29646
43.29619
43.29619
43.29619
43.29236
43.286953
43.280285
43.270763
43.268566
43.26342
43.26342
43.25347
43.24414
43.238873
43.23607
43.23473
43.23424
43.23423
43.23423
43.231087
43.22786
43.225395
43.222523
43.219673
43.217464
43.215736
43.214382
43.213318
43.212475
43.211803
43.211277
43.207817
43.206646
43.20638
43.206165
43.205994
43.11195
43.10467
43.097054
43.096985
43.093266
43.09322
43.093185
43.093155
43.093136
43.093067
43.093056
43.09133
43.090054
43.089516
43.0892
43.056396
43.056313
43.047054
43.04704
43.04704
43.047035
43.047035
43.046997
43.045326
43.0453
43.04528
43.043613
42.999954
42.999947
42.99994
42.99982
42.999813
42.999332
42.99933
42.999325
42.94933
42.943836
42.943832
42.943626
42.924133
42.909233
42.900955
42.895943
42.893627
42.892944
42.892944
42.892944
42.892944
42.892944
42.891735
42.887886
42.887486
42.887486
42.886765
42.886765
42.886612
42.8863
42.88624
42.856606
42.856606
42.856606
42.856426
42.856224
42.8562
42.8562
42.8562
42.856182
42.849495
42.849426
42.84938
42.84935
42.849323
42.849304
42.849293
42.84928
42.849277
42.849266
42.827793
42.827793
42.822094
42.82209
42.82209
42.82209
42.822086
42.822086
42.822086
42.8194
42.8194
42.8194
42.8194
42.8194
42.80692
42.80692
42.80692
42.80692
42.80646
42.80125
42.80125
42.80125
42.80125
42.80125
42.799744
42.799744
42.680748
42.650024
42.650024
42.650024
42.650024
42.650024
42.650024
42.650024
42.650024
42.57311
42.57311
42.57311
42.55646
42.55646
42.55646
42.55646
42.551228
42.551228
42.551228
42.549484
42.549484
42.543785
42.543167
42.542526
42.542107
42.54183
42.54165
42.541527
42.541447
42.541393
42.54136
42.541264
42.537945
42.53793
42.537918
42.537914
42.50994
42.509937
42.509933
42.50779
42.507786
42.507786
42.50709
42.475754
42.475456
42.475136
42.475105
42.47454
42.47454
42.47454
42.47454
42.47452
42.47452
42.470078
42.470047
42.47001
42.469948
42.469906
42.469875
42.469856
42.469845
42.469833
42.468887
42.46888
42.468876
42.468872
42.468872
42.46887
42.46887
42.468864
42.46886
42.468857
42.46733
42.467327
42.465763
42.464626
42.464214
42.462673
42.462673
42.462673
42.46267
42.462605
42.462605
42.462605
42.445656
42.445656
42.44251
42.44251
42.44251
42.41772
42.41772
42.413857
42.413857
42.413857
42.413765
42.410686
42.410686
42.410686
42.410686
42.410686
42.410686
42.410686
42.410686
42.410625
42.409077
42.409077
42.409077
42.409016
42.408955
42.40892
42.39134
42.391182
42.38835
42.388348
42.388344
42.388344
42.280323
42.280323
42.280323
42.280323
42.279957
42.279957
42.279957
42.27888
42.27886
42.27886
42.27886
42.27886
42.27886
42.26377
42.26377
42.26377
42.26377
42.26377
42.26377
42.26377
42.26377
42.26377
42.26377
42.26377
42.26377
42.26377
42.26377
42.26377
42.26377
42.26377
42.26377
42.26377
42.263733
42.263733
42.263733
42.262947
42.262947
42.262947
42.262947
42.262947
42.262947
42.262947
42.22319
42.22319
42.22319
42.22319
42.22319
42.22319
42.22308
42.22308
42.22308
42.222794
42.22201
42.22201
42.22201
42.22201
42.22201
42.22201
42.22201
42.22201
42.222004
42.22178
42.22178
42.22178
42.22178
42.22178
42.22178
42.221764
42.221764
42.191383
42.191383
42.191383
42.180233
42.179955
42.15017
42.15017
42.15017
42.15017
42.15016
42.150146
42.150146
42.150146
42.150146
42.150066
42.150066
42.150066
42.150066
42.150066
42.147923
42.147892
42.14789
42.147877
42.147877
42.14786
42.14763
42.147217
42.147217
42.14654
42.14598
42.145596
42.14532
42.14514
42.14502
42.14493
42.144863
42.14482
42.144787
42.144764
42.14474
42.14473
42.14472
42.14471
42.144703
42.144703
42.144695
42.144695
42.144688
42.14464
42.144596
42.144554
42.144524
42.144497
42.14448
42.144466
42.14446
42.14445
42.143692
42.143578
42.143017
42.14265
42.142406
42.142246
42.14214
42.141846
42.140957
42.140434
42.14013
42.139492
42.139393
42.13939
42.139225
42.13909
42.13901
42.138958
42.13893
42.13829
42.13745
42.136986
42.136753
42.136646
42.135498
42.135395
42.128685
42.128605
42.107777
42.107716
42.100903
42.100662
42.076675
42.076675
42.076675
42.071156
42.060238
42.05647
41.99171
41.92205
41.917187
41.916683
41.915756
41.91396
41.906013
41.88274
41.88274
41.88274
41.88077
41.88077
41.88076
41.879166
41.878216
41.877956
41.877953
41.8778
41.87763
41.87752
41.87691
41.876553
41.873844
41.866203
41.781666
41.778004
41.776733
41.776733
41.776733
41.776535
41.776196
41.7758
41.77572
41.77556
41.775517
41.775326
41.775303
41.775284
41.7627
41.762627
41.753963
41.740715
41.74062
41.7406
41.72648
41.72612
41.725784
41.72493
41.72418
41.722984
41.722214
41.721703
41.72134
41.720882
41.7046
41.703857
41.701878
41.701103
41.700855
41.69746
41.67131
41.67062
41.67011
41.66973
41.66944
41.669228
41.669056
41.668274
41.66815
41.66807
41.66801
41.66772
41.667377
41.55849
41.55846
41.558445
41.55788
41.557644
41.55758
41.55757
41.557564
41.55756
41.55749
41.557407
41.557384
41.55738
41.557297
41.557297
41.557278
41.557278
41.557278
41.557278
41.557278
41.557278
41.557274
41.557274
41.55727
41.55727
41.55727
41.55727
41.55188
41.551823
41.551792
41.55174
41.55174
41.55174
41.547092
41.543987
41.54311
41.54311
41.54308
41.542355
41.54197
41.54191
41.541904
41.541824
41.536083
41.53599
41.535915
41.535847
41.5358
41.535763
41.53574
41.535713
41.53569
41.53567
41.535652
41.53565
41.535633
41.53563
41.535625
41.535618
41.535618
41.53561
41.535606
41.535606
41.535606
41.535603
41.535603
41.535603
41.535603
41.535603
41.535603
41.5356
41.5356
41.5356
41.5356
41.5356
41.5356
41.5356
41.5356
41.5356
41.5356
41.535576
41.535576
41.535576
41.535576
41.534767
41.534767
41.534767
41.534763
41.534763
41.534763
41.534763
41.534763
41.534763
41.534763
41.534763
41.534763
41.534763
41.534763
41.307426
41.307426
41.307426
41.307426
41.307236
41.305412
41.305412
41.305412
41.305412
41.30536
41.30536
41.305355
41.30534
41.305332
41.30466
41.30466
41.304653
41.282593
41.27922
41.27922
41.278088
41.278088
41.278088
41.278088
41.278072
41.250908
41.250908
41.25088
41.25082
41.250572
41.25057
41.25057
41.242092
41.23323
41.23323
41.23323
41.22472
41.2198
41.217365
41.21638
41.21619
41.216175
41.216038
41.2158
41.215008
41.214924
41.214878
41.184566
41.184555
41.18455
41.18455
41.18455
41.18455
41.184547
41.184547
41.184544
41.14628
41.14628
41.14628
41.14628
41.14628
41.14628
41.146275
41.146275
41.121914
41.121914
41.121914
41.121914
41.121914
41.121914
41.121914
41.12191
41.12191
41.12191
41.12191
41.12191
41.12191
41.12191
41.12191
41.12191
41.12191
41.12191
41.12191
41.12191
41.12191
41.12191
41.12191
41.12191
41.12191
41.12191
41.12191
41.12191
41.12191
41.12191
41.01561
41.01561
41.01561
41.01561
41.01561
40.821774
40.81907
40.81907
40.81907
40.80074
40.80074
40.80074
40.80074
40.80074
40.80074
40.80074
40.80074
40.80074
40.80074
40.80074
40.80074
40.80074
40.80074
40.80074
40.80074
40.80074
40.80074
40.80038
40.798904
40.798904
40.798904
40.73641
40.73513
40.73363
40.733593
40.727116
40.727116
40.727116
40.725525
40.705647
40.6963
40.655632
40.655632
40.655632
40.655632
40.65499
40.653507
40.645798
40.638622
40.638622
40.638622
40.638622
40.638622
40.638622
40.638622
40.638622
40.631348
40.620174
40.613895
40.609764
40.60629
40.590878
40.58939
40.588554
40.587887
40.58741
40.587124
40.58685
40.586708
40.58656
40.586452
40.572956
40.572903
40.572865
40.57283
40.572807
40.572792
40.572525
40.572514
40.572506
40.572502
40.5725
40.572495
40.57249
40.572475
40.572475
40.57247
40.57247
40.572464
40.54107
40.54107
40.54107
40.54107
40.54107
40.54107
40.54107
40.54107
40.54107
40.54107
40.54107
40.541058
40.541058
40.541058
40.541058
40.54103
40.541023
40.541023
40.541023
40.541023
40.54102
40.54102
40.540565
40.531815
40.53118
40.530743
40.53043
40.530197
40.530033
40.52991
40.529446
40.529377
40.529324
40.529285
40.52925
40.52923
40.529213
40.529194
40.529182
40.522423
40.519447
40.498394
40.498386
40.49838
40.498375
40.498375
40.49837
40.49837
40.49837
40.498367
40.498367
40.498367
40.498367
40.498367
40.498367
40.498367
40.498367
40.498367
40.498367
40.49822
40.49822
40.49822
40.49822
40.498135
40.49796
40.49796
40.49796
40.49796
40.49796
40.49796
40.49504
40.494625
40.490402
40.4904
40.489822
40.487843
40.487434
40.486633
40.486633
40.486633
40.486633
40.486633
40.486633
40.486633
40.486633
40.4278
40.4278
40.4278
40.427628
40.42717
40.426994
40.426975
40.426975
40.426968
40.426968
40.426968
40.426968
40.423023
40.42283
40.422646
40.422504
40.421955
40.42187
40.42181
40.414963
40.414917
40.41489
40.414864
40.414845
40.3894
40.38939
40.389378
40.389366
40.359245
40.35924
40.359238
40.359207
40.359093
40.359047
40.359028
40.359028
40.359028
40.359028
40.320095
40.320087
40.305645
40.30564
40.305637
40.30563
40.30563
40.305626
40.305626
40.305622
40.305622
40.305622
40.303997
40.303734
40.30325
40.280586
40.257366
40.254932
40.25455
40.25455
40.254498
40.235943
40.23152
40.23152
40.231216
40.231106
40.231106
40.230907
40.230892
40.230892
40.230755
40.230137
40.230137
40.230064
40.230064
40.229958
40.229763
40.22968
40.229626
40.22956
40.22954
40.229492
40.229454
40.229435
40.229427
40.22942
40.22942
40.22942
40.22942
40.22941
40.22454
40.22453
40.22452
40.22451
40.224506
40.224503
40.223648
40.223644
40.22364
40.22364
40.217537
40.21677
40.21677
40.21345
40.209644
40.207603
40.206623
40.20624
40.206184
40.206184
40.206116
40.20598
40.205887
40.205826
40.17405
40.17402
40.174
40.17399
40.173977
40.173973
40.173965
40.1732
40.173195
40.119774
40.10071
40.10071
40.10071
40.099575
40.099575
40.09957
40.09957
40.09957
40.0989
40.093575
40.093575
40.072598
40.03767
40.034595
40.031303
39.937786
39.937786
39.93674
39.902
39.898518
39.89693
39.89561
39.890995
39.88818
39.88729
39.886795
39.886402
39.878426
39.878174
39.877964
39.87213
39.846016
39.845356
39.84515
39.840538
39.82006
39.76704
39.72819
39.70806
39.69574
39.688274
39.68382
39.681217
39.679752
39.672485
39.632896
39.632767
39.63116
39.628803
39.628788
39.628777
39.628765
39.628757
39.628746
39.628437
39.627964
39.6276
39.62731
39.627083
39.62691
39.625572
39.62547
39.62538
39.625317
39.625267
39.62523
39.62519
39.62437
39.624348
39.62433
39.624317
39.62431
39.62412
39.62306
39.623055
39.622982
39.62171
39.621677
39.62167
39.621616
39.619522
39.382328
39.38231
39.3823
39.382298
39.382298
39.382298
39.382298
39.382298
39.382298
39.382298
39.38229
39.38229
39.38229
39.38187
39.306625
39.306625
39.306625
39.306625
39.30662
39.30662
39.30662
39.30662
39.30662
39.30662
39.30662
39.30632
39.30632
39.30632
39.30632
39.30632
39.30632
39.30632
39.30632
39.30632
39.306313
39.306274
39.306274
39.306274
39.306274
39.306274
39.306274
39.28832
39.28822
39.28822
39.28822
39.28822
39.28822
39.28822
39.28822
39.287792
39.18273
39.18273
39.18273
39.18273
39.175285
39.14932
39.14932
39.14932
39.14932
39.14932
39.147038
39.147038
39.147038
39.147038
39.147034
39.147034
39.14045
39.12527
39.123764
39.120853
39.120853
39.120335
39.106037
39.04392
39.04392
39.038933
39.038837
39.038776
39.038742
39.038715
39.038704
39.038696
39.034588
39.025135
39.02372
39.02363
39.01976
39.01976
39.01976
39.01976
39.019634
39.010147
39.010143
38.97834
38.97834
38.978336
38.978336
38.97333
38.97333
38.97333
38.97333
38.97333
38.972237
38.96135
38.960526
38.922848
38.922848
38.922848
38.922848
38.92188
38.921818
38.901726
38.901726
38.901382
38.900578
38.88884
38.8673
38.788513
38.78229
38.779434
38.7785
38.772747
38.772713
38.77096
38.770943
38.769207
38.766865
38.765457
38.76462
38.761307
38.75981
38.759075
38.75901
38.75899
38.758385
38.75831
38.758244
38.75807
38.75676
38.754223
38.7542
38.754177
38.754166
38.754154
38.754147
38.75414
38.75413
38.75393
38.753925
38.75392
38.75392
38.75347
38.75347
38.75248
38.75248
38.75248
38.75248
38.75248
38.752464
38.75191
38.751774
38.751545
38.75144
38.751396
38.751366
38.751354
38.751354
38.751354
38.751354
38.751347
38.75128
38.751232
38.751194
38.751163
38.751144
38.751125
38.751114
38.751102
38.751064
38.75103
38.751
38.75098
38.750965
38.750954
38.75094
38.75093
38.750923
38.75092
38.750916
38.75091
38.653072
38.653072
38.65307
38.65307
38.65307
38.653065
38.653065
38.653065
38.653065
38.653065
38.653065
38.653065
38.653065
38.65306
38.65306
38.65306
38.65306
38.65306
38.65306
38.645954
38.642693
38.642693
38.640614
38.640614
38.640614
38.640614
38.640614
38.640614
38.640614
38.640614
38.640614
38.640614
38.513004
38.513004
38.513004
38.513004
38.513004
38.513004
38.513004
38.513004
38.513004
38.513004
38.513004
38.395664
38.395664
38.391567
38.390266
38.390266
38.390266
38.39021
38.39021
38.39021
38.39021
38.39021
38.39021
38.39021
38.39021
38.39021
38.39016
38.38985
38.389614
38.389442
38.3893
38.3892
38.389114
38.389053
38.389004
38.388966
38.38893
38.38891
38.388893
38.388874
38.388863
38.38885
38.388844
38.38884
38.388836
38.32605
38.32456
38.32426
38.32426
38.32426
38.324257
38.324257
38.312256
38.311195
38.310677
38.31049
38.310482
38.310482
38.310482
38.307915
38.307915
38.307705
38.307533
38.30746
38.307453
38.307453
38.24153
38.24153
38.24153
38.24153
38.236797
38.234653
38.22931
38.22931
38.22931
38.22931
38.22931
38.22931
38.22931
38.22931
38.22931
38.22931
38.22931
38.22931
38.21942
38.177174
38.173412
38.173412
38.173412
38.173412
38.173412
38.173412
38.173412
38.173412
38.173412
38.173412
38.173412
38.173412
38.173374
38.173073
38.170513
38.170513
38.170513
38.17046
38.17046
38.17046
38.170006
38.169724
38.169724
38.169724
38.169724
38.169724
38.169724
38.164185
38.164112
38.164112
38.164112
38.164024
38.163933
38.163887
38.163826
38.163826
38.16375
38.16375
38.163677
38.163567
38.161797
38.132656
38.114727
38.113102
38.101585
38.099277
38.091248
38.062794
38.04847
38.047462
38.045853
38.0441
38.044094
38.03987
38.039856
38.03975
38.038033
38.02888
38.02888
38.028465
38.02412
38.021694
38.019142
38.01813
38.01673
38.01654
38.016064
38.01507
38.014202
38.014027
38.013897
38.0138
38.01373
38.013676
38.013634
38.013607
38.013588
38.01356
38.01354
38.013523
38.013206
38.01315
38.012928
38.01292
38.012775
38.012672
38.012535
37.847256
37.847233
37.84715
37.847134
37.847122
37.844204
37.8442
37.8442
37.844193
37.839844
37.784203
37.78414
37.784107
37.784084
37.782673
37.782665
37.78266
37.782658
37.782654
37.782654
37.782654
37.782654
37.782654
37.782654
37.782654
37.782646
37.782646
37.782646
37.782646
37.782646
37.782646
37.782646
37.782646
37.782646
37.78158
37.781155
37.78113
37.78113
37.78113
37.78113
37.756313
37.553654
37.553654
37.54523
37.54523
37.545227
37.545185
37.54509
37.54487
37.54487
37.544865
37.544865
37.517883
37.498028
37.498028
37.498028
37.498024
37.498024
37.498024
37.498024
37.498024
37.488472
37.48687
37.48687
37.48687
37.48533
37.47456
37.474525
37.471172
37.469864
37.469776
37.469727
37.469707
37.46964
37.46962
37.469543
37.46835
37.467888
37.467293
37.466896
37.466564
37.465786
37.465466
37.46508
37.4646
37.46444
37.464394
37.426826
37.426807
37.426796
37.426517
37.42651
37.426502
37.4265
37.42641
37.426228
37.426224
37.416096
37.390636
37.390343
37.390137
37.38998
37.38987
37.389782
37.389717
37.389668
37.38963
37.351665
37.35164
37.351624
37.3455
37.345486
37.345474
37.345467
37.34546
37.345455
37.34545
37.284588
37.284588
37.284588
37.284584
37.284584
37.284584
37.284584
37.274853
37.27236
37.27236
37.26294
37.26294
37.26294
37.26294
37.26294
37.235577
37.234726
37.233536
37.2327
37.2321
37.231667
37.231342
37.231106
37.23093
37.23079
37.230686
37.230606
37.23054
37.23049
37.230457
37.230427
37.227173
37.227158
37.22714
37.227127
37.22712
37.19403
37.19247
37.17562
37.172092
37.172085
37.172085
37.17208
37.17027
37.163784
37.162056
37.162056
37.162052
37.162052
37.162052
37.162052
37.162052
37.162052
37.162052
37.161545
37.161545
37.161545
37.161545
37.161545
37.161545
37.161545
37.161545
37.161545
37.161457
37.161457
37.161457
37.15975
37.15835
37.157803
37.157734
37.157734
37.157734
37.157734
37.157734
37.157734
37.157608
37.15596
37.14994
37.146984
37.145813
37.144863
37.144672
37.144463
37.144115
37.143425
37.14335
37.143288
37.14232
37.14226
37.142193
37.14214
36.998
36.99797
36.99794
36.98229
36.97456
36.96949
36.96948
36.96919
36.96918
36.969177
36.969173
36.96917
36.969097
36.96905
36.96905
36.969048
36.96773
36.967648
36.967648
36.967648
36.967644
36.967575
36.96746
36.96737
36.9673
36.967247
36.96721
36.967175
36.96715
36.96713
36.967113
36.96697
36.966877
36.96687
36.966866
36.96672
36.966595
36.96659
36.96654
36.9665
36.966476
36.966457
36.966446
36.96644
36.96643
36.96643
36.966427
36.966427
36.966423
36.966423
36.962727
36.962727
36.962727
36.96145
36.95941
36.95941
36.95941
36.95941
36.95941
36.95941
36.95941
36.958736
36.958736
36.958736
36.958736
36.958736
36.958736
36.958736
36.958736
36.958736
36.958736
36.95557
36.95542
36.95542
36.955296
36.955296
36.955296
36.955296
36.955296
36.955296
36.955276
36.954872
36.95486
36.95486
36.95486
36.953907
36.953907
36.953873
36.953873
36.953873
36.93796
36.93796
36.93794
36.93794
36.93794
36.93789
36.93789
36.93789
36.937874
36.937874
36.937874
36.937874
36.937874
36.937874
36.937874
36.937874
36.937874
36.825584
36.825584
36.825584
36.825584
36.825584
36.81887
36.81887
36.81887
36.81887
36.81887
36.81843
36.81843
36.81843
36.81843
36.81843
36.81843
36.81843
36.81843
36.81843
36.734135
36.733986
36.73393
36.73393
36.73393
36.733337
36.733337
36.72229
36.72229
36.72229
36.722176
36.721878
36.721775
36.721733
36.721718
36.721718
36.721718
36.721703
36.721657
36.721592
36.721542
36.721508
36.72149
36.72141
36.72128
36.72124
36.721237
36.697567
36.68456
36.68456
36.67143
36.671425
36.671204
36.66285
36.66258
36.66258
36.66258
36.66258
36.28424
36.284218
36.284218
36.284206
36.26754
36.267525
36.26752
36.267517
36.26672
36.2569
36.254208
36.254208
36.254208
36.248283
36.248276
36.24827
36.248264
36.248257
36.248127
36.248123
36.248123
36.248123
36.24812
36.24812
36.24812
36.246704
36.246258
36.217262
36.217262
36.217262
36.216354
36.216003
36.216003
36.216003
36.214405
36.21056
36.20957
36.209206
36.209145
36.209145
36.208984
36.208847
36.208736
36.208656
36.20859
36.208538
36.208496
36.208416
36.20839
36.20837
36.208355
36.20834
36.20833
36.20832
36.208317
36.208313
36.20613
36.206127
36.206123
36.206123
36.203907
36.203598
36.203598
36.20357
36.203552
36.20354
36.20353
36.203518
36.20302
36.203014
36.20301
36.202538
36.201027
36.200428
36.20034
36.200336
36.200336
36.200336
36.200336
36.200336
36.098045
36.097935
36.0977
36.09754
36.09745
36.097385
36.097347
36.097317
36.097305
36.097294
36.09729
36.097286
36.097282
36.0365
36.0365
36.0365
36.0365
36.03451
36.03451
36.03451
36.03451
36.03451
36.03451
36.03451
36.03451
36.03451
36.03451
36.034508
36.034508
36.034508
36.034508
36.034237
36.034237
36.034237
36.034237
36.033558
36.032993
36.032993
36.032993
36.032993
36.032993
36.032993
36.032993
36.03199
36.031635
36.031635
36.01305
36.01302
36.01302
36.01302
36.01302
36.013016
36.013016
36.013016
36.011562
35.9939
35.991753
35.991722
35.991707
35.988995
35.98411
35.980976
35.978966
35.977676
35.97612
35.975582
35.974346
35.97353
35.973385
35.97329
35.973225
35.973167
35.97314
35.973125
35.90778
35.90772
35.907715
35.90771
35.907707
35.87887
35.873924
35.873817
35.873814
35.873775
35.873775
35.87289
35.871925
35.871273
35.87084
35.870537
35.868637
35.868496
35.8684
35.868332
35.868282
35.868248
35.86822
35.868202
35.868187
35.867947
35.86794
35.867935
35.86793
35.795864
35.75956
35.75956
35.75956
35.75956
35.75956
35.75956
35.75956
35.75956
35.75956
35.75956
35.75956
35.75956
35.75956
35.75956
35.75956
35.75956
35.75956
35.75956
35.75956
35.75956
35.75956
35.75527
35.75527
35.75527
35.75527
35.75527
35.6801
35.628685
35.628685
35.628685
35.628685
35.628685
35.628685
35.628685
35.628685
35.626408
35.626408
35.626408
35.626408
35.626408
35.626408
35.613792
35.613792
35.613792
35.613747
35.613747
35.613747
35.613747
35.613747
35.613747
35.61315
35.61233
35.60969
35.60969
35.60969
35.60856
35.60856
35.60856
35.60823
35.599728
35.599728
35.599728
35.599728
35.599728
35.59952
35.599037
35.59891
35.592598
35.590908
35.590908
35.590908
35.579464
35.576725
35.576725
35.576725
35.576725
35.576725
35.576725
35.576725
35.575706
35.575706
35.575706
35.57499
35.57499
35.57499
35.57499
35.57499
35.528297
35.528297
35.52812
35.52812
35.52812
35.528072
35.527874
35.525063
35.524147
35.52343
35.523415
35.52317
35.522415
35.50496
35.504604
35.504368
35.504192
35.5039
35.495857
35.485813
35.485767
35.485733
35.481808
35.47644
35.476425
35.476418
35.4724
35.46717
35.467163
35.46716
35.467155
35.467155
35.46715
35.46715
35.462383
35.46238
35.46238
35.46238
35.46238
35.462044
35.462013
35.462013
35.462013
35.46201
35.461926
35.461926
35.46147
35.46135
35.46134
35.46133
35.461216
35.461136
35.461082
35.460705
35.460682
35.46067
35.460655
35.45759
35.457577
35.457577
35.457573
35.45757
35.45757
35.457565
35.457565
35.45756
35.45756
35.456963
35.454666
35.454662
35.453842
35.451115
35.45013
35.449608
35.449604
35.449604
35.449604
35.449604
35.4496
35.4496
35.4496
35.44886
35.44886
35.44886
35.44886
35.44886
35.44886
35.44886
35.448196
35.445065
35.445065
35.445065
35.443474
35.442364
35.442364
35.442364
35.442303
35.442303
35.442303
35.442303
35.442303
35.442303
35.442226
35.442226
35.442226
35.442226
35.441895
35.441887
35.44179
35.44179
35.44179
35.44179
35.44179
35.441708
35.441708
35.44144
35.44141
35.44141
35.44141
35.44141
35.44141
35.44141
35.44141
35.44141
35.44141
35.44141
35.44141
35.44141
35.44141
35.44141
35.44141
35.44141
35.44141
35.44141
35.44141
35.44141
35.44141
35.441402
35.441402
35.441402
35.441402
35.439137
35.438816
35.438538
35.438515
35.4385
35.438496
35.438496
35.438496
35.43849
35.43849
35.43825
35.43825
35.43825
35.43825
35.43825
35.43825
35.43823
35.43823
35.43823
35.438225
35.438225
35.438225
35.43316
35.43316
35.431694
35.430744
35.43013
35.429733
35.42947
35.429306
35.429195
35.429123
35.42865
35.428616
35.428596
35.42858
35.427814
35.42703
35.42695
35.42695
35.426548
35.425747
35.424942
35.424072
35.42355
35.42324
35.42307
35.42297
35.42292
35.422894
35.422382
35.42203
35.42188
35.42184
35.421833
35.421825
35.415607
35.410667
35.408516
35.407993
35.407288
35.300724
35.30046
35.30027
35.300247
35.300247
35.300247
35.300243
35.300224
35.300213
35.299683
35.299526
35.299526
35.299526
35.299423
35.299267
35.29916
35.29909
35.299046
35.298786
35.29865
35.298267
35.292778
35.292606
35.28862
35.288494
35.288425
35.288383
35.28834
35.288265
35.2882
35.288155
35.288113
35.28793
35.287754
35.287643
35.287575
35.285107
35.28503
35.28496
35.21763
35.217575
35.217537
35.21751
35.21749
35.21748
35.21747
35.217464
35.21745
35.217407
35.21283
35.210716
35.210716
35.210632
35.199093
35.199074
35.198982
35.198658
35.198658
35.19847
35.192345
35.192177
35.191914
35.19179
35.19176
35.191116
35.19099
35.190804
35.190697
35.190567
35.189327
35.189148
35.187622
35.187622
35.187622
35.149204
35.149117
35.149055
35.14884
35.148422
35.148186
35.147972
35.13459
35.13458
35.13458
35.13458
35.134537
35.133556
35.133537
35.132534
35.132523
35.132515
35.132504
35.132496
35.09546
35.03243
35.032425
35.03242
34.96771
34.96771
34.967705
34.9677
34.967186
34.967045
34.966797
34.92803
34.92803
34.92803
34.928013
34.928013
34.928013
34.928005
34.927998
34.927998
34.927513
34.92587
34.925865
34.92586
34.92301
34.923008
34.848824
34.848824
34.848316
34.848316
34.848316
34.84362
34.84362
34.843513
34.843468
34.843464
34.80561
34.795723
34.795715
34.795708
34.7957
34.793827
34.77484
34.749386
34.74784
34.74633
34.74633
34.741932
34.737724
34.737724
34.737724
34.73772
34.73701
34.737007
34.736755
34.735134
34.73513
34.73513
34.735126
34.735126
34.735126
34.735126
34.734234
34.73245
34.73144
34.730083
34.730083
34.729877
34.72971
34.728283
34.728184
34.728107
34.72549
34.72545
34.72541
34.724606
34.724586
34.724564
34.714912
34.714897
34.714886
34.714832
34.714672
34.71401
34.71386
34.698853
34.69882
34.698566
34.69855
34.697674
34.697258
34.697258
34.69723
34.6972
34.65126
34.648087
34.64795
34.64795
34.641808
34.641808
34.641808
34.641804
34.641792
34.641785
34.64172
34.64168
34.64168
34.64168
34.641136
34.638294
34.637745
34.637455
34.637455
34.637142
34.637074
34.63685
34.636772
34.625553
34.60194
34.591774
34.589657
34.589603
34.589542
34.58952
34.582443
34.581856
34.577805
34.575577
34.574146
34.573116
34.572166
34.57156
34.571297
34.57091
34.570427
34.570198
34.570107
34.57006
34.569996
34.569866
34.569424
34.569054
34.568905
34.56883
34.568768
34.568584
34.568447
34.568367
34.56815
34.568043
34.567978
34.567844
34.567787
34.567566
34.567516
34.567513
34.56751
34.567497
34.56748
34.567463
34.567455
34.566208
34.56566
34.564297
34.56326
34.562458
34.561836
34.530174
34.529503
34.529034
34.528385
34.52791
34.52755
34.522778
34.52148
34.5213
34.521126
34.51888
34.51668
34.51115
34.50845
34.50581
34.504223
34.503254
34.491165
34.4906
34.489613
34.48855
34.48773
34.48701
34.486256
34.48487
34.48374
34.482925
34.47929
34.47806
34.476395
34.47517
34.470516
34.468185
34.461533
34.460487
34.44915
34.447918
34.44727
34.44689
34.446426
34.446278
34.44607
34.42822
34.416447
34.414284
34.41276
34.412724
34.412624
34.381977
34.381954
34.381527
34.381493
34.37801
34.37743
34.37727
34.377266
34.373833
34.36165
34.35961
34.358265
34.357346
34.356705
34.356262
34.35576
34.355534
34.35537
34.355247
34.35516
34.355095
34.35504
34.355
34.354973
34.354946
34.3521
34.351612
34.3516
34.35159
34.351585
34.350964
34.35096
34.350285
34.350285
34.328865
34.328865
34.31713
34.317116
34.317116
34.317116
34.317116
34.317097
34.31709
34.31706
34.31639
34.298008
34.298008
34.298008
34.297962
34.29796
34.297928
34.297928
34.297573
34.29753
34.297527
34.29752
34.29752
34.29743
34.29743
34.297424
34.297424
34.297424
34.297356
34.29568
34.294476
34.294476
34.294476
34.288692
34.287086
34.287086
34.287086
34.287086
34.26861
34.268604
34.268597
34.268593
34.2669
34.247314
34.243156
34.243122
34.243122
34.240067
34.236805
34.234478
34.232788
34.231556
34.230495
34.2296
34.22897
34.22853
34.22822
34.2278
34.227257
34.226894
34.22665
34.226486
34.22632
34.206264
34.206173
34.206104
34.20605
34.20601
34.20598
34.205948
34.205933
34.205914
34.14067
34.14064
34.14061
34.140583
34.140568
34.140556
34.140545
34.140537
34.14053
34.140526
34.14052
34.14052
34.140514
34.13964
34.139637
34.139637
34.139637
34.139637
34.139637
34.122845
34.12284
34.12284
34.11503
34.11174
34.11174
34.101738
34.094425
34.09416
34.094063
34.059315
34.038532
34.038322
34.03828
34.036167
34.03407
34.03241
34.031216
34.030262
34.02961
34.02911
34.02872
34.028347
34.02805
34.027855
34.00025
34.000134
34.000042
33.99633
33.979557
33.979294
33.96317
33.96314
33.963116
33.963097
33.96308
33.900574
33.898636
33.89863
33.89862
33.898617
33.898373
33.89125
33.855656
33.851486
33.8186
33.814552
33.813065
33.788963
33.788216
33.78767
33.786144
33.78168
33.781452
33.781277
33.780888
33.78078
33.780704
33.780636
33.77025
33.76697
33.76694
33.764683
33.763645
33.761536
33.761524
33.761513
33.75534
33.750126
33.749672
33.74967
33.74967
33.74958
33.727524
33.72325
33.721092
33.721092
33.721058
33.714897
33.714897
33.694397
33.694397
33.693317
33.688755
33.688732
33.68166
33.681072
33.679882
33.679882
33.675518
33.66962
33.669033
33.667637
33.66543
33.664726
33.664474
33.664303
33.664173
33.663754
33.663692
33.615437
33.579918
33.57991
33.57948
33.494114
33.49411
33.494072
33.494064
33.494057
33.489815
33.48981
33.489807
33.489803
33.4898
33.4898
33.4898
33.489796
33.489796
33.48953
33.48953
33.48953
33.489426
33.48315
33.48315
33.481792
33.48059
33.48059
33.48059
33.480583
33.480583
33.480583
33.48058
33.48048
33.480473
33.480473
33.47976
33.47976
33.47976
33.47976
33.47976
33.47964
33.479473
33.479473
33.479446
33.479446
33.479446
33.472477
33.472427
33.472427
33.472427
33.472416
33.472404
33.4724
33.4724
33.472397
33.456993
33.45469
33.45469
33.45469
33.45469
33.45469
33.45467
33.45467
33.45467
33.454643
33.454643
33.454643
33.454624
33.454613
33.454597
33.45358
33.45358
33.45358
33.45354
33.45354
33.45354
33.45354
33.45339
33.45337
33.45337
33.45337
33.45337
33.44918
33.449177
33.449177
33.449173
33.449173
33.44911
33.449074
33.44907
33.44907
33.44907
33.435017
33.435005
33.42896
33.42895
33.420895
33.418377
33.418373
33.418373
33.41837
33.402515
33.40251
33.402477
33.40232
33.400925
33.399143
33.398098
33.397488
33.397118
33.39693
33.39685
33.396736
33.396427
33.39626
33.39595
33.395542
33.395313
33.39514
33.39498
33.39493
33.394638
33.394604
33.39455
33.394516
33.394447
33.39439
33.394283
33.39419
33.39415
33.393967
33.39378
33.382328
33.363686
33.363564
33.36348
33.36343
33.363396
33.357365
33.357296
33.35132
33.35132
33.351273
33.351273
33.35123
33.35123
33.35123
33.35123
33.351223
33.349247
33.349247
33.349243
33.349243
33.349243
33.34924
33.349236
33.349236
33.349236
33.34923
33.34923
33.330692
33.33064
33.330532
33.330517
33.330513
33.330505
33.3305
33.330498
33.330486
33.330395
33.33034
33.330284
33.330246
33.330208
33.330196
33.326653
33.326626
33.326614
33.326603
33.326595
33.326588
33.32658
33.323814
33.251347
33.249302
33.249065
33.249065
33.24906
33.24906
33.24905
33.249043
33.249043
33.247974
33.24728
33.228065
33.22786
33.227768
33.227737
33.227734
33.22768
33.22764
33.227608
33.227585
33.227562
33.227547
33.22754
33.22753
33.227524
33.225952
33.199093
33.199085
33.199078
33.199062
33.19906
33.199055
33.196583
33.19658
33.196575
33.19657
33.194695
33.18585
33.180923
33.177937
33.17615
33.173363
33.17278
33.155724
33.155582
33.15552
33.15549
33.155098
33.15479
33.154545
33.15357
33.15342
33.153297
33.1532
33.153122
33.152847
33.15279
33.152752
33.152714
33.15257
33.152534
33.152508
33.152477
33.15246
33.09733
33.097305
33.0971
33.096985
33.096977
33.096973
33.096943
33.096924
33.09692
33.096912
33.09691
33.096905
33.09686
33.096714
33.096638
33.096558
33.09653
33.09646
33.089943
33.078136
33.07813
33.077225
33.077217
33.05991
33.046715
33.04606
33.046055
33.046032
33.046024
33.04602
33.046017
33.03871
33.038708
33.038708
33.038704
33.038696
33.038692
33.038692
33.038692
33.03869
33.03859
33.03859
33.038586
33.038586
33.038586
33.038586
33.025635
33.014553
33.014553
33.014553
33.014553
33.014458
33.014427
33.012463
33.00384
33.000084
32.999714
32.999638
32.999638
32.999638
32.999634
32.999565
32.99824
32.997177
32.996487
32.996227
32.99604
32.99538
32.994812
32.99459
32.994503
32.994457
32.99442
32.994343
32.994267
32.99421
32.994167
32.99414
32.99412
32.9941
32.99408
32.994064
32.994057
32.994045
32.994038
32.994034
32.99403
32.994026
32.994026
32.994022
32.994022
32.99402
32.99402
32.994015
32.994007
32.994007
32.994007
32.994003
32.994
32.994
32.994
32.994
32.994
32.994
32.993996
32.993996
32.993996
32.993996
32.993996
32.993996
32.993996
32.993996
32.993996
32.993996
32.993996
32.993996
32.993996
32.993996
32.993996
32.993996
32.993996
32.993996
32.993996
32.993996
32.993996
32.993996
32.993996
32.99399
32.99399
32.99399
32.99399
32.99399
32.99399
32.99399
32.99399
32.99399
32.99399
32.99399
32.99399
32.99399
32.99399
32.99399
32.99387
32.99387
32.99387
32.99387
32.99387
32.9938
32.9938
32.9938
32.9938
32.9938
32.9938
32.9938
32.9938
32.9938
32.9938
32.9938
32.9938
32.9938
32.9938
32.9938
32.9938
32.9938
32.9938
32.9938
32.9938
32.99376
32.99376
32.99376
32.99376
32.993748
32.993748
32.993748
32.993748
32.993748
32.993748
32.993748
32.993717
32.9937
32.993694
32.993694
32.993694
32.993694
32.993694
32.993694
32.993687
32.993668
32.993664
32.993637
32.993633
32.993633
32.993633
32.993633
32.993633
32.993633
32.993633
32.993633
32.993633
32.993633
32.993633
32.992905
32.992897
32.992897
32.99279
32.99279
32.99279
32.9875
32.987488
32.9831
32.979008
32.97689
32.975937
32.975647
32.975647
32.975647
32.97539
32.975246
32.975246
32.975246
32.866104
32.865986
32.865913
32.86586
32.86583
32.865807
32.86579
32.86578
32.865776
32.865772
32.85944
32.855003
32.84766
32.84766
32.847652
32.847652
32.847652
32.847652
32.847652
32.847652
32.835945
32.835945
32.819534
32.792595
32.78388
32.78388
32.78388
32.78388
32.78388
32.78388
32.78388
32.78388
32.783875
32.783875
32.783875
32.777473
32.777473
32.777473
32.777473
32.777473
32.77584
32.71369
32.71369
32.71369
32.71369
32.71369
32.71369
32.71187
32.710938
32.70884
32.70884
32.70884
32.69813
32.69813
32.69813
32.69813
32.69813
32.69813
32.69813
32.69813
32.69813
32.697834
32.69783
32.697037
32.697037
32.697037
32.697037
32.697037
32.697037
32.65968
32.65968
32.659634
32.65798
32.651913
32.64803
32.6459
32.644814
32.644367
32.64429
32.644173
32.64414
32.644108
32.64317
32.640556
32.63994
32.639523
32.639233
32.63903
32.63889
32.638783
32.63871
32.638657
32.63862
32.638588
32.6385
32.635963
32.635952
32.635944
32.625435
32.618923
32.61892
32.618916
32.611073
32.595222
32.59229
32.592285
32.592285
32.58746
32.58746
32.58746
32.58746
32.58746
32.585827
32.583416
32.583416
32.583015
32.582752
32.58013
32.579605
32.579605
32.57802
32.57802
32.57802
32.57802
32.57802
32.57802
32.572495
32.569637
32.568737
32.568573
32.568535
32.568504
32.568478
32.568462
32.568436
32.567665
32.5673
32.567257
32.474525
32.474518
32.47451
32.4745
32.47438
32.474297
32.474236
32.474197
32.474163
32.474144
32.47413
32.47411
32.4741
32.47409
32.474087
32.47408
32.474075
32.474075
32.47407
32.47407
32.474068
32.474068
32.474068
32.474064
32.474064
32.474064
32.474064
32.474064
32.474064
32.474064
32.474064
32.474056
32.474056
32.474056
32.474056
32.474056
32.474056
32.474056
32.474056
32.474056
32.474056
32.474056
32.474056
32.474056
32.471207
32.471207
32.469975
32.469975
32.46767
32.46554
32.464775
32.464756
32.464756
32.464756
32.464756
32.464756
32.464752
32.464752
32.464752
32.464462
32.46446
32.46408
32.463852
32.463852
32.463478
32.463223
32.463047
32.462925
32.46284
32.46278
32.462734
32.462704
32.45768
32.457664
32.457653
32.457645
32.457634
32.45763
32.457626
32.457623
32.45762
32.45762
32.457615
32.457615
32.457615
32.457615
32.45761
32.45761
32.45761
32.45761
32.45761
32.45761
32.457607
32.457607
32.457607
32.457607
32.457607
32.457607
32.457607
32.457607
32.457607
32.457607
32.457607
32.457607
32.457607
32.457607
32.457607
32.457607
32.456486
32.452362
32.452362
32.45236
32.451252
32.451252
32.451252
32.451252
32.451252
32.450233
32.450233
32.450233
32.45023
32.45023
32.45023
32.44944
32.449245
32.449245
32.449245
32.436607
32.431404
32.431404
32.431404
32.431404
32.430805
32.430058
32.42954
32.429173
32.428913
32.428726
32.428585
32.42825
32.425926
32.42587
32.425827
32.425793
32.425766
32.425747
32.42573
32.425716
32.425705
32.4257
32.425694
32.400734
32.40073
32.397594
32.397533
32.397533
32.39751
32.39197
32.39197
32.391964
32.391964
32.391964
32.389305
32.389305
32.389305
32.386826
32.37791
32.37602
32.375065
32.374565
32.37332
32.37332
32.37332
32.373318
32.373318
32.37331
32.37331
32.37331
32.373306
32.373306
32.373306
32.373306
32.373184
32.371487
32.36217
32.36209
32.36203
32.324936
32.324898
32.324856
32.324825
32.324764
32.324745
32.323288
32.322956
32.322517
32.322506
32.322502
32.3225
32.2916
32.291595
32.291588
32.291584
32.29066
32.288776
32.28773
32.28719
32.286877
32.28669
32.286602
32.286564
32.28655
32.286545
32.28654
32.286537
32.286537
32.286533
32.286495
32.28644
32.28637
32.28634
32.286217
32.2862
32.286182
32.28617
32.267296
32.26727
32.26678
32.266758
32.266743
32.26674
32.26673
32.26672
32.266716
32.266712
32.266705
32.266674
32.266674
32.26667
32.26667
32.266666
32.266655
32.236736
32.236732
32.23673
32.236725
32.23672
32.205658
32.187366
32.187363
32.187363
32.187363
32.187363
32.187355
32.18715
32.18709
32.18699
32.18699
32.186985
32.186985
32.186424
32.186424
32.186424
32.18642
32.18642
32.18642
32.186405
32.18639
32.186386
32.186386
32.186386
32.186386
32.185978
32.185978
32.185978
32.181023
32.181023
32.18073
32.180466
32.16898
32.16898
32.15932
32.159214
32.159214
32.15921
32.15921
32.15921
32.159122
32.159122
32.159122
32.159122
32.156166
32.15614
32.15614
32.15614
32.15614
32.15614
32.15614
32.156105
32.155773
32.1549
32.15483
32.154797
32.15005
32.14791
32.14785
32.14616
32.145824
32.1458
32.145786
32.145176
32.144306
32.14409
32.144085
32.14408
32.14027
32.13618
32.13533
32.13503
32.134533
32.134533
32.134533
32.134533
32.132374
32.132374
32.112312
32.112312
32.10819
32.108055
32.107967
32.106174
32.102352
32.10232
32.102192
32.10148
32.101463
32.10146
32.10145
32.101448
32.098686
32.09862
32.09862
32.098507
32.09832
32.09832
32.085686
32.051945
32.051624
32.049328
32.048714
32.048714
32.04871
32.04867
32.04856
32.04856
32.04856
32.04856
32.04856
32.04855
32.04838
32.04625
32.04589
32.04562
32.045414
32.044052
32.043655
32.04349
32.04341
32.043354
32.04331
32.04327
32.042366
32.02855
32.02842
32.027996
32.026356
32.02635
32.026344
32.026337
32.026333
32.02633
32.026325
32.02624
32.026237
32.026234
32.025864
32.025593
32.01308
32.012722
31.998898
31.987091
31.987091
31.987091
31.987091
31.987091
31.984747
31.975498
31.97534
31.973642
31.972597
31.972435
31.972435
31.972052
31.972052
31.972052
31.969007
31.960752
31.959316
31.95811
31.955524
31.95492
31.954771
31.954048
31.95246
31.952293
31.942928
31.916924
31.916788
31.914282
31.910051
31.90991
31.906504
31.903502
31.896574
31.888964
31.887217
31.887177
31.887165
31.871656
31.87152
31.862518
31.851917
31.845074
31.84064
31.837791
31.835903
31.834711
31.83382
31.833208
31.832787
31.826538
31.823334
31.823183
31.823076
31.817265
31.807821
31.807764
31.807732
31.807703
31.804564
31.803823
31.801382
31.80023
31.799824
31.799816
31.780146
31.780134
31.780128
31.780125
31.772095
31.771324
31.768053
31.74872
31.745644
31.742634
31.741295
31.740704
31.740538
31.70065
31.700584
31.700539
31.700514
31.700459
31.700445
31.700438
31.700426
31.690062
31.690058
31.690022
31.690022
31.690022
31.690022
31.670197
31.670197
31.670185
31.67018
31.67018
31.67018
31.670176
31.670176
31.670176
31.669636
31.669615
31.669615
31.669603
31.669594
31.66959
31.669586
31.669582
31.669582
31.669579
31.669579
31.669579
31.669575
31.669575
31.669569
31.669569
31.669569
31.669565
31.669565
31.65141
31.65141
31.65141
31.65141
31.65141
31.65141
31.651402
31.651398
31.644321
31.644321
31.644321
31.644321
31.644321
31.644321
31.644012
31.640371
31.640371
31.640371
31.640368
31.640028
31.63932
31.638792
31.636465
31.636465
31.636427
31.636427
31.636427
31.636427
31.635202
31.635202
31.631676
31.627863
31.62586
31.624603
31.62405
31.624
31.623297
31.623102
31.62307
31.622906
31.62206
31.622011
31.62171
31.621344
31.62112
31.620722
31.620375
31.620356
31.620298
31.620258
31.620226
31.620205
31.620173
31.620058
31.62
31.619102
31.61874
31.618317
31.61826
31.61826
31.618256
31.618256
31.617987
31.617983
31.617983
31.617983
31.617983
31.617983
31.617983
31.615652
31.615652
31.615652
31.615652
31.615652
31.615652
31.61008
31.608543
31.608543
31.608543
31.607147
31.60616
31.60616
31.60616
31.606153
31.60611
31.60611
31.60611
31.6056
31.60541
31.602455
31.602455
31.601858
31.601492
31.601295
31.60108
31.601044
31.600986
31.600853
31.600853
31.600853
31.600828
31.600811
31.600807
31.597364
31.596722
31.596722
31.596703
31.596703
31.59363
31.59363
31.59363
31.593618
31.593618
31.593605
31.5928
31.592796
31.592793
31.592787
31.592783
31.592783
31.59278
31.59278
31.59192
31.590355
31.590355
31.590033
31.589535
31.589087
31.588766
31.588219
31.586542
31.58593
31.585817
31.585789
31.585789
31.585436
31.585436
31.585436
31.585436
31.585436
31.585436
31.585436
31.581379
31.57973
31.578625
31.578182
31.578053
31.57769
31.577644
31.575294
31.575275
31.575087
31.574833
31.574827
31.574812
31.57481
31.574808
31.574806
31.574804
31.574802
31.574802
31.574747
31.574747
31.571604
31.571604
31.571604
31.571507
31.571247
31.571247
31.571228
31.571217
31.571209
31.571203
31.571003
31.57098
31.570934
31.567686
31.567686
31.567686
31.567684
31.56768
31.567265
31.567265
31.567102
31.56699
31.566887
31.566847
31.566828
31.56682
31.566816
31.566816
31.566807
31.5668
31.566778
31.566769
31.566763
31.566761
31.56676
31.566755
31.566753
31.566751
31.566751
31.566744
31.566738
31.566734
31.566734
31.566122
31.544142
31.544142
31.544142
31.54414
31.54414
31.54414
31.543966
31.543964
31.543964
31.54392
31.54392
31.54392
31.54392
31.543287
31.543003
31.542238
31.542238
31.542046
31.541883
31.54182
31.541628
31.541626
31.541626
31.541609
31.541578
31.541578
31.541433
31.541399
31.541323
31.526194
31.526186
31.526186
31.52617
31.526155
31.526144
31.526012
31.526005
31.526001
31.525995
31.525991
31.52599
31.525988
31.52398
31.523977
31.523836
31.523687
31.52359
31.52341
31.52305
31.522902
31.522861
31.522861
31.522861
31.52228
31.521305
31.52124
31.521189
31.52067
31.52047
31.520447
31.520428
31.520363
31.520363
31.520363
31.520363
31.520363
31.520266
31.52013
31.520025
31.520016
31.520016
31.520008
31.519894
31.51988
31.501017
31.485834
31.485832
31.485804
31.485638
31.48562
31.485567
31.485477
31.484716
31.484226
31.483961
31.483843
31.483803
31.483458
31.483442
31.483011
31.483004
31.482998
31.482994
31.482977
31.482973
31.482971
31.48297
31.478737
31.478642
31.478487
31.478483
31.477625
31.477613
31.477613
31.477612
31.477608
31.477604
31.4776
31.477457
31.477455
31.477453
31.477453
31.477451
31.477451
31.477451
31.471155
31.471155
31.471155
31.471155
31.471155
31.471155
31.471155
31.471048
31.470806
31.47032
31.470055
31.470055
31.470055
31.470055
31.470055
31.470055
31.470049
31.470049
31.469582
31.468603
31.467903
31.467398
31.467024
31.466665
31.46615
31.462284
31.462284
31.462273
31.462101
31.462093
31.462017
31.461796
31.461733
31.461733
31.461733
31.461733
31.461733
31.461662
31.461544
31.461386
31.45908
31.4577
31.455532
31.45468
31.45468
31.45444
31.454325
31.454264
31.45426
31.454245
31.453949
31.453096
31.452465
31.450836
31.444487
31.441185
31.439692
31.437422
31.43622
31.433062
31.432646
31.432646
31.43259
31.432508
31.431631
31.430428
31.430387
31.43022
31.430197
31.430176
31.429848
31.429773
31.429762
31.429754
31.352858
31.35271
31.352673
31.352669
31.35265
31.352648
31.352644
31.352642
31.352633
31.35263
31.35262
31.352598
31.352589
31.35223
31.352226
31.352224
31.351336
31.350826
31.350822
31.35075
31.350407
31.350193
31.349894
31.349733
31.349663
31.349646
31.349443
31.349218
31.345205
31.345152
31.345137
31.344776
31.338522
31.33849
31.338377
31.337858
31.337502
31.337307
31.3372
31.336884
31.321747
31.321646
31.321617
31.321615
31.321613
31.321392
31.321093
31.321089
31.321085
31.315514
31.308683
31.306303
31.306301
31.3063
31.306185
31.306044
31.305378
31.305355
31.305347
31.304838
31.30464
31.30413
31.30388
31.303804
31.303799
31.303791
31.303783
31.303778
31.30377
31.303762
31.303427
31.303144
31.302944
31.302794
31.302685
31.302599
31.269901
31.269827
31.269785
31.269754
31.269726
31.26962
31.269604
31.269588
31.269575
31.269567
31.26956
31.269548
31.269533
31.268307
31.2683
31.268282
31.268263
31.26825
31.267662
31.267092
31.266304
31.266285
31.266256
31.266241
31.266233
31.266016
31.265898
31.265877
31.265835
31.26257
31.26256
31.262554
31.262552
31.262552
31.26255
31.26255
31.262548
31.262548
31.262526
31.262526
31.262526
31.262526
31.262526
31.262526
31.262505
31.262478
31.262413
31.261992
31.261957
31.261906
31.26187
31.261768
31.2616
31.261494
31.26139
31.261332
31.261301
31.261152
31.260586
31.260546
31.26048
31.260303
31.260273
31.260126
31.260088
31.259632
31.25922
31.25897
31.258188
31.258137
31.258112
31.257856
31.257647
31.25749
31.25735
31.257265
31.257183
31.257107
31.257027
31.256983
31.251284
31.251259
31.247898
31.247885
31.245497
31.245487
31.24548
31.245474
31.24547
31.245464
31.174257
31.174248
31.173428
31.173424
31.173414
31.173407
31.17294
31.170698
31.170324
31.17032
31.17032
31.170292
31.170055
31.169933
31.169893
31.169893
31.169878
31.16865
31.168646
31.168505
31.168499
31.168499
31.168499
31.168499
31.168499
31.16143
31.159584
31.15958
31.15958
31.159246
31.158808
31.158808
31.158808
31.158804
31.158802
31.158518
31.158514
31.158512
31.158415
31.15815
31.156206
31.15605
31.155928
31.155834
31.154408
31.15434
31.154297
31.15426
31.15423
31.144163
31.144144
31.144104
31.14409
31.14408
31.144073
31.144068
31.100979
31.100851
31.100847
31.100414
31.100412
31.100409
31.100399
31.100374
31.100374
31.100367
31.100367
31.100367
31.100325
31.100325
31.100325
31.100323
31.078447
31.078444
31.078442
31.07844
31.07844
31.075056
31.075054
31.075052
31.075052
31.074652
