100921.60506277351
95132.55074431274
56194.37971298393
55989.1187521
45314.33885142919
42010.36772329485
39608.21511703081
36495.095860337155
33443.551690117594
31164.929568498505
29971.556975146857
28301.727346126765
27510.19309044139
18730.540340811804
17336.829837957477
15819.654683642084
13872.94967011663
13300.22385125827
12130.373864590118
12085.816123657934
11952.487627256383
10926.66896063974
10871.777210468414
9826.018787170831
9367.750888634051
8943.205008081515
8585.051189311549
8539.906028771733
8519.316877635154
7849.226840122564
7185.758333756827
6863.0181739326745
6349.276237190003
6217.479534184781
5874.339779693531
5483.6858208734175
4392.572002613431
4306.621257182757
4155.156224092162
4079.2946835554753
4018.219264341974
3976.618519099236
3914.3796341174075
3879.191248426536
3874.1368453925534
3873.091737272278
3865.2583421194545
3862.942084250464
3861.027702536468
3859.2631423213893
3858.442175332314
3858.163437698166
3857.8505703227447
3856.7467837394724
3855.8481169151714
3855.1436237557
3854.5892710201038
3854.1517035784937
3853.805435063201
3853.5308429312836
3853.3127197411527
3853.1392135189053
3853.0010436322164
3852.890914181176
3852.8030707536623
3852.732962496974
3852.6769824422304
3852.6322665908247
3852.5965375528276
3852.5679822540333
3852.5451558912237
3852.52690624176
3852.5123138442914
3852.5006446124603
3852.4913122261296
3852.4838482365103
3852.477878273259
3852.4731030888634
3852.4692834445173
3852.4662280510697
3852.4637839424113
3852.461828787387
3852.460264747787
3852.4590135701333
3852.4580126625883
3852.457211958682
3852.45657140972
3852.456058979615
3852.4556490413324
3852.4553210944177
3852.4550587392637
3852.454848856661
3852.454680951551
3852.454546628087
3852.4544391697136
3852.454353203271
3852.4542844302805
3852.454229411992
3852.4541853974265
3852.454150185819
3852.454122016559
3852.454099481169
3852.4540814528686
3852.454067030235
3515.9932881059863
3493.989177318809
3400.172873040345
3327.0398903156347
3297.659989441205
3290.398131737323
3278.4705973792593
3079.9456107028377
3076.045267139458
3026.2269514380046
2949.6789876121893
2866.505219241856
2702.086020719958
2059.679705353082
1819.9842182884458
1810.4460689535347
1714.9372748616647
1499.5000065421768
1443.5503158632132
1412.3726794394606
1407.3780894345978
1358.7034846187853
1258.2195642349102
1147.4526770150421
1107.5152559210842
1077.2107226922365
1040.7767599927322
1034.9058198918847
1028.4677399796817
1025.3176365409372
1017.530166331666
1008.3037415514361
1003.1953279019982
1000.9483584943181
969.9966792722864
915.4790355326688
879.4920133747157
870.2751143707502
860.5130114689254
853.1034506365522
844.6751751367619
844.4055929238026
842.8821696764549
821.0443900172698
808.1819620445386
787.1826261593487
784.9801845853889
774.0368126260361
772.530767533559
771.7922211213523
770.5510614982687
770.1159477482757
769.4499072036699
765.6048413857407
765.4903868262478
748.1318763379852
730.6633931994688
719.0248056059858
711.2091028382904
705.9134477006722
702.2893441195624
699.7820103932248
698.0269908608267
696.7835176020583
674.9172662141091
671.4579622782986
668.9263784773418
668.5592798101995
668.0762575826351
667.8590402726953
667.4465879256845
661.1122886594719
660.8586022830557
660.3875270402077
660.1391699638465
660.1099849424705
660.1061178618412
579.8770664459354
576.7518707705894
550.0700869265598
519.8674921484302
515.974068357333
514.9518531370999
503.1946433556568
500.15137873951727
475.3331016932925
472.6994788723038
470.385515432075
469.18705242521685
468.69118338691555
468.59074503127334
468.2404352042005
468.0492567523164
467.96844569142286
467.94996113110125
467.8602453686269
467.78280187530953
467.72477355343227
467.68086383850766
467.64734434981733
467.62155806014454
467.6015877812252
467.5860331598936
467.57385928798345
467.56429287855394
467.5567502713937
467.5507869187109
467.54606150571374
467.54231014757124
467.53932760330076
467.5369534349202
467.5350616951185
467.5335531640155
467.53234945000474
467.5313884697547
467.53062095976776
467.5300077672749
467.5295177351982
467.52912604356425
467.5288129040346
467.52856252922857
467.5283623169469
467.5282022031621
467.52807414800014
467.52797172682494
467.5278898045753
467.52782427617745
467.5277718594768
467.52772992996717
467.52769638882427
467.52766955748723
467.52764809342705
467.5276309228252
467.5276171867572
467.52760619816735
467.52759740746495
467.5275903750114
467.5275847491179
467.5275802484475
467.52757664793967
467.52757376755136
467.52757146325274
467.52756961982095
467.52756814508047
467.52756696529104
467.52756602146155
467.52756526639917
467.5275646623501
467.5275641791114
467.52756379252065
467.52756348324834
467.5275632358304
467.5275630378963
467.5275628795492
467.52756275287135
467.5275626515292
467.5275625704553
467.52756250559656
467.5275624537094
467.52756241219964
467.5275623789918
467.5275623524257
467.52756233117265
467.52756231417015
467.52756230056843
467.5275622896868
467.52756228098156
467.52756227401744
467.52756226844616
467.5275622639891
467.5275622604233
467.52756225757076
467.5275622552888
467.52756225346303
467.52756225200267
467.5275622508342
467.52756224989946
467.5275622491517
467.5275622485535
467.52756224807484
467.5275622476919
467.52756224738573
467.52756224714074
467.5275622469447
467.5275622467879
467.5275622466624
467.527562246562
467.5275622464819
467.5275622464177
467.52756224636636
467.5275622463251
467.52756224629235
467.5275622462659
467.5275622462449
467.52756224622806
467.5275622462146
467.52756224620373
467.52756224619515
467.5275622461882
467.5275622461829
467.5275622461783
467.52756224617485
467.5275622461719
467.5275622461698
467.527562246168
467.5275622461666
467.52756224616553
467.52756224616445
467.5275622461637
467.5275622461632
467.5275622461627
467.5275622461623
457.6478200205544
449.00544831566214
424.97945266396636
423.20288230695104
417.3196335220617
409.2482776520459
407.0775907618659
402.17155373216343
400.8063240768647
393.3829788680954
392.9258254557016
386.62117464611623
386.50432259460507
385.4970610701289
385.29089061603645
385.1239450217934
364.07851703923836
354.619690419305
353.784363841036
351.0476361098221
348.89693047882935
346.54756417661815
344.99737576779364
343.9679800058182
343.2793465738921
342.81476506204945
342.4983480021426
342.28057316993994
342.1289829462407
342.02219373820117
341.9460314731584
341.89103388601313
341.85083244022604
341.8211011229106
341.7988711662195
341.78208246304996
341.76928846831146
341.75946093191084
341.75185980480023
341.74594588039787
341.74132160633934
341.7376905809889
326.7198379238671
317.31415898591604
316.3748118049976
316.22174782250465
314.4816207124107
314.377605302387
314.3135734022709
314.18675374697926
314.1578013492805
314.1290719116176
314.12709920880053
314.11783485760026
314.0915355526447
314.0737338980353
314.0690095342732
314.03551257170705
314.0086095238923
313.9917087168703
313.98114591523967
313.9745886940868
313.97055445006174
313.96810243589584
313.96663706843776
313.96578237055104
313.9653018737326
313.96504756363237
313.9649273714586
313.9648845015002
313.96488430715266
313.9642799609346
313.9633068312148
313.96252928123346
313.9619078516766
313.96141109870547
313.96101394635974
313.9606963845033
313.96044243743114
313.4087703145806
311.4688457273907
310.18878728251013
309.39202835056005
308.90008541233055
308.59962815443885
308.41884448744804
308.31235012302193
308.2515594757477
308.2185460582589
308.20213154847926
308.19539752415113
308.1941047581256
308.0691335965317
307.9698183329636
307.8916017417003
307.82981926522734
307.7808993938336
307.7420874069808
307.7112451200661
307.6867039641774
307.66715595059844
307.6515718828594
307.639139408268
307.6292156875384
307.62129095667876
307.61496028925427
307.60990159036345
307.6058583656817
307.6026261759722
307.60004195382754
307.5979755550706
307.5963230625985
307.59500146960227
307.59394445183375
307.5930990018605
307.59242274699716
307.5918818103796
307.591449104141
307.59110296670525
307.590826074392
307.59060457182807
307.5904273770003
307.590285625761
307.59017222772843
307.59008151119576
307.59000893918176
307.58995088234605
307.58990443737395
307.5898672817139
307.58983755738933
307.5898137780596
307.5897947546791
307.58977953602806
307.58976736114136
307.5897576212538
307.58974982935774
307.5897435958498
307.5897386090492
307.58973461961244
307.5897314280653
307.5897288748291
307.589726832241
307.58972519817127
307.5897238909159
307.5897228451118
307.5897220084687
307.58972133915427
302.3796816324538
241.368841770664
219.41884163768415
213.77583729899993
210.37500900863546
209.54314450711055
209.0188515574006
208.9054643768602
208.70881302555196
208.53204025581698
208.35236541096276
208.08334603024426
208.0105761610543
207.96993286702426
207.85670890934577
207.78998009577248
207.75220157067815
207.73196564709184
207.72216852197593
207.7184214546852
207.7180418058458
207.7178442233888
207.71699655454432
207.71644369362247
207.7160815803434
207.71584320201362
207.71568533921752
207.71558006649587
207.71550929952863
207.7154612947291
207.71542840050486
207.7154056112795
207.71538963663784
207.71537830123714
207.71537015727662
207.71536423369864
207.71535987345422
207.71535662757412
207.71535418595187
207.7153523319066
207.7153509121918
207.71534981707384
207.71534896699788
207.71534830358894
207.7153477835189
207.71534737428343
207.71534705126018
207.71534679563524
207.71534659292345
207.71534643189824
207.71534630381035
207.7153462018088
207.7153461205075
207.71534605565847
207.71534600390214
207.7153459625757
207.71534592956485
207.7153459031884
207.7153458821079
207.71534586525652
207.7153458517841
207.7153458410114
207.71534583239676
207.71534582550726
207.71534581999697
207.71534581558979
207.71534581206453
207.71534580924478
207.7153458069892
207.71534580518482
207.71534580374143
207.71534580258682
207.7153458016632
207.71534580092433
207.7153458003332
207.71534579986027
207.715345799482
207.71534579917937
207.71534579893725
207.71534579874353
207.71534579858854
207.7153457984647
207.71534579836555
204.360993535361
193.57090837362543
187.0437923510725
185.60384453549656
158.51487403620638
157.26765658658363
154.756838625671
153.968344817179
153.12609852277882
153.08889979421986
152.68572541946693
152.68444075553913
152.67423846403574
152.66214465542657
152.65831911523028
152.6580985274074
152.65783993202848
152.65635587693814
152.65598545456655
152.65545339703323
152.65523482281358
152.65519248939444
152.65492790180903
152.6547807584313
152.65473042714785
152.65469899244766
152.65469444206474
152.6546933459198
152.65469168781544
152.65468739407945
152.6546852737962
152.6546844630231
152.6546843810948
152.65468387751346
152.65468327217806
152.65468279352712
152.65468241420157
152.65468211304196
152.6546818735869
152.65468168296525
152.65468153107102
152.6546814099418
152.6546813132854
152.65468123611845
152.65468117448606
152.65468112524493
152.65468108589346
152.6546810544388
152.65468102929205
152.65468100918554
152.6546809931073
143.3916464238951
137.5181120075336
137.47805376758035
130.8040609724396
130.1204318497462
129.7402603879171
128.670406448452
128.03907532917736
127.88610321053433
127.80838261976905
127.79077085415045
111.80705297244214
111.13198761282577
110.08151791019786
108.37571261202663
107.63043859012218
106.53126945783475
104.75728895142753
103.58820521216212
102.8130026469004
102.29528182742744
101.94666756080039
100.6637592402922
99.39408183100997
93.53371794109688
91.74223346821226
90.93009044445023
90.58528003877723
90.57457275012509
90.26348435584737
90.07741949437174
89.77560082350149
89.65452270890177
89.63470138336368
89.62762636476613
89.48206847531092
89.3732281272741
89.2910236655022
89.22837549874544
89.18025082304297
89.14302715141086
89.11406489822025
89.09141777350152
89.07363458753998
89.05962212761152
89.0485491765267
89.03977850644803
89.03281809249012
89.02728567947103
89.02288273667001
89.01937509450227
89.01657839649486
89.01434706415412
89.01256585496319
89.01114335588672
89.0100069363224
89.00909881167688
89.0083729590043
89.00779269097427
89.00732874157937
89.00695775168214
89.0066610683203
89.00642379110658
89.00623401380017
89.00608222041232
89.00596080391469
89.00586368237268
89.005785992599
89.00572384555437
89.00567413097426
89.00563436126575
89.00560254675052
89.00557709593927
89.00555673580298
89.00554044802202
89.00552741800722
89.00551699412976
89.00550865511381
89.0055019839561
89.00549664706516
89.00549237757492
89.00548896199719
89.00548622954423
89.00548404358777
89.00548229482641
89.00548089581972
89.00547977661593
89.00547888125391
89.0054781649649
89.00547759193407
89.0054771335097
89.00547676677039
89.00547647337902
89.00547623866598
89.00547605089561
89.00547590067931
89.00547578050632
89.00547568436795
89.00547560745726
89.00547554592868
89.00547549670586
89.00547545732753
89.00547542582495
89.00547540062284
89.00547538046118
89.00547536433186
89.00547535142837
89.00547534110558
89.00547533284734
89.00547532624077
89.00547532095551
89.00547531672734
89.00547531334473
89.00547531063867
89.00547530847385
89.00547530674197
89.00547530535644
89.00547530424808
89.00547530336135
89.00547530265196
89.00547530208446
89.00547530163044
89.00547530126728
89.00547530097673
89.00547530074428
89.00547530055829
89.00547530040956
89.00547530029051
89.00547530019531
89.00547530011914
89.0054753000582
89.00547530000946
89.00547529997046
89.00547529993926
89.00547529991431
89.00547529989434
89.00547529987838
89.00547529986557
89.00547529985536
89.00547529984716
89.00547529984065
89.00547529983542
89.00547529983123
89.00547529982785
89.0054752998252
89.00547529982303
89.0054752998213
89.00547529981992
89.00547529981884
89.00547529981796
89.00547529981725
89.00547529981671
89.00547529981624
89.00547529981591
89.00547529981561
89.00547529981537
89.00547529981519
89.00547529981502
89.00547529981492
89.00547529981483
89.00547529981476
89.00547529981469
89.00547529981465
89.00547529981462
89.00547529981459
89.00547529981456
89.00547529981453
89.00547529981452
89.00547529981449
86.50921047569499
86.27137322647839
85.97711871116734
85.89854681739659
85.68146243052098
85.45627662466208
85.34131289069258
85.12320056938434
78.57329035574155
76.19855576744008
76.0969088766499
75.59033235246585
74.25372369309595
71.42099552165098
71.21562527833645
71.12035933093952
71.08173800004688
70.97896594316934
70.93597784381402
70.92669427386365
70.92252819437306
70.91413609328447
70.90860898228047
70.90494669819208
70.90250288993887
70.90085889550748
70.89974277335193
70.89897728259679
70.89844643045306
70.89807393463273
70.89780933694901
70.89761903414444
70.89748047212001
70.89737837784071
70.89730230583501
70.89724503441785
70.89720151244401
70.89716816376733
70.89714242492347
70.89712243551077
70.89710682904456
70.8970945903125
70.89708495704906
70.89707735138047
70.89707133144864
70.8970665568491
70.89706276363087
70.89705974599157
70.8970573427187
70.89705542703709
70.8970538989313
70.89705267928795
70.89705170539168
70.89705092743846
70.8970503058207
70.89704980900318
70.89704941185423
70.89704909433033
70.89704884043617
70.89704863740079
70.89704847502368
70.89704834515479
70.89704824128061
70.89704815819468
70.89704809173453
70.89704803857191
70.89704799604533
70.8970479620263
70.89704793481253
70.89704791304244
70.89704789562694
70.89704788169493
70.89704787054959
70.89704786163344
70.89704785450064
70.89704784879443
70.89704784422952
70.89704784057766
70.89704783765613
70.89704783531892
70.89704783344918
70.89704783195339
70.89704783075675
70.89704782979945
70.89704782903361
70.89704782842097
70.89704782793082
70.8970478275387
70.89704782722501
70.89704782697405
70.8970478267733
70.8970478266127
70.89704782648421
70.89704782638141
70.89704782629919
70.89704782623339
70.89704782618077
70.89704782613866
70.897047826105
70.89704782607805
70.89704782605648
70.89704782603923
70.89704782602544
70.8970478260144
70.89704782600558
70.89704782599851
70.89704782599286
70.89704782598837
70.89704782598473
70.89704782598183
70.89704782597951
70.89704782597768
70.89704782597619
70.89704782597501
70.89704782597406
70.89704782597332
70.8970478259727
70.89704782597221
70.89704782597182
70.89704782597151
70.89704782597127
70.89704782597109
70.89704782597092
70.89704782597077
70.89704782597066
70.89704782597059
70.89704782597052
60.76730260868789
59.60906296153281
36.67906031222807
31.56320842617763
29.835173200411486
29.632312879157045
29.389464549741053
29.096984305807847
28.01284280443646
27.20422858713527
25.49850776575613
24.923126859054793
24.444210991347234
24.400645622237967
24.240737602637275
24.133641619532565
24.10079291112963
24.04969512156866
24.01491576274274
23.990995554288634
23.974357485833586
23.962645813986835
23.954299697576484
23.948277665931126
23.94387915196389
23.940628572053523
23.938199776133796
23.93636660692351
23.934970386771592
23.933898412388487
23.93306963399462
23.932425043991593
23.93192116892488
23.931525618910378
23.931214010923657
23.930967817030186
23.930772841112802
23.93061812706523
23.930495166506407
23.930397316894076
23.930319369258438
23.930257223664615
23.930207643198983
23.930168065872486
23.93013645972075
23.9301112104534
23.930091033858123
23.930074907185798
23.930062015194427
23.9300517075831
23.930043465322353
23.93003687396388
23.930031602445194
23.93002738623381
23.93002401390699
23.930021316456592
23.930019158759364
23.930017432769947
23.930016052086174
23.930014947608125
23.930014064069812
23.930013357267413
23.93001279184358
23.930012339516075
23.93001197766148
23.930011688182546
23.930011456602426
23.930011271340277
23.930011123131795
23.930011004565806
23.930010909713523
23.930010833832025
23.93001077312703
23.930010724563168
23.930010685712165
23.930010654631417
23.93001062976686
23.930010609875236
23.930010593961942
23.930010581231322
23.930010571046832
23.93001056289924
23.93001055638117
23.930010551166717
23.930010546995156
23.930010543657904
23.930010540988107
22.061198054004095
20.601991382371867
20.51103067239569
20.421717331291898
20.240840637801377
20.202272913349386
20.177894291897637
19.97106803494623
19.56447239173465
19.031134642779666
18.9483517651271
18.56826473163102
17.043907125565312
16.988804169309233
16.57499111163593
16.50896720080088
16.211602743068667
15.873084700787928
15.843191070744941
15.547334958209364
15.426292016877202
15.359458100394102
15.26960231851368
15.203071541414984
15.081165501566222
14.845406222917775
14.69143756904679
14.590431458140579
14.523814609217576
13.80366216180321
13.245453181331719
12.917794351901254
12.731768635522782
12.631652924606188
12.422502375432806
12.341565083937484
12.332953352497066
12.202380414398803
12.150995402750226
12.10463625001905
11.904255835246882
11.76216723286805
11.660154417805883
11.586005328534329
11.53146120129511
11.462593724797815
11.175558997759365
11.154687208165239
11.085350430245608
11.07856161867663
11.07785316911386
11.012512614231063
10.997943448558553
10.97718970399229
10.97268057998483
10.96686939619109
10.965297381302733
10.963728098190764
10.95022519468022
10.940147282946038
10.932548576646216
10.926766330382371
10.926636271746686
10.922330433387945
10.91890325180306
10.916239289581975
10.914157900955066
10.912524649989523
10.911238439576106
10.910222521075152
10.909418138165446
10.908779977047956
10.908272869088542
10.907869372119142
10.907547975758423
10.907291755447321
10.902530416424446
10.899283264483637
10.876146148043567
10.856660027480661
10.843239378589772
10.822530636134397
10.80751073685566
10.79648495803143
10.78829802495525
10.78215404008356
10.777498411603323
10.773940026846095
10.771199634577567
10.769075362706584
10.767419492053854
10.766122665511869
10.765103041065611
10.764298757052492
10.763662635790086
10.763158414586934
10.762758030140754
10.762439637794264
10.762186149651766
10.761984143607966
10.761823040833855
10.761694479933565
10.761591836857491
10.751822277240308
10.72600898845825
10.685857104602425
10.671712151181447
10.632585709581495
10.610651493727033
10.599115438131879
10.593237035611086
10.586947179202314
10.586625934786426
10.582529354315307
10.579354689646358
10.576880621724285
10.574943392227002
10.573420504527014
10.572219407741644
10.571269546873104
10.570516708776513
10.569918950682117
10.56944363213164
10.569065225563286
10.568763683202697
10.56852320636645
10.568331309410873
10.568178101935
10.568055734411002
10.56795796740409
10.56787983508642
10.56781738125652
10.567767451488107
10.567727528982505
10.567695604615858
10.567670073850763
10.567649654824747
10.56763332317901
10.567620260150472
10.56760981119199
10.567601452962393
10.567594766978514
10.567589418575283
10.567585140098373
10.567581717474079
10.567578979475275
10.567576789140634
10.567575036914139
10.56757363515932
10.567572513772351
10.567571616673579
10.567570899001478
10.567570324868221
10.567569865564447
10.567569498123245
10.567569204171441
10.56756896901074
10.567568780882656
10.56756863038049
10.567568509978951
10.567568413657849
10.567568336601045
10.567568274955654
10.567568225639372
10.560585910163484
10.537212477657578
10.52904217758675
10.523921213895797
10.52166790824422
10.521045081515716
10.520728087375062
10.520270740702076
10.519905955359327
10.519614825962337
10.51938236972616
10.519196690997322
10.519048331220718
10.518929760651574
10.518834979237628
10.518759202132946
10.51869861118615
10.518650158100353
10.51861140822157
10.518580416376047
10.518555628056431
10.518535800701097
10.518519940929053
10.518507254463245
10.518497106155767
10.518488988063494
10.518482493944044
10.518477298875286
10.518473142965426
10.51846981833044
10.5184671586819
10.518465031001124
10.518463328880854
10.51846196720022
10.51846087786569
10.51846000640445
10.518459309239548
10.518458751510233
10.518458305328457
10.51845794838411
10.518457662829316
10.518457434385919
10.518457251631483
10.518457105428116
10.518456988465537
10.518456894895541
10.5184568200396
10.518456760154873
10.51845671224711
10.51845667392091
10.518456643259961
10.518456618731207
10.518456599108207
10.518456583409806
10.51845657085109
10.518456560804117
10.518456552766542
10.518456546336479
10.50119676727786
10.485705523638021
10.469310221268232
10.432663102774491
10.405054167944696
10.384060626458586
10.36796570135144
10.328137482244275
10.289992604435044
10.26308664041047
10.244777053097497
10.23945816697101
10.213225749348965
10.190942234235898
10.175008239992334
10.163472448019494
10.155019112631305
10.14875263516241
10.144057015325952
10.140503759225528
10.000149946038883
9.878837848222709
9.808898422367822
9.770297443218658
9.750521019281566
9.741806670136528
9.73938353642346
9.6723636903956
9.6298294894569
9.605623465075519
9.592544300846942
9.586103788841061
9.562930634957784
9.546001078382902
9.530241598742904
9.519416167208252
9.513449909913504
9.51040112035481
9.484406810047833
9.472938894272831
9.472886852324994
9.438631095887828
9.41667884123668
9.409861356462745
9.403255813597907
9.398244444539959
9.395138367712454
9.319228358477819
9.313317006167448
9.309838640511016
9.307881327706536
9.28926599256203
9.258413012530886
9.256691634987636
9.25652661333396
9.253581586144714
9.248906349382173
9.24798289304065
9.240901907284345
9.237655803798095
9.222590951992741
9.20933336601528
9.199617651317032
9.195218840846845
9.192414906172022
9.184003082460288
9.180849416414183
9.161228216718595
9.146393008244793
9.135691371150681
9.12787664047374
9.122102666491134
9.061922548131696
8.985375324225627
8.927747871401737
8.883956517975244
8.85040222488692
8.802731244638204
8.72426043924222
8.66719231177825
8.625191260592878
8.593928628147491
8.57041497563305
8.559627797020541
8.55256178382429
8.467533508640587
8.40737149633587
8.367890474267616
8.341840752789345
8.32454343715958
8.312972760049593
8.305167210613652
8.299851406106209
8.266622977484056
8.243931694509321
8.23686401584219
8.227277988009824
8.222467055540108
8.219159686987357
8.216564673374704
8.215706285423563
8.211278095609655
8.21029910298431
8.209768291857882
8.209723561673009
8.209668699719554
8.209559005347236
8.209535305052489
8.20949969089383
8.209454030091871
8.209419686832748
8.209393610870213
8.209373645232834
8.209358245607826
8.20934629255415
8.209336964764864
8.209329652711773
8.209323899183437
8.209319357873815
8.209315764194466
8.209312914446734
8.209310650773823
8.209308850155672
8.209307416266062
8.20930627338152
8.194361404562176
8.193817065002648
8.192533575829613
8.190673488384645
8.190460249566758
8.1893364157275
8.18426868531177
8.179072118190176
8.173821572452638
8.172085561180708
8.172010731898672
8.170958902918317
8.17094561979441
8.170883808571261
8.170618777136823
8.170051474583653
8.169425700659342
8.169031684596757
8.16878469771588
8.16863077283146
8.168535578280908
8.168477307668933
8.168442137597571
8.166733507197307
8.16494575219591
8.1636516206711
8.162222650384622
8.161580695038497
8.159155238785521
8.15657639992396
8.154586378275186
8.153041112598075
8.151834821107203
8.150895296200904
8.15088893738703
8.150316484910316
8.150144486073309
8.149556768646278
8.148600167563812
8.148377755434419
8.147291594694435
8.146497191472948
8.14605126660549
8.145815869245746
8.145705210579859
8.144012395100273
8.143639870325734
8.142611561594673
8.14206669644869
8.14182704630748
8.14176092105888
8.14166238486206
8.14157894132287
8.141523303182536
8.141485907352523
8.141460544085156
8.141443167645113
8.141431131564344
8.141422696345337
8.141416712103323
8.141412413626952
8.140321862917917
8.139587242310721
8.138720321404403
8.138283109064128
8.138229976872573
8.13755477153335
8.136712154912903
8.136070075957825
8.13557690197218
8.135195475857852
8.134898727333871
8.134666699629873
8.134484514980393
8.134340967269594
8.13422753710657
8.13413769409975
8.134066396413393
8.134009727364536
8.133964628349593
8.133913616478383
8.131483722279588
8.129127527483863
8.127502512125798
8.126368861745597
8.125568413061437
8.124996195950912
8.12458203303804
8.1242786136041
8.124053741030611
8.123885275274969
8.123757819344466
8.123660537271434
8.123585708522684
8.123527763545875
8.123482635098632
8.123447317962729
8.123419567052014
8.123397688114173
8.123380390909961
8.123366684952074
8.123355804541273
8.123347154200157
8.123340268479279
8.123334782015867
8.123330406997644
8.12332691604067
8.123324129071957
8.123321903206978
8.123320124889394
8.123318703754942
8.123317567819932
8.123316659694355
8.123315933592254
8.122495130612116
8.122419566085824
8.122351217158112
8.122301158492528
8.122198649695545
8.122160110926295
8.122142962766759
8.12212784811675
8.122116187450999
8.122107134793126
8.12210006922665
8.122094529771758
8.12209017052675
8.121992106368461
8.121948765400933
8.121939330573285
8.1219023780395
8.121868639763441
8.12180979293901
8.121777282376549
8.121760596740714
8.12175371368501
8.121753214833094
8.121681966145175
8.121633587728715
8.121600657549402
8.121578007840423
8.121562252511302
8.121489108392646
8.121439498859756
8.121360919316174
8.121285611972212
8.121235455320413
8.121201787101931
8.121178985073039
8.121163388279296
8.121152603535098
8.121145059061853
8.121139716809406
8.121135886736186
8.121133106664
8.121131064357542
8.1211295468332
8.121114815857986
8.121104156991201
8.121097261019678
8.121095899530454
8.121084892125216
8.121081568889492
8.121078355192932
8.121071717050611
8.121070842024244
8.121068176902755
8.121066984515362
8.121066632019716
8.121064819521122
8.1210637901927
8.121063288648264
8.121063093440426
8.121063069131896
8.121062975914297
8.121056493428654
8.121053274432487
8.12105302512804
8.121049098342182
8.12104206749522
8.121037271616007
8.12103396534359
8.121031659801467
8.121023119724876
8.121021496990881
8.121020024363554
8.121018966891144
8.121018198116063
8.121015729348782
8.121010028580084
8.12100567368498
8.1210023214296
8.120999723888147
8.120997699783212
8.120996115013329
8.12099486928642
8.120993886841855
8.12099310993386
8.12099249419796
8.12099200531516
8.120991616580707
8.120982166008568
8.120968328968896
8.120955592888418
8.12094901774133
8.12094607040273
7.3636761113451294
7.099360033866009
7.090457210204042
6.996749064403983
6.9645995807658485
6.874122099266677
6.817429529735386
6.763237097441174
6.603185771113362
6.550819465159949
6.5228241205542
6.512696976938541
6.474999834752099
6.473843331526454
6.445014089083488
6.413556635891843
6.392047888369796
6.377181507972169
6.366786398930878
6.359429028675
6.35415671133568
6.350331547938065
6.347522739123233
6.345436538089454
6.343870518714007
6.342683585742657
6.341776204184143
6.34107728442121
6.340535419320553
6.3401129804942205
6.339782103515845
6.339521929346061
6.339316687554506
6.339154348549591
6.339025664179792
6.338923476257799
6.338842212047463
6.201679094398909
5.725901665191077
5.669192503483434
5.611741534047878
5.583711516457017
5.526912476886678
5.241977212480171
5.143484531776478
4.974157564441959
4.9677009558562295
4.577785057879981
4.457791321305538
4.331360063978685
4.324445644380339
4.260416777797212
4.230791849011051
4.194615865671509
4.161863133078704
4.158047893507887
4.156503933054548
4.155818219246947
4.1466873746693125
4.142949361688482
4.142241615419832
4.136872601960263
4.13134547425232
4.127280604266818
4.124257080874157
4.121984420621307
4.120259833834243
4.118940030910332
4.117922503134875
4.117133002235261
4.116517095160849
4.116034413434298
4.115654696170166
4.115355036353808
4.115117941457488
4.114929950632765
4.1147806364320765
4.1146618752853445
4.114567308104803
4.114491937071951
4.114431821181078
4.114383844267046
4.114345536846964
4.11431493834203
4.114290489894008
4.114270950563383
4.114255331532668
4.11424284426572
4.114232859545042
4.114224875027941
4.1142184895003036
4.114213382413261
4.11420929759807
4.114206030292763
4.114203416798494
4.11420132622707
4.11419965391328
4.1141983161539954
4.114197246005283
4.114196389923891
4.114195705082829
4.114195157225371
4.114194718949257
4.114194368334669
4.114194087847035
4.1141938634595085
4.114193683951141
4.114193540345505
4.114193425461672
4.114193333555041
4.114193260030012
4.114193201210166
4.114193154154404
4.114193116509866
4.114193086394283
4.114193062301845
4.114193043027915
4.114193027608784
4.114193015273486
4.114193005405252
4.114192997510669
4.114192991195003
4.1141929861424735
4.11419298210045
4.11419297886683
4.114192976279937
4.114192974210421
4.114192972554808
4.11419297123032
4.114192970170729
4.114192969323055
4.114192968644916
4.114192968102406
4.114192967668396
4.11419296732119
4.114192967043424
4.114192966821212
4.114192966643442
4.114192966501226
4.114192966387453
4.114192966296434
4.11419296622362
4.114192966165368
4.114192966118766
4.114192966081485
4.114192966051662
4.114192966027803
4.114192966008715
4.1141929659934435
4.114192965981228
4.114192965971455
4.114192965963635
4.114192965957382
4.114192965952377
4.114192965948374
4.114192965945172
4.11419296594261
4.1141929659405605
4.11419296593892
4.114192965937609
4.114192965936559
4.11419296593572
4.1141929659350485
4.114192965934511
4.114192965934082
4.114192965933738
4.114192965933463
4.114192965933243
4.114192965933067
4.114192965932926
4.114192965932814
4.114192965932723
4.114192965932652
4.1141929659325935
4.114192965932548
4.114192965932512
4.114192965932482
4.1141929659324585
4.114192965932439
4.114192965932424
4.1141929659324115
4.114192965932402
4.114192965932395
4.1141929659323875
4.114192965932383
4.114192965932379
4.114192965932376
4.114192965932373
4.1141929659323715
4.11419296593237
4.114192965932369
4.114192965932368
4.114192965932366
3.9934398104725535
3.99279833836845
3.985470362674879
3.982677269790213
3.9824071395914036
3.912466748737926
3.9061209748784584
3.868338420125352
3.858987517996773
3.8539155953326016
3.8388345217629922
3.829688993074727
3.824240941431267
3.8210782577530753
3.8193133956979324
3.818391288381759
3.817967063218703
3.817828297929784
3.8162817267279547
3.814574525587053
3.8132445476503105
3.812203466405543
3.81138525811669
3.8107400717780613
3.8102299260943315
3.8098256517151357
3.8095046911991646
3.8092494965383152
3.8090463480108676
3.8088844737976992
3.808755386976789
3.808652381551822
3.808570146192174
3.8085044660518643
3.8084519911539587
3.808410055532813
3.8083765353860906
3.8083497374128363
3.808328310646474
3.8083111766652165
3.8082974742365843
3.8082865153377563
3.808277750166906
3.80827073927708
3.808265131363207
3.808260645542819
3.808257057213365
3.8082541867589885
3.808251890529368
3.8082500536313546
3.8082485841677807
3.8082474086320186
3.808246468225869
3.8082457159153247
3.8082451140760902
3.80824463261059
3.8082442474419578
3.8082439393094645
3.8082436928050134
3.8082434956024405
3.8082433378410143
3.808243211632279
3.808243110665548
3.808243029892329
3.8082429652738607
3.8082429135791536
3.808242872223431
3.808242839138882
3.808242812671259
3.808242791497173
3.808242774557911
3.8082427610065066
3.8082427501653853
3.808242741492491
3.808242734554176
3.808242729003526
3.808242724563005
3.8082427210105894
3.8082427181686564
3.80824271589511
3.8082427140762745
3.8082427126212055
3.80824271145715
3.808242710525905
3.8082427097809104
3.808242709184914
3.808242708708117
3.8082427083266794
3.8082427080215293
3.8082427077774095
3.8082427075821124
3.808242707425876
3.808242707300886
3.7881652860364357
3.7686986349031524
3.74723599891191
3.736576368100963
3.7322153693607163
3.7313932621499646
3.688213035104449
3.6547943777451333
3.649951318355199
3.634758172456556
3.626614977789882
3.622667668169976
3.6211528579866497
3.6209925538480507
3.598470364024486
3.5577123439852754
3.540737172402484
3.5345220355273033
3.5246377907847113
3.513651185930923
3.512254960493465
3.5122448884313227
3.5119465655250015
3.503886294849112
3.4938159440575567
3.4921001027502827
3.4603463553829634
3.4419437198235276
3.429750856839088
3.4281393685630475
3.3343465203699267
3.333619823867114
3.3086970410290144
3.2894270706429247
3.24237581777075
3.2299772457570817
3.2242302705866286
3.210927941433117
3.192552723910022
3.1810242064883516
3.17637620313949
3.1687827333016094
3.16065342229288
3.1549215950360585
3.150829971022702
3.1478727279989647
3.1457092095396195
3.1441078513863157
3.1429096170967434
3.142004055094251
3.1163197298456904
3.0681485732918294
3.0560056687809847
2.902056456287563
2.891851495296018
2.882845825038959
2.8817392640757875
2.877511431253852
2.8767753715524957
2.756796082670817
2.7455891734316493
2.6960406297960158
2.662900992391384
2.640548768870159
2.625329061350766
2.6148570209657076
2.6075697730611522
2.602437820755742
2.598778880363085
2.5798272574289203
2.487667370082757
2.0780878684237547
1.8866580504887063
1.8845441862324943
1.8365282294138856
1.771587565408932
1.752580431048074
1.7396546082642517
1.6992176055798072
1.6529046675220942
1.632443844271008
1.6214752496254232
1.613500277489093
1.5802741546968966
1.5564388249581418
1.5119081378051253
1.5000893396145103
1.4814095710995288
1.4705498522074567
1.4690944278404081
1.4180820248685704
1.4121212073862106
1.40796395130365
1.4064427802328185
1.3839976191323962
1.3819085191773561
1.380853779851333
1.3793432273738784
1.3698888993198264
1.3622149597459026
1.3587841851138283
1.3584367965762223
1.3565971172499158
1.34107578766658
1.3395042971671194
1.3388737485769726
1.338477201191514
1.3342737141219805
1.3341876086999556
1.3313868542972787
1.330845176064581
1.3276277931353968
1.3271989867114438
1.3270430880879827
1.3265182420667396
1.3257842124581196
1.3253038368254912
1.3249879190741198
1.3247789498360505
1.324639784021934
1.3245463774994963
1.324483125004015
1.3244398655500091
1.3244099572139276
1.3243890380504204
1.3243742275230446
1.324363610975339
1.3243559061366588
1.324350246841385
1.3243460423335955
1.3243428854015578
1.3243404921274118
1.324338662161846
1.3243372523677925
1.3243361592067269
1.3243353068693464
1.3243346392019841
1.3243341141577223
1.3243336999396738
1.324333372288346
1.3243331125500755
1.324332906284445
1.3243327422479327
1.324332611643357
1.3243325075594623
1.3231713640570308
1.3225057490313796
1.3222379241342554
1.3220039400279886
1.3218303319782214
1.3217001362489649
1.3216015417203153
1.321526225812441
1.321468251303769
1.321423329756114
1.3213883256759307
1.321360919632866
1.3213393770199064
1.321322387551294
1.3213089525343276
1.3212983047178253
1.3212898505907487
1.3212831283298074
1.3212777767871162
1.3212735123632418
1.3212701115827208
1.3212673978437945
1.321265231259367
1.3212635008121216
1.3212621182593156
1.3212610133722646
1.3212601302019473
1.3212594241388607
1.321258859591219
1.3212584081469148
1.321258047115509
1.3212577583697687
1.3212575274239826
1.3212573426998695
1.3212571949413892
1.3212570767479235
1.3212569822016746
1.3212569065701307
1.3212568460683862
1.3212567976692269
1.3212567589513287
1.3212567279779246
1.3212567031997877
1.3212566833776531
1.3212566675201851
1.321256654834364
1.3212566446858063
1.3212566365670224
1.3212566300720359
1.3212566248760722
1.3212566207193182
1.321256617393925
1.3212566147336169
1.3212566126053755
1.3212566109027848
1.3212566095407137
1.3212566084510584
1.321256607579335
1.3212566068819562
1.3212566063240536
1.3212566058777322
1.3212566055206747
1.321256605235029
1.3212566050065122
1.3179535449215818
1.3168072133205513
1.314451305385262
1.3129876284283628
1.3120861584732961
1.311537444339933
1.3112088486048836
1.3091426027251136
1.3066665417150571
1.3012558787017092
1.300517425865103
1.3001871010390285
1.2990090913393777
1.296258669603981
1.294807830431184
1.2941268379508795
1.2868021904245448
1.2812021260807225
1.2807478066350018
1.2715193773227695
1.2621205327887464
1.2566124500022853
1.2534930191912028
1.251821177209912
1.2510108733321261
1.2507000188425368
1.2506672639629532
1.2496017950199358
1.2486812792774993
1.2479585958289168
1.2473892357230847
1.2469393710963605
1.24370418639259
1.2385461360842747
1.2350661838830717
1.2326959744711954
1.2310646084451111
1.2299289885864286
1.2289491985721719
1.2277010309806005
1.2273866776783042
1.2271598851928078
1.2268559781909876
1.2266299031033485
1.2264599553620805
1.2263309810595255
1.226088902060781
1.22592669357529
1.2256396147911728
1.2254115831787764
1.225339177345056
1.2242281235786772
1.2240551375858728
1.223920878871899
1.2238825411300571
1.2233685371080958
1.222980206172185
1.222745476770154
1.222691109149728
1.2216748261911508
1.2208725504155076
1.2202654463950307
1.2198019818026726
1.219445430048162
1.2191692893929533
1.2189542013477628
1.2187858585781552
1.2186535700690575
1.2185492661139963
1.2184668001353658
1.2184666293872537
1.2184014527511295
1.218349575098888
1.218308329140389
1.2181817060504059
1.2179484392571356
1.2177935711756538
1.2174143681263412
1.2173682662511727
1.217115061408263
1.2170420411581144
1.2168782116954782
1.2167923976227548
1.2166903931487238
1.216599938179483
1.2165412014943433
1.2164506140712765
1.2164225286079746
1.2163341265904133
1.2163280257786453
1.2162428385613722
1.2161710253897555
1.2157742104694351
1.2154247200979365
1.2151664417404109
1.2149734599757824
1.2148278047537695
1.2148205827529
1.2147168678975615
1.2143146698031204
1.213918097857488
1.2136060616860638
1.2133597744353775
1.2128608502335354
1.2121163870405496
1.2115681443482618
1.211159840026178
1.210852582060828
1.2106001084643103
1.2096597627197034
1.2090172119797729
1.208573395935512
1.2082632868106207
1.2080439634854392
1.2067085340608426
1.2052491578051283
1.2041950800768189
1.1971246782834857
1.171957744068944
1.1717512370856853
1.171225748166744
1.1695030278934118
1.1691217832343
1.1680414649607322
1.1652592340303847
1.1648039985121734
1.164723397891946
1.1644744315957998
1.1608974287355802
1.1419935098141796
1.1334069313925068
1.1218862439233124
1.112656871825729
1.103786431655504
1.0986899799362184
1.0892016861135132
1.0808024156358784
1.0768550445624008
1.0597699920549386
1.050763182046216
1.0495282106295247
1.042674203180984
1.0357121377147733
1.0306465767339115
1.0269167464401707
1.0229112139420398
1.012589105686146
1.0079359816129696
1.0065204023746133
1.0048597207908254
1.0034478256622754
1.0032870156114597
0.9984199245101172
0.9917496254042939
0.9861698986070564
0.9835412958467972
0.9826129279922096
0.977371621857879
0.9749369256904673
0.9717933295912697
0.9684118376258112
0.968142267073813
0.9674363623344654
0.9668929228732511
0.9666838263170643
0.9404690821186374
0.9384784908475177
0.9326714520578976
0.9316349508982715
0.9313757054513595
0.9303804085807795
0.92905771080954
0.9281975697025078
0.9276361877672562
0.9272681900272943
0.9270257008325978
0.9268649312350957
0.9267575774823772
0.9266853021123835
0.9266361907009845
0.9266024752580065
0.926579070062755
0.9265626288883968
0.9265509370572907
0.9265425187017684
0.9265363824873433
0.9265318565365982
0.9265284809093111
0.926525937292799
0.9265240028061927
0.906075315205796
0.9027795419591665
0.902448247339906
0.9015668315572285
0.9015358612241269
0.8911357494285231
0.8895107393206614
0.8842685381580803
0.8827900226050232
0.8810221874204524
0.8799453481051875
0.8773220946464316
0.8755494098094059
0.8468356390550452
0.8391652462399942
0.805266600365188
0.7981102568420204
0.7976859164808554
0.7957744936593678
0.7947128643426019
0.7846370729197861
0.7826509468000451
0.7764905153559909
0.7742987084401922
0.7740893245524436
0.773716938411588
0.7710706040654925
0.7710378516912012
0.7709839275090341
0.7703501347457636
0.768720378046286
0.7659427322120167
0.7636559215736249
0.7611724625937777
0.7605925148942151
0.7536268741671449
0.7505133108571052
0.7451379772225264
0.7437246245561743
0.743588858412593
0.7403975868545568
0.7403450759962362
0.7402676800334008
0.7402180743443155
0.7378451228731506
0.679069494457029
0.6508813790614181
0.6418803526271256
0.6118778397955618
0.5888573874976523
0.5718222913112154
0.559078224379276
0.5494487372447389
0.5421072380401584
0.5305042413761214
0.5178700198312911
0.5103564903021961
0.5060057292112526
0.5035875603591902
0.5023329868907837
0.4920949603947896
0.4742296884615771
0.4668222355084357
0.46530252248571685
0.4623973909055962
0.46207318595121194
0.4620634527118471
0.46189870526997506
0.4613179942751398
0.4609515398539035
0.460721169516679
0.4605770608947485
0.46048749409182754
0.46043230151004977
0.4603986823953855
0.460378529472139
0.4603667222493721
0.46036003814529
0.4603564583334686
0.4603547256657357
0.4603540634878528
0.46035399707758085
0.4514842428023901
0.4304136309060794
0.4258592141645355
0.41541727138702245
0.4112933513999754
0.4082844833595405
0.4075055832465625
0.40705771567848714
0.40604047234690566
0.4055124315012533
0.405397734623522
0.405350631146578
0.40529583145923653
0.4052561371396256
0.4052270347593049
0.40520545082328374
0.40518927037413754
0.40517702150260976
0.40516766751757255
0.4051604692013415
0.4051548928663075
0.405150548481769
0.4051471476515709
0.4051444747809694
0.40514236707236456
0.4051407004817218
0.40513937973800174
0.4051383311614539
0.4051374974320097
0.40513683373280274
0.40513630487541996
0.40513588313478266
0.40513554660324524
0.40513527792903725
0.4051350633423252
0.40513489189865426
0.4051347548881646
0.40513464537221916
0.4051345578186282
0.4051344878136215
0.40513443183385034
0.4051343870655432
0.40513435126082403
0.4051343226234015
0.4051342997175292
0.4051342813954335
0.4051342667394223
0.4051342550156791
0.4051342456373667
0.4051342381351536
0.4051342321336622
0.4051342273326481
0.4051342234919512
0.4051342204194669
0.4051342179615265
0.405134215995204
0.40513421442216524
0.40513421316374654
0.4051342121570194
0.40513421135164274
0.4051342107073447
0.4051342101919082
0.4051342097795603
0.4051342094496829
0.4051342091857815
0.40513420897466074
0.40513420880576445
0.4051342086706474
0.40513420856255394
0.4051342084760792
0.4051342084068994
0.40513420835155567
0.40513420830728053
0.4051342082718607
0.4051342082435247
0.4051342082208559
0.4051342082027209
0.40513420818821266
0.3971724380118748
0.33954328715928495
0.31250415048674846
0.24716724565442605
0.21065623069403833
0.20934037343090128
0.2087795426729264
0.20729020718105093
0.20715393859058634
0.20657369778959978
0.20589738777658842
0.20568936348837233
0.20560252425977715
0.20558105036006816
0.2055546060302766
0.20554416581350363
0.20553473941470732
0.20552614407980108
0.2055213863297945
0.2055211865981992
0.2055211404885769
0.2055209480890029
0.20552088321680362
0.20552085236236406
0.20552084140991053
0.20552083153581796
0.17881736072401289
0.143250733872422
0.14226667279713995
0.13323716693991347
0.12596047085278692
0.12365877406883197
0.118681493379931
0.11790475652146912
0.11720088041680304
0.1166638755914517
0.11617206575744624
0.11529647840440414
0.115226928723236
0.11519606124592974
0.11519551876655892
0.11517398920321492
0.11515957184769729
0.11514642515205398
0.1151393024905657
0.1151301174505312
0.1151228890565634
0.11511735051031359
0.11511307594142535
0.1151097562979062
0.11510716459050938
0.11510513218933979
0.11510353248584271
0.11510226950220578
0.11510126985395913
0.11510047700810602
0.11509984712997981
0.11509934604255492
0.11509894697426365
0.1150986288726858
0.11509837512937876
0.11509817260702457
0.11509801089140767
0.11509788171236471
0.11509777849293872
0.11509769599663525
0.11509763005030438
0.11509757732569528
0.11509753516677965
0.11509750145294093
0.115097474490378
0.11509745292577281
0.11509743567757354
0.11509742188124447
0.11509741084560862
0.11509740201801348
0.11509739495652205
0.11509738930770308
0.1150973847888874
0.11509738117398813
0.11509737828216679
0.1150973759687725
0.11509737411809723
0.11509737263758274
0.11509737145318763
0.11509737050568203
0.11509736974768431
0.11509736914129046
0.11509736865617812
0.11509736826809003
0.1150973679576207
0.11509736770924596
0.11509736751054664
0.11509736735158743
0.1150973672244203
0.11509736712268667
0.11509736704129989
0.1150973669761905
0.115097366924103
0.11509736688243305
0.11509736684909708
0.11509736682242835
0.11509736680109331
0.11509736678402531
0.11509736677037094
0.11509736675944744
0.11509736675070861
0.11509736674371757
0.1150973667381247
0.11509736673365045
0.11509736673007105
0.11509736672720751
0.11509736672491669
0.11509736672308402
0.1150973667216179
0.11509736672044499
0.11509736671950667
0.115097366718756
0.11509736671815546
0.11509736671767504
0.1150973667172907
0.11509736671698324
0.11509736671673729
0.11509736671654047
0.11509736671638304
0.1150973667162571
0.11509736671615636
0.11509736671607576
0.1150973667160113
0.1150973667159597
0.11509736671591843
0.11509736671588544
0.11509736671585903
0.1150973667158379
0.11509736671582099
0.11509736671580746
0.11509736671579665
0.11509736671578798
0.11509736671578107
0.11509736671577554
0.1150973667157711
0.11509736671576756
0.11509736671576472
0.11509736671576246
0.11509736671576064
0.1150973667157592
0.11509736671575804
0.1150973667157571
0.11509736671575635
0.11509736671575577
0.11509736671575531
0.1150973667157549
0.1150973667157546
0.11509736671575437
0.11509736671575416
0.11509736671575402
0.11509736671575391
0.1150973667157538
0.11509736671575373
0.11509736671575366
0.1150973667157536
0.11509736671575356
0.11509736671575353
0.11509736671575349
0.11509736671575348
0.11509736671575346
0.11509736671575345
0.11509736671575344
0.11509736671575342
0.10574352565916623
0.1056316784864755
0.10492192997411459
0.10390432139539489
0.10367477959962415
0.10178429628782526
0.1008983601738883
0.10059053962546011
0.10036761049052728
0.10019836262119966
0.10007407830916024
0.09998176380891924
0.09991246449633634
0.09985993851034042
0.09981978233854871
0.09978885075599854
0.09976486923708369
0.09974617282011194
0.09973152851735709
0.09972001328687959
0.09971092923800248
0.09970374400562393
0.09969804830402393
0.09969352533269768
0.09968992845320714
0.09968706470805976
0.09968478251734672
0.09968296240023539
0.09968150991324015
0.099680350231928
0.09967942396418007
0.09967868389545488
0.09967809244557757
0.09967761967294148
0.09967724170268272
0.09967693948509981
0.09967669781255284
0.09967650453948772
0.09967634996261798
0.09967622632773489
0.09967612743686055
0.09967604833506162
0.09967598506059885
0.09967593444549352
0.09967589395626675
0.09967586156671415
0.09967583565624251
0.09967581492861427
0.0996757983469911
0.0996757850819994
0.0996757744702024
0.09967576598089048
0.09967575918952137
0.09967575375647755
0.09967574941007544
0.09967574593297485
0.09967574315130787
0.09967574092598291
0.09967573914572847
0.09967573772152846
0.09967573658217072
0.09967573567068597
0.0996757349414991
0.09967573435815019
0.09967573389147147
0.09967573351812872
0.09967573321945465
0.09967573298051552
0.09967573278936427
0.09967573263644332
0.09967573251410658
0.0996757324162372
0.09967573233794172
0.09967573227530534
0.09967573222519624
0.09967573218510896
0.09967573215303915
0.09967573212738329
0.0996757321068586
0.09967573209043887
0.09967573207730304
0.0996757320667944
0.0996757320583875
0.099675732051662
0.09967573204628156
0.09967573204197722
0.09967573203853378
0.09967573203577898
0.09790021280748851
0.08815579757049896
0.08640730296582522
0.08279594875937403
0.08049702782536011
0.07975281879542638
0.078639499466038
0.07823039951770946
0.0782113150887632
0.07789632899559207
0.07772834941188783
0.07770786756083661
0.07769607007749593
0.07767541012971996
0.07766759218701982
0.0776671066017042
0.07766610670076016
0.07766564147440258
0.07766555563942863
0.07766547432048744
0.0776654507734148
0.07766538078663855
0.07766532503299053
0.0776652805809668
0.07766524511592043
0.0776652168056898
0.07766519419706144
0.07766517613547469
0.07766516170240748
0.07766515016632311
0.07766514094409205
0.07766513357055449
0.07766512767444274
0.07766512295929304
0.07766511918828667
0.07766511617219417
0.07766511375977622
0.07766511183013369
0.0776651102866065
0.0776651090519043
0.07766510806421904
0.07766510727411982
0.07766510664207177
0.07766510613645339
0.07766510573197152
0.07766510540839422
0.07766510514953767
0.07766510494245579
0.07766510477679242
0.0776651046442631
0.07766510453824055
0.07766510445342306
0.07766510438556945
0.07766510433128676
0.07766510428786078
0.07766510425312008
0.0776651042253276
0.07766510420309364
0.07766510418530649
0.07766510417107679
0.07766510415969305
0.07766510415058606
0.07766510414330047
0.07766510413747199
0.07766510413280923
0.07766510412907901
0.07766510412609484
0.0776651041237075
0.07766510412179764
0.07766510412026972
0.07766510411904742
0.07766510411806957
0.07766510411728729
0.07766510411666147
0.0776651041161608
0.07766510411576028
0.07766510411543985
0.07766510411518351
0.07289439385604983
0.07109710263427946
0.06956362230268551
0.0684753459668099
0.06769336997292515
0.06712452202569938
0.06396363849825562
0.06378694444254598
0.06361184488932078
0.06354288794540132
0.06334144950950979
0.05873243675104586
0.05573757465139837
0.05378478776023952
0.052506144031990276
0.05166472395158469
0.051107744624664275
0.05073650147506653
0.05048708475502904
0.047618496267056006
0.04647720466332896
0.044803164952544314
0.04356676347902982
0.04229685165785327
0.039825522677665905
0.03970935986520536
0.03949875564923188
0.039107366991292906
0.03880573468943339
0.03858719284005876
0.03771515899072043
0.03735490454713173
0.03723682032053531
0.036464331789988785
0.0357062405841996
0.035133913890205905
0.035117385160155515
0.03497037649501311
0.034914136286473524
0.03490037698601658
0.0349000737205188
0.03487989913325654
0.03486447728040755
0.03485259920098329
0.03484339075527104
0.034836212170110605
0.03483058973168426
0.03470564773311904
0.0345591563000535
0.03450049961563874
0.0344863184731052
0.03444194053066075
0.034412046377686155
0.03439172030393432
0.03437775656405466
0.03436805572838888
0.034361235959848545
0.034356382321011354
0.034352884802578434
0.03435033343911969
0.034348450205176746
0.03434704464638978
0.034345984857515326
0.03434517840763506
0.03434455973171119
0.03434408174071951
0.03434371019576452
0.03434341990241706
0.034343192111013686
0.03434301272158672
0.034342871030010415
0.03434275884152714
0.0343426698361983
0.03434259910902821
0.03434254283263164
0.03434249800693166
0.034342462271438744
0.03434243376308733
0.03434241100763367
0.03434239283605632
0.03434237831977722
0.0343423667201829
0.03434235744910199
0.034342350037737765
0.03434234411216671
0.034342339373962874
0.03434233558484174
0.03434233255446766
0.034342330130759005
0.034342328192170084
0.03434232664154085
0.03434232540119229
0.03434232440901254
0.03434232361533215
0.03434232298042842
0.03434232247253141
0.034342322066230425
0.03434232174120029
0.03434232148118298
0.03434232127317349
0.03434232110676869
0.03434232097364664
0.03434232086715013
0.034342320781953664
0.034342320713796955
0.03434232065927189
0.034342320615652025
0.03434232058075627
0.03434232055283973
0.034342320530506544
0.03434232051264004
0.034342320498346846
0.03434232048691232
0.0343423204777647
0.03433530416238015
0.03391537210866885
0.0338455689592298
0.03356980708432959
0.033439809022472095
0.0333938018933462
0.033207970547056105
0.03314557595368968
0.03306518698558544
0.032941219423793446
0.032688446528960566
0.032498506214019604
0.03235441188265905
0.03214358386881214
0.031828539124278465
0.03161397267814151
0.03146629990490555
0.031420896839160724
0.031363509131867855
0.031229957449482766
0.031088829600040585
0.030953914463508925
0.030819345529720807
0.03079820468558764
0.03073877557159068
0.030709348350713685
0.030690000714624195
0.030669882343975344
0.03066588461700784
0.0306113538226068
0.03059537259531883
0.030556666431895075
0.030535172523783644
0.030524038851776153
0.030483861409670344
0.03046877584404898
0.030445678845818593
0.030444986836929235
0.030412562685904247
0.030392486962501197
0.029450339296791403
0.029194051485493644
0.02864697640988381
0.028569058680885016
0.02707302402273591
0.026901160540881614
0.025951169043332178
0.024157476040653852
0.02294073582359711
0.022306259062017376
0.0222134267461442
0.02217375423286757
0.022104350136513046
0.022053611107915486
0.022016081804068523
0.021988017989170834
0.021966821099287822
0.021950666251083887
0.02193825607729033
0.021928656709308023
0.021921187628395802
0.02191534702828914
0.02191076073356261
0.02190714685641102
0.021904291056212704
0.021902029009028753
0.021900233830785393
0.021898806942273145
0.021897671354076106
0.02189676667399064
0.021896045355824446
0.021895469853868893
0.021895010445953992
0.020720421641909473
0.020233365957264184
0.019350993198004644
0.01893095055499722
0.018777864001807414
0.017268208667281647
0.016982536094757746
0.01623800343639259
0.016185077216666753
0.011817952744186977
0.00885857748614213
0.007598611414832779
0.007506307310333546
0.007469944091796994
0.007334651661481694
0.007281431834249457
0.006831173279086985
0.006608737927753451
0.006583201187661317
0.006582335922731762
0.006562383249295292
0.0065353846420648214
0.006447679684485416
0.006443975056809205
0.006359128453569427
0.006354956430474208
0.006335915830393043
0.006326237959308892
0.006322050612189267
0.0063209759023320974
0.0063193164405339775
0.006316867327534207
0.006315368532179384
0.006314464212724326
0.0063139293759307095
0.006313622222508892
0.006313453758019806
0.006313368431707497
0.006313331815636175
0.006313322775565381
0.006313290114865329
0.006313260090445245
0.006313236511178757
0.006313217929538097
0.006313203244559989
0.006313191611991531
0.0063131823798017435
0.006313175041323501
0.006313169200796
0.00631316454773726
0.006313160837682757
0.006313157877570343
0.006313155514556376
0.0063131536273938185
0.006313152119742888
0.006313150914952776
0.0063131499519722915
0.006313149182132932
0.00631314856661026
0.0063131480744153656
0.0063131476808023276
0.006313147366003337
0.006313147114222665
0.0063131469128355835
0.0063131467517498875
0.006313146622896673
0.006313146519823918
0.006313146437371999
0.0063131463714144855
0.006313146318651047
0.006313146276441944
0.0063131462426757184
0.00631314621566341
0.006211731700910724
0.006162523455023974
0.00612579844784552
0.006121849682197826
0.006089865187183957
0.006066518299820622
0.006049274843464518
0.00603639787264176
0.006026683684311309
0.006019288262176714
0.006013612518728087
0.006009225904294978
0.006005815160156999
0.006003149635188057
0.0060010575802314295
0.005999409769877983
0.0059981080551068135
0.005997077264737294
0.005996259404568024
0.005995609450593469
0.0059950922612767785
0.005994680285095714
0.005994351840325128
0.005994089811660187
0.005993880654105214
0.005993713625902501
0.005993580193958745
0.00599347357039952
0.005993388349629442
0.005993320222982851
0.005993265753646042
0.00599322219864409
0.005993187367741729
0.005993159511403322
0.005993137231698029
0.005993119411367672
0.005993105157301063
0.005993093755454295
0.0058863713058711145
0.005826638235521513
0.0058169444353750556
0.005802034422975359
0.005796263249153983
0.0057952696080342675
0.00579490881538942
0.005794853181260241
0.0057947467633309765
0.005794667456362012
0.005542685268638201
0.005541795961620462
0.0055111782852567065
0.005502453624593195
0.005496801330852395
0.005495341994094196
0.005494870074211537
0.00549171975200365
0.005490441705179452
0.005490214282723043
0.005488144465446737
0.0054864018238128765
0.005485119524583606
0.005484165246209993
0.005459734696668605
0.005455236112763989
0.005432752676231062
0.005431143596292082
0.005428994223805649
0.005428119576397003
0.005428060707887563
0.005427809825202278
0.005412719042874107
0.005394035494287419
0.005352788330797275
0.0053190148013993336
0.0052989887318812484
0.00523452927253168
0.005201916323712576
0.005108342624565766
0.004692408128994588
0.004624978974076431
0.004499098337382399
0.004432655588129173
0.004414921840043269
0.004414054806031607
0.004297126126656789
0.004267915265209522
0.004267779128436539
0.0036527164173678402
0.003611937679246615
0.0034981759896632824
0.0034954940175568267
0.0034805260076389293
0.0034627512285538616
0.003441480006615916
0.0033350715658158436
0.003263157749237207
0.0032288541670420323
0.0031406274093136277
0.0031204369192813558
0.003114600107719556
0.0031028342094360593
0.0030895159159349127
0.0030820070825669033
0.003078013328789555
0.0030761068460345977
0.003075406312801457
0.0030753736641162765
0.003075188753989973
0.0030747465593562273
0.0029688100868596862
0.0029041371317135656
0.002884960707961657
0.0028667458618593963
0.0028588716082110317
0.002856858684161748
0.0028053669725839224
0.00274889625281314
0.002727021029529925
0.0026701914686397136
0.002646581842994772
0.00261033850791815
0.0025758276718415023
0.002568499890375746
0.002508338256108747
0.0025030929865596982
0.0024903964375889024
0.0024892994660111593
0.0024663584236449326
0.0024649438165037273
0.002459782350406388
0.0024544013749123184
0.0024534334447295137
0.0024514212150695495
0.002451161859762647
0.002449890789804874
0.002441834588283857
0.002437518172528913
0.0024370525517229675
0.0024339685097334025
0.0024320398834232187
0.002431109437902453
0.002430391997335083
0.0024301190736529753
0.0024300933931212343
0.002430029018753014
0.002429949558531138
0.0024298958646962474
0.002429859229207606
0.002429833965347427
0.0024298163427589545
0.0024298039013279636
0.0024297950084326376
0.002429788572676031
0.0024288678474808007
0.002428366644041719
0.0024282035574402705
0.002426862633718981
0.002425719900914754
0.002424812965249598
0.002424335453437912
0.0024241121874896436
0.0024240351705717197
0.0024240091569181594
0.0024239954429099734
0.0024239907585243054
0.0024239448031374176
0.002423908981432216
0.0024238810686759093
0.0024238592150198925
0.0024238420370864544
0.002423828489934186
0.0024238177771368405
0.0024238092868506225
0.00242380254579071
0.00242379718569098
0.0024230938353428364
0.002422028816293108
0.0024205962190140843
0.002420410233167509
0.0024201663786687353
0.0024197350014892797
0.002419474478473698
0.0024193390889836607
0.0024180930940127386
0.0024052520712753785
0.0023141940559026956
0.002306424582028211
0.0022799177795375177
0.002263332555874453
0.002260240513915698
0.0022511109472749397
0.0022504415718890584
0.002249235485560634
0.0022438304186556627
0.0022407804979729484
0.0022401983650005334
0.0022355919642739336
0.002230245929821615
0.0022268796024103726
0.0022247692605777717
0.0022234539279733815
0.002222640344041351
0.002222142233472677
0.0022218415092269835
0.0022216634989243493
0.0022215611349023475
0.002221504871985616
0.002221476263764787
0.002221463874540159
0.0022214606814657594
0.00222142898286269
0.002221402991908131
0.0022213826881893432
0.002221366758203025
0.002221354214526746
0.002221344307785898
0.0022213364644413335
0.0022213302422764737
0.0022213252981514915
0.002221321364359929
0.0022213182310920655
0.0022213157332876252
0.0022213137406823756
0.0022213121502066913
0.00222131088013559
0.0022213098655567585
0.002221309054839643
0.00222130840687136
0.0022213078888841937
0.002221307474742437
0.0022213071435877333
0.0022213068787655423
0.002221306666972796
0.002221306497580201
0.0022213063620927505
0.0022213062537198326
0.0022213061670324037
0.0022213060976894396
0.0022213060422195357
0.002221305997846472
0.0022213059623498507
0.002221305933953724
0.002221305911237573
0.0022213058930651308
0.0022213058785274854
0.002221305866897565
0.0022213058575937536
0.0022213058501507864
0.0022213058441964643
0.002221305839433038
0.0022213058356223185
0.0022213058325737563
0.0022213058301349168
0.0022213058281838486
0.0022213058266229995
0.0022213058253743203
0.0022213058243753807
0.0022213058235762287
0.0022213058229369085
0.0022213058224254518
0.0022213058220162864
0.002221305821688956
0.0022213058214270907
0.002221305821217598
0.0022213058210500047
0.0022213058209159292
0.0022213058208086695
0.002221305820722861
0.0022213058206542154
0.002221305820599299
0.002221305820555364
0.002221305820520217
0.0022213058204921
0.002221305820469605
0.0022213058204516092
0.0022213058204372136
0.0022213058204256964
0.0022213058204164833
0.0022213058204091124
0.002221305820403216
0.0022213058203984985
0.002221305820394725
0.002221305820391705
0.0022213058203892897
0.002221305820387357
0.0022213058203858116
0.0022191581573872817
0.0022095152213359517
0.002194179798194615
0.0021932363198116727
0.0021875230902533367
0.0021550046780963203
0.002132218737237247
0.002128895080301979
0.0021234419683843924
0.002120079274819216
0.0021188317544937967
0.0021185956036267263
0.00211800436980111
0.0021177252986440613
0.002117644588689193
0.0021175233731306545
0.002117376924298416
0.0021171373811870306
0.0021170077445954315
0.002116943713976561
0.002116917883820285
0.0021169134720721103
0.0021168924828642607
0.002116870850518761
0.0021168539649424525
0.0021168407254734643
0.0021168303060531903
0.002116822080696119
0.002116815570925115
0.0021168104082376904
0.0021168063069705524
0.0021168030444418374
0.0021168004462492613
0.0021167983752666524
0.002116796723326295
0.002116795404875277
0.002116794352099274
0.0021167935111487506
0.00211679283920131
0.0021167923021636636
0.002116791872866543
0.0021167915296419638
0.0020842941144086557
0.0020432306156649106
0.0020383229642818193
0.002003982930872902
0.0019959662519662834
0.0019922966243122123
0.001973955005955991
0.001964730270007547
0.001963114728939533
0.0019429926797646568
0.0019384895742565293
0.0019322473318243406
0.001924972708245375
0.0019124624297952402
0.0019033809199636269
0.0018967088083725737
0.001891750700715243
0.0018880271468233057
0.001885203780339469
0.0018830445921954177
0.0018813809249077062
0.001880090748343157
0.0018790846917415144
0.0018782965406361975
0.0018776767040245832
0.0018771876726697801
0.0018768008238640099
0.0018764941456373614
0.0018762505955795402
0.001876056902748323
0.001875902682700974
0.0018757797765623745
0.0018756817523870348
0.001875603525517508
0.001875541067203163
0.0018754911793877043
0.0018754513195903882
0.0018754194640437682
0.0018753940002728608
0.0018753736424826249
0.0018753573647153877
0.0018753443479191687
0.0018753339379494378
0.0018753256121926897
0.0018753189530074745
0.0018753136265682196
0.0018753093659985235
0.0018753059579150592
0.0018753032316865543
0.0018753010508562418
0.0018752993062895866
0.001875297910698722
0.0018752967942660054
0.0018752959011454154
0.0018752951866653172
0.0018752946150917178
0.0018752941578395453
0.0018752937920420987
0.0018752934994068888
0.0018752932653004796
0.0018752930780164764
0.001875292928189994
0.0018752928083292696
0.0018752927124409853
0.001875292635730546
0.0018752925743623148
0.0018752925252678086
0.0018752924859922518
0.0018752924545718391
0.0018752924294355288
0.0018752924093264937
0.0018752923932392738
0.001875292380369503
0.0018752923700736898
0.0018752923618370414
0.0018752923552477244
0.0018752923499762717
0.00187529234575911
0.0018752923423853802
0.0018752923396863973
0.0018752923375272114
0.0018752923357998627
0.001875292334417983
0.0018752923333124798
0.0018752923324280774
0.0018752923317205557
0.0018752923311545382
0.001875292330701724
0.0018752923303394728
0.001875292330049673
0.0018752923298178312
0.001875292329632359
0.0012329362547564792
0.0010944072760489321
0.0010303880052761922
9.596249487588326E-4
9.111115536269378E-4
8.874858517773324E-4
8.614954167681963E-4
6.673698798360962E-4
6.55414155365205E-4
6.355395520144523E-4
6.328075320799675E-4
6.325480262643538E-4
6.155677731860655E-4
5.906876724705797E-4
5.863982208272609E-4
5.77409586112064E-4
5.652614696255687E-4
5.602427144208636E-4
5.592355425671742E-4
5.572317281224574E-4
5.561870362191455E-4
5.471598374744443E-4
5.409970751365229E-4
5.401154946874776E-4
5.331748845806434E-4
5.315016504279206E-4
5.276931438108522E-4
5.270115600413046E-4
5.268123627585595E-4
5.26643297723517E-4
5.260620864079159E-4
5.251931254577783E-4
5.21866725831965E-4
5.208066393576084E-4
5.19634256924951E-4
5.192548228188049E-4
5.18967053155514E-4
5.185838163510003E-4
5.183506522766818E-4
5.18211113253574E-4
5.181295570663502E-4
5.180835601365791E-4
5.180590813255669E-4
5.180473822657523E-4
5.180430687708576E-4
5.180428472568344E-4
5.180303581130443E-4
5.179880426557133E-4
5.179558552821407E-4
5.148022618623718E-4
5.102039056887665E-4
5.080865885000133E-4
5.067289354403867E-4
5.045712633933381E-4
5.03452924654526E-4
5.029472449587258E-4
5.02791655631045E-4
5.023129364154922E-4
4.997414832821629E-4
4.951130271785009E-4
4.903075213737723E-4
4.867636931858E-4
4.841209995671409E-4
4.8213297860186184E-4
4.821299607885136E-4
4.786256888466103E-4
4.7634200819870044E-4
4.7612015140291545E-4
4.748492404203991E-4
4.738688993113753E-4
4.73221505216871E-4
4.719402999180711E-4
4.7174777946924567E-4
4.7086202544107287E-4
4.7037638808446387E-4
4.697691900453638E-4
4.6951777746435605E-4
4.693920173151327E-4
4.6937996211500607E-4
4.692053661799003E-4
4.687932491256828E-4
4.685373087781026E-4
4.683881699283489E-4
4.6830445144266424E-4
4.682602559143528E-4
4.6823947821825445E-4
4.670385790023045E-4
4.6658144871473777E-4
4.6645096694649036E-4
4.663119584552746E-4
4.607495130453215E-4
4.540059629022191E-4
4.535650879685449E-4
4.3844223181368125E-4
4.370123695841117E-4
4.364522604170381E-4
4.357797299618902E-4
4.3504053844978826E-4
4.339846343369483E-4
4.308222046385976E-4
4.288481814678889E-4
4.276247521076241E-4
4.268737136922455E-4
4.2641861420655614E-4
4.261478026158369E-4
4.227991940854738E-4
4.186257547083699E-4
4.161943281382659E-4
4.1482987483839354E-4
4.1410995249047036E-4
4.1377186439899564E-4
4.136536177894089E-4
4.135735298513811E-4
4.135180185939815E-4
4.134805343119317E-4
4.1345497870956847E-4
4.13437370594575E-4
4.1342509937739453E-4
4.13416444179531E-4
4.130405601310939E-4
4.1253967109218363E-4
4.1246496008352535E-4
4.1241856651201726E-4
4.123091853845159E-4
4.1208455594418804E-4
4.1191156924148787E-4
4.118506852243273E-4
4.11634878898117E-4
4.115059109783587E-4
4.1092180969231506E-4
4.109079120917606E-4
4.108611501825815E-4
4.102797253572583E-4
4.1007363885781995E-4
4.0978447018407484E-4
4.096238855718902E-4
4.095406980913021E-4
4.0950312744069377E-4
4.094916176938785E-4
4.079758121888232E-4
4.072532419339736E-4
4.066254740784846E-4
4.058666738781982E-4
4.057795999905939E-4
4.054488280090628E-4
4.050008351659534E-4
4.046597978102707E-4
4.042908185400253E-4
4.0388571001187046E-4
4.02775598920047E-4
4.0270409735124494E-4
4.0263567241319374E-4
4.016815019706337E-4
4.015994099389616E-4
4.011847525403645E-4
4.008608086745028E-4
4.007525278676626E-4
4.0035520107630033E-4
4.0006725263927706E-4
3.9985603820714126E-4
3.996993190246216E-4
3.9958178519104677E-4
3.994927766921491E-4
3.9942478177652676E-4
3.9937244144946633E-4
3.993318847752979E-4
3.9930028141195006E-4
3.992755375859037E-4
3.992560873984308E-4
3.9924074796740576E-4
3.992286176827157E-4
3.991475304091333E-4
3.9909286138220155E-4
3.9901219210702784E-4
3.989945450798765E-4
3.9893520063118154E-4
3.9890632415447337E-4
3.9890158526000995E-4
3.988925766386128E-4
3.9888626778579846E-4
3.9888179545190114E-4
3.988785854237299E-4
3.988762528181185E-4
3.9887453740046236E-4
3.988732614931101E-4
3.988723024803628E-4
3.988715747665712E-4
3.98871017873238E-4
3.9887058853629913E-4
3.9887025542049406E-4
3.9886999555424727E-4
3.988697919021444E-4
3.9886963169463426E-4
3.988695052656965E-4
3.988694052342712E-4
3.9886932592063514E-4
3.988692629250889E-4
3.988692128200838E-4
3.988691729225962E-4
3.9886914112397675E-4
3.9886911576147847E-4
3.988690955203739E-4
3.9886907935878245E-4
3.9886906644953613E-4
3.9886905613495686E-4
3.988690478914962E-4
3.98869041301978E-4
3.988690360337232E-4
3.988690318212697E-4
3.988690284526831E-4
3.9886902575869465E-4
3.988690236040678E-4
3.988690218807269E-4
3.988690205022852E-4
3.9886901939967955E-4
3.988690185176896E-4
3.988690178121581E-4
3.988690172477717E-4
3.9886901679628744E-4
3.9886901643511574E-4
3.9886901614618865E-4
3.9886901591505345E-4
3.9886901573014943E-4
3.9886901558222886E-4
3.988690154638941E-4
3.9886901536922753E-4
3.9886901529349476E-4
3.9886901523290916E-4
3.9886901518444094E-4
3.988690151456666E-4
3.98869015114647E-4
3.988690150898315E-4
3.9886901506997917E-4
3.988690150540974E-4
3.98869015041392E-4
3.988690150312276E-4
3.988690150230961E-4
3.98869015016591E-4
3.988690150113869E-4
3.988690150072236E-4
3.98869015003893E-4
3.9886901500122833E-4
3.9864753143791556E-4
3.984726382646402E-4
3.9832219004028266E-4
3.982683143314836E-4
3.982677628016843E-4
3.98248585621593E-4
3.982477655514001E-4
3.9806586511660457E-4
3.977912544712069E-4
3.976729597613671E-4
3.976555443207072E-4
3.9763757091873113E-4
3.9763554830507823E-4
3.976212838460902E-4
3.976212540595998E-4
3.976212453968979E-4
3.9762114036661554E-4
3.976211074795222E-4
3.976211005441172E-4
3.7179948116569146E-4
3.409330506872582E-4
3.348115446740119E-4
3.31910915383645E-4
3.270751968643567E-4
3.223888226785852E-4
2.9915423308762563E-4
2.776925353671881E-4
2.759766023266159E-4
2.6766889829461224E-4
2.5883269151950633E-4
2.2536981545847739E-4
2.0712719039974825E-4
2.0653723932302582E-4
2.060622729298093E-4
2.0574293273520854E-4
2.0546540861743503E-4
2.0535944439953059E-4
2.05337630855945E-4
2.0396978522010348E-4
1.9635131514570976E-4
1.9557369603434175E-4
1.955595541253542E-4
1.9516863553254856E-4
1.9488534691196799E-4
1.9466443584110243E-4
1.9460615120166108E-4
1.8512022771541783E-4
1.8047030122375396E-4
1.77223428228399E-4
1.748491618360778E-4
1.7393282329667084E-4
1.7392760147090261E-4
1.7363096363289134E-4
1.7235310404133626E-4
1.721019799586981E-4
1.7171712018061228E-4
1.7164862791612032E-4
1.7136695610130454E-4
1.7132315010850044E-4
1.7120193202407402E-4
1.7102091774678024E-4
1.7080612461292744E-4
1.7067581553221434E-4
1.7059814454052E-4
1.7055301656180544E-4
1.7052779982020376E-4
1.7051459323739936E-4
1.7050848672986102E-4
1.7050645512940168E-4
1.7049348830337595E-4
1.7048258194088896E-4
1.7047670797957457E-4
1.70473833532875E-4
1.7047270179782064E-4
1.7047254381605262E-4
1.7047073966856385E-4
1.7046913505448395E-4
1.704679283344793E-4
1.7046701222008144E-4
1.7046631085599096E-4
1.704657699422724E-4
1.7046535012493188E-4
1.704650225357855E-4
1.7046476575389316E-4
1.7046456371361103E-4
1.7046440424793363E-4
1.7046427806198267E-4
1.7046417800064002E-4
1.704640985195137E-4
1.7046403529809905E-4
1.7046398495359873E-4
1.704639448268825E-4
1.7046391282079525E-4
1.7046388727690848E-4
1.704638668808281E-4
1.7046385058894234E-4
1.704638375714201E-4
1.7046382716763358E-4
1.7046381885115231E-4
1.70463812202158E-4
1.704638068856446E-4
1.7046380263415037E-4
1.7046379923405362E-4
1.7046379651467934E-4
1.704637943396298E-4
1.704637925998782E-4
1.7046379120826122E-4
1.7046379009508559E-4
1.7046378920462058E-4
1.704637884922968E-4
1.7046378792246876E-4
1.7046378746662618E-4
1.7046378710196478E-4
1.7046378681024376E-4
1.7046378657687206E-4
1.704637863901781E-4
1.7046378624082495E-4
1.704637861213439E-4
1.7046378602575982E-4
1.704637859492933E-4
1.7046378588812027E-4
1.7046378583918212E-4
1.704637858000318E-4
1.7046378576871166E-4
1.7046378574365554E-4
1.7046378572361067E-4
1.7046378570757483E-4
1.704637856947461E-4
1.704637856844832E-4
1.7046378567627286E-4
1.7046378566970468E-4
1.7046378566445E-4
1.704637856602463E-4
1.7046378565688337E-4
1.704637856541931E-4
1.7046378565204078E-4
1.704637856503189E-4
1.704637856489415E-4
1.704637856478395E-4
1.7046378564695787E-4
1.7046378564625268E-4
1.7046378564568838E-4
1.7046378564523697E-4
1.70463785644876E-4
1.704637856445871E-4
1.7046378564435603E-4
1.7046378564417118E-4
1.7046378564402324E-4
1.7046378564390495E-4
1.7046378564381027E-4
1.7046378564373454E-4
1.7046378564367393E-4
1.7046378564362555E-4
1.7046378564358676E-4
1.7046378564355578E-4
1.7046378564353093E-4
1.704637856435111E-4
1.7046378564349518E-4
1.7046378564348252E-4
1.7046378564347238E-4
1.7046378564346425E-4
1.7046378564345777E-4
1.7046378564345249E-4
1.7046378564344826E-4
1.7046378564344498E-4
1.704637856434424E-4
1.704637856434402E-4
1.7046378564343853E-4
1.7046378564343714E-4
1.7046378564343603E-4
1.7046378564343517E-4
1.7046378564343454E-4
1.7046378564343397E-4
1.7046378564343346E-4
1.7046378564343316E-4
1.7046378564343286E-4
1.7046378564343262E-4
1.7046378564343246E-4
1.7046378564343224E-4
1.7046378564343218E-4
1.7046378564343205E-4
1.70463785643432E-4
1.7046378564343194E-4
1.704637856434319E-4
1.7046378564343186E-4
1.7046378564343183E-4
1.7046378564343178E-4
1.7046378564343175E-4
1.6920351576917E-4
1.666204668592608E-4
1.0877950084422404E-4
1.0124291764945778E-4
9.441188394946987E-5
7.12334375496101E-5
7.062607113092037E-5
7.029666977455635E-5
7.026999232858729E-5
5.977835598895396E-5
5.756613449740126E-5
5.638361293301562E-5
5.3739918936210344E-5
4.964789675985948E-5
4.773043350034683E-5
4.690787572078966E-5
4.668424431702571E-5
3.88851601457378E-5
3.523864378593888E-5
3.303229164335577E-5
3.2011496164979195E-5
3.154431931597292E-5
3.07065460925631E-5
3.03767717529766E-5
3.0055764706681346E-5
2.994452717518816E-5
2.9854592508408845E-5
2.982950666559841E-5
2.9788622355860037E-5
2.9755969004099944E-5
2.974600832872254E-5
2.9744872839729135E-5
2.9743995667023167E-5
2.974377885332447E-5
2.9743298420864645E-5
2.974299117610302E-5
2.9742794725065718E-5
2.9742669144889957E-5
2.9742588892367963E-5
2.9742537625786278E-5
2.9742504891199918E-5
2.9742484001885365E-5
2.9742470681380635E-5
2.9742462195182884E-5
2.974245679515653E-5
2.974245336405184E-5
2.9742451188074573E-5
2.974244981139291E-5
2.9742448943071677E-5
2.974244839755011E-5
2.9742448056579534E-5
2.9742447844888945E-5
2.9742447714631418E-5
2.9742447635446174E-5
2.951879730600321E-5
2.8052122849551392E-5
2.6446335928005204E-5
2.5854075003468988E-5
2.581556724250296E-5
2.5810030843712802E-5
2.5640758154844364E-5
2.5624351084474322E-5
2.4474779483409835E-5
2.361068808757253E-5
2.295086386567232E-5
2.240684860112505E-5
2.2297988507077456E-5
2.1975492941985288E-5
2.196003498075159E-5
2.1879194710821978E-5
2.1849746870347754E-5
2.1845351502691806E-5
2.1664499562522596E-5
2.1624405543320986E-5
2.16025227620851E-5
2.1601757309461718E-5
2.1599712449465052E-5
2.1599189615392968E-5
2.1599130662661203E-5
2.1599092481693542E-5
2.1598982302023616E-5
2.1598923502120542E-5
2.1598895242251125E-5
2.1598884653589518E-5
2.1598883874969965E-5
2.1598862650295366E-5
2.1598843026349286E-5
2.159883496506973E-5
2.1598833404287563E-5
2.1598827738475522E-5
2.1598822037137486E-5
2.1598817690589056E-5
2.1598814350644402E-5
2.1598811766556886E-5
2.1598809755522542E-5
2.159880818268587E-5
2.1598806947450672E-5
2.159880597400435E-5
2.1598805204682067E-5
2.1598804595262502E-5
2.1598804111591334E-5
2.1598803727127663E-5
2.159880342113962E-5
2.159880317736225E-5
2.1598802982988697E-5
2.15988028279048E-5
2.1598802704103255E-5
2.1598802605231966E-5
2.1598802526243724E-5
2.1598802463122744E-5
2.1598802412670514E-5
2.159880237233724E-5
2.159880234008887E-5
2.1598802314301868E-5
2.1598802293679726E-5
2.1598802277186798E-5
2.159880226399553E-5
2.159880225344447E-5
2.1598802245004866E-5
2.1598802238253993E-5
2.1598802232853815E-5
2.1598802228533985E-5
2.1598802225078348E-5
2.159880222231396E-5
2.1598802220102534E-5
2.1598802218333458E-5
2.159880221691823E-5
2.1598802215786068E-5
2.1598802214880352E-5
2.1598802214155793E-5
2.159880221357616E-5
2.1598802213112445E-5
2.159880221274147E-5
2.15988022124447E-5
2.1598802212207286E-5
2.1598802212017357E-5
2.1598802211865413E-5
2.1598802211743854E-5
2.1598802211646607E-5
2.159880221156881E-5
2.1598802211506573E-5
2.159880221145678E-5
2.1598802211416956E-5
2.1598802211385088E-5
2.1598802211359595E-5
2.1598802211339206E-5
2.1598802211322895E-5
2.1598802211309834E-5
2.1598802211299395E-5
2.1598802211291043E-5
2.1598802211284365E-5
2.1598802211279012E-5
2.1598802211274743E-5
2.1598802211271318E-5
2.1598802211268583E-5
2.1598802211266388E-5
2.1598802211264633E-5
2.1598802211263234E-5
2.1598802211262105E-5
2.1598802211261214E-5
2.1598802211260496E-5
2.1598802211259923E-5
2.1598802211259463E-5
2.1598802211259097E-5
2.1598802211258802E-5
2.1598802211258565E-5
2.1598802211258382E-5
2.1598802211258223E-5
2.1598802211258107E-5
2.1598802211258006E-5
2.1598802211257935E-5
2.1598802211257874E-5
2.1598802211257826E-5
2.159880221125779E-5
2.1598802211257755E-5
2.1598802211257728E-5
2.1598802211257704E-5
2.159880221125769E-5
2.159880221125768E-5
2.1598802211257667E-5
2.1598802211257663E-5
2.1598802211257653E-5
2.159880221125765E-5
2.1598802211257633E-5
2.1598802211257623E-5
2.1598802211257613E-5
2.159880221125761E-5
2.15988022112576E-5
2.1598802211257596E-5
2.1598802211257592E-5
2.159880221125759E-5
2.1598802211257586E-5
2.1598802211257582E-5
2.0724610524959974E-5
1.934305888757444E-5
1.884706656095373E-5
1.882541556144781E-5
1.8682057616318534E-5
9.609123887918686E-6
9.32059951758416E-6
7.990919787947488E-6
7.99041956897722E-6
7.87237451327742E-6
7.816385361993758E-6
7.497207354354141E-6
7.393578631493787E-6
7.242997114442779E-6
7.007812706565885E-6
6.973632453945885E-6
6.928349355347097E-6
6.209714699636959E-6
6.08683803061635E-6
5.588302490768834E-6
5.0374932744694125E-6
4.97594842504357E-6
4.83400958853035E-6
4.746460824371201E-6
4.723953066483607E-6
4.685451882118026E-6
4.680829151562268E-6
4.6332376322104E-6
4.5733477694834685E-6
4.529714033991748E-6
4.4975450645998574E-6
4.473562221247298E-6
4.455497439148258E-6
4.441763368722152E-6
4.431235475743268E-6
4.42310715391184E-6
4.416792651679776E-6
4.411861469243291E-6
4.407993591677571E-6
4.4049486133904144E-6
4.402544197970557E-6
4.400640868648987E-6
4.3991311351208935E-6
4.397931623453082E-6
4.396977310217819E-6
4.396217249132957E-6
4.395611369547212E-6
4.39512805421919E-6
4.394742290494736E-6
4.394434248179472E-6
4.394188178272413E-6
4.393991555271661E-6
4.393834405942994E-6
4.393708781886098E-6
4.393608343700445E-6
4.393528032230235E-6
4.393463808064189E-6
4.393412444737829E-6
4.393371364320885E-6
4.393338506543583E-6
4.393312224517743E-6
4.393291201582514E-6
4.393274384953013E-6
4.393260932749368E-6
4.393250171690425E-6
4.393241563293812E-6
4.393234676864869E-6
4.393229167906257E-6
4.393224760857473E-6
4.393221235294035E-6
4.393218414891662E-6
4.393216158600725E-6
4.393214353587788E-6
4.393212909590122E-6
4.393211754400105E-6
4.393210830253286E-6
4.393210090939155E-6
4.3932094994899785E-6
4.393209026331999E-6
4.393208647806485E-6
4.393208344986634E-6
4.3932081027311085E-6
4.3932079089269175E-6
4.39320775388371E-6
4.393207629849238E-6
4.393207530621721E-6
4.393207451239745E-6
4.393207387734188E-6
4.2893689049528585E-6
4.273224191499378E-6
4.270550542575129E-6
4.232814852937935E-6
4.20774696535451E-6
4.148288536116753E-6
4.065544261072291E-6
3.967922302898529E-6
3.925389418296158E-6
3.9141245070537125E-6
3.73828338744273E-6
3.616957286225792E-6
3.5518205555355566E-6
3.507504301199323E-6
3.482734672823186E-6
3.469756330181698E-6
3.4025736816567376E-6
3.3915729473646838E-6
3.378274245398572E-6
3.3699920731537067E-6
3.3655567999267782E-6
3.363410478669372E-6
3.362590635950896E-6
3.3554806015523224E-6
3.3167276113130166E-6
3.3086195751460695E-6
3.2883240494657608E-6
3.2575128425309803E-6
3.1719641575339198E-6
3.130417656770149E-6
3.1161317492652047E-6
3.106371589158173E-6
3.1062504767362437E-6
3.105779087293059E-6
3.0836042593143135E-6
3.051075304118557E-6
2.996390892664329E-6
2.972550232828757E-6
2.9662181013300968E-6
2.9608108477557962E-6
2.958677951175418E-6
2.9567271946970765E-6
2.9548519654232577E-6
2.950045082943843E-6
2.948879276532925E-6
2.904548882104759E-6
2.853846199968229E-6
2.8491954530793256E-6
2.8215382640483545E-6
2.8054578866191442E-6
2.796462623904941E-6
2.791742598840242E-6
2.7895513372567475E-6
2.788812573409642E-6
2.78496661671825E-6
2.773022506934389E-6
2.767362556302655E-6
2.766922353475743E-6
2.7651067495758217E-6
2.761178861255983E-6
2.7512375468540113E-6
2.741790540116492E-6
2.7353422839284884E-6
2.730893662467373E-6
2.727789154731625E-6
2.720896601805396E-6
2.7102632487536385E-6
2.7047894091375572E-6
2.701420142276162E-6
2.6920729394990144E-6
2.6900734342912013E-6
2.6836656308308634E-6
2.680724690199566E-6
2.679770531062192E-6
2.675999380952442E-6
2.6696339377685765E-6
2.664712403346997E-6
2.660884500690061E-6
2.657892146487923E-6
2.6555430425971945E-6
2.65369241834604E-6
2.6522302606164315E-6
2.6510722731023856E-6
2.650153395839719E-6
2.6494231021886704E-6
2.648841944489647E-6
2.648378987752389E-6
2.6480098827926377E-6
2.6477154055000713E-6
2.64748033993817E-6
2.6472926179028247E-6
2.647142651739622E-6
2.647022814146706E-6
2.619377055158735E-6
2.5932919096832553E-6
2.5807875715215527E-6
2.5767690773596498E-6
2.556213231464959E-6
2.5422066099189593E-6
2.5397094278065223E-6
2.5149382856584852E-6
2.49733231271542E-6
2.484662536457202E-6
2.475432316792216E-6
2.473833646920359E-6
2.4686277259188457E-6
2.456008937126431E-6
2.444950374504735E-6
2.440766274541544E-6
2.4381522957439843E-6
2.4290315884439043E-6
2.4238014615132203E-6
2.4096207136545276E-6
2.4095845771222087E-6
2.407354227663183E-6
2.3975991117230167E-6
2.3948679351983124E-6
2.3891785351892556E-6
2.383693339308432E-6
2.3814649699132085E-6
2.3810645382750696E-6
2.3810278887600233E-6
2.3806233618139394E-6
2.3803485309918573E-6
2.380159892404453E-6
2.3800289662194975E-6
2.3799370154699123E-6
2.379871640597207E-6
2.379824579564299E-6
2.379790283611736E-6
2.3797649926888946E-6
2.379746133287716E-6
2.3797319247025122E-6
2.3797211203532227E-6
2.3797128368858705E-6
2.379706440519719E-6
2.379701470887746E-6
2.379697589557174E-6
2.37969454489272E-6
2.3796921478171596E-6
2.3796902548965533E-6
2.379688756393567E-6
2.379687567724617E-6
2.379686623274858E-6
2.379685871865708E-6
2.3796852733948072E-6
2.379684796318196E-6
2.379684415744977E-6
2.379684111982766E-6
2.3796838694186715E-6
2.379683675652626E-6
2.379683520822338E-6
2.3789255072630953E-6
2.378531460246328E-6
2.376701397413612E-6
2.3747066449087523E-6
2.372158032815632E-6
2.367893962015042E-6
2.3651170862545156E-6
2.363301589409259E-6
2.362109034341479E-6
2.361321289428647E-6
2.3607975249488724E-6
2.3588563489704702E-6
2.355110637042566E-6
2.352461713687596E-6
2.3514013972744454E-6
2.351235570773567E-6
2.3510793958243563E-6
2.3490767101659233E-6
2.347801747918189E-6
2.3474847044021225E-6
2.3472954783088463E-6
2.3471159272975477E-6
2.3466930160796465E-6
2.3464529849916376E-6
2.345617320935496E-6
2.3431993603240706E-6
2.3408779778258007E-6
2.3391349363758233E-6
2.3378135045269707E-6
2.336803079887011E-6
2.336024641512082E-6
2.3351118114815192E-6
2.333133691232409E-6
2.3323962504600143E-6
2.332347133315311E-6
2.332003368653476E-6
2.3316889827873384E-6
2.331536713712637E-6
2.328163926126405E-6
2.32215318017964E-6
2.3183559442367745E-6
2.31596542640379E-6
2.3144672655270406E-6
2.3135338589950098E-6
2.3129568119577802E-6
2.3126037683685697E-6
2.312390833683168E-6
2.311793147308197E-6
2.3094757023871015E-6
2.3091841519064685E-6
2.3086738419631683E-6
2.308153847840608E-6
2.3079377989125184E-6
2.3076292981143587E-6
2.3072203733861994E-6
2.306094750291275E-6
2.3060470892047385E-6
2.3049453260402904E-6
2.3032154053270565E-6
2.3019309507755978E-6
2.3009595695109462E-6
2.300795777626931E-6
2.3004631736946568E-6
2.2996893998012495E-6
2.299149626196466E-6
2.298768524439001E-6
2.298378749397481E-6
2.2977668766348207E-6
2.2973247421825366E-6
2.297324214591083E-6
2.297001347425728E-6
2.2967620318154947E-6
2.2961383525211532E-6
2.295437130273011E-6
2.2949509974066707E-6
2.2949185366710256E-6
2.294609991870188E-6
2.294309679347499E-6
2.2938487682342807E-6
2.2929656177481868E-6
2.291986649142071E-6
2.2912948741519067E-6
2.2907999500924E-6
2.2904414482416756E-6
2.2901786066951E-6
2.289983667815601E-6
2.2898375307009702E-6
2.2897269019622044E-6
2.2896424187810736E-6
2.289577404914492E-6
2.289527040335355E-6
2.2894878024410868E-6
2.28913253312911E-6
2.288227586145745E-6
2.2875540875166307E-6
2.2870475823461886E-6
2.2866630461988584E-6
2.2863686447939693E-6
2.286141589278362E-6
2.28578384862928E-6
2.285408634921526E-6
2.2851845348839472E-6
2.2850539402482032E-6
2.284980623191972E-6
2.284941911084501E-6
2.284923703982532E-6
2.2849173063547215E-6
2.284254951855174E-6
2.2841784866362414E-6
2.2841592204320825E-6
2.2839912027496366E-6
2.283989946825728E-6
2.283863456498156E-6
2.283790317528082E-6
2.2837247962765156E-6
2.2836734331017764E-6
2.2836330170109545E-6
2.2836011157856374E-6
2.2835929350213888E-6
2.283575871059681E-6
2.2835558520816667E-6
2.2835399500530155E-6
2.2835273008485015E-6
2.2835172278326704E-6
2.283509199082585E-6
2.2835027950665674E-6
2.283497684003546E-6
2.283493602928996E-6
2.2834390480601264E-6
2.283398245402002E-6
2.2833800014659094E-6
2.283374621158894E-6
2.283368500747315E-6
2.283362746024947E-6
2.283358408621094E-6
2.283355109177397E-6
2.2832902937821317E-6
2.28327266949874E-6
2.2832573049226077E-6
2.283226177542562E-6
2.283201790592472E-6
2.2831826106029255E-6
2.2831674775364248E-6
2.2831665296245145E-6
2.283155506075311E-6
2.283146015301357E-6
2.2831384779749526E-6
2.283132483501195E-6
2.2831277105701024E-6
2.2831239067198936E-6
2.2830872736449657E-6
2.283043602090145E-6
2.2830410025457716E-6
2.283036826763353E-6
2.283035752658052E-6
2.2830232108543294E-6
1.9519709439830472E-6
1.2810651745731037E-6
1.071094795555984E-6
9.739940145439614E-7
9.524307955802164E-7
9.389325892908231E-7
9.250897484798019E-7
9.106076533061923E-7
9.041253816368864E-7
9.031819808330041E-7
8.975524853533622E-7
8.906385936231125E-7
8.854103412036979E-7
8.814215702856287E-7
8.78354605402349E-7
8.75980426680478E-7
8.74131895341223E-7
8.726855897182937E-7
8.715493576669739E-7
8.706536919920133E-7
8.699456842303458E-7
8.693847338791244E-7
8.689394653473392E-7
8.685854852413942E-7
8.68303731377107E-7
8.680792436267776E-7
8.67900239244818E-7
8.677574106629652E-7
8.676433877486602E-7
8.675523229859697E-7
8.674795694598197E-7
8.674214295406612E-7
8.673749578624615E-7
8.673378062844634E-7
8.673081015113843E-7
8.672843482460852E-7
8.672653523878714E-7
8.672501600238764E-7
8.67238008899129E-7
8.672282897698582E-7
8.672205155995791E-7
8.672142969885639E-7
8.672093225638847E-7
8.672053433211866E-7
8.67202160117137E-7
8.671996136755668E-7
8.671975766001792E-7
8.671959469897053E-7
8.671946433332212E-7
8.671936004284466E-7
8.671927661176912E-7
8.671920986774477E-7
8.671915647306044E-7
8.671911375765542E-7
8.671907958555057E-7
8.671905224800701E-7
8.67190303780619E-7
8.671901288216329E-7
8.671899888548116E-7
8.6718987688159E-7
8.671897873031633E-7
8.671897156405184E-7
8.671896583104639E-7
8.6718961244646E-7
8.67189575755282E-7
8.67189546402356E-7
8.671895229200254E-7
8.671895041341675E-7
8.671894891054855E-7
8.671894770825425E-7
8.671894674641901E-7
8.671894597695092E-7
8.67189453613765E-7
8.671894486891703E-7
8.671894447494947E-7
8.671894415977545E-7
8.671894390763624E-7
8.671894370592489E-7
8.67189435445558E-7
8.671894341546053E-7
8.671894331218433E-7
8.671894322956335E-7
8.671894316346659E-7
8.671894311058916E-7
8.671894306828723E-7
8.671894303444569E-7
8.671894300737244E-7
8.671894298571385E-7
8.671894296838699E-7
8.67189429545255E-7
8.67189429434363E-7
8.671894293456495E-7
8.671894292746785E-7
8.671894292179018E-7
8.671894291724803E-7
8.671894291361432E-7
8.671894291070739E-7
8.67189429083818E-7
8.671894290652133E-7
8.671894290503298E-7
8.671894290384229E-7
8.671894290288974E-7
8.671894290212769E-7
8.671894290151805E-7
8.671894290103035E-7
8.671894290064019E-7
8.671894290032806E-7
8.671894290007835E-7
8.671894289987858E-7
8.671894289971877E-7
8.671894289959092E-7
8.671894289948865E-7
8.671894289940682E-7
8.671894289934137E-7
8.6718942899289E-7
8.671894289924712E-7
8.671894289921361E-7
8.671894289918677E-7
8.671894289916532E-7
8.671894289914816E-7
8.671894289913444E-7
8.671894289912345E-7
8.671894289911466E-7
8.671894289910763E-7
8.671894289910201E-7
8.67189428990975E-7
8.671894289909391E-7
8.671894289909102E-7
8.671894289908873E-7
8.671894289908688E-7
8.671894289908542E-7
8.671894289908423E-7
8.671894289908329E-7
8.671894289908254E-7
8.671894289908193E-7
8.671894289908145E-7
8.671894289908107E-7
8.671894289908076E-7
8.671894289908052E-7
8.671894289908031E-7
8.671894289908016E-7
8.671894289908004E-7
8.671894289907992E-7
8.671894289907985E-7
8.671894289907979E-7
8.671894289907973E-7
8.671894289907969E-7
8.671894289907966E-7
8.671894289907964E-7
8.671894289907962E-7
8.671894289907959E-7
8.671894289907958E-7
8.671894289907957E-7
8.671894289907956E-7
8.671894289907955E-7
8.671894289907954E-7
8.671894289907953E-7
8.382578954974609E-7
8.065594218400533E-7
7.782209726525432E-7
7.677609014842212E-7
7.672076849858422E-7
6.808486320216168E-7
6.497231253746041E-7
6.321697668202016E-7
6.185083308738047E-7
6.141373972582899E-7
6.105908805920901E-7
6.055014585513251E-7
6.029454385961107E-7
6.018705539454741E-7
6.016314022656268E-7
6.006494938980543E-7
5.99806289920753E-7
5.99200266088975E-7
5.987593122075933E-7
5.984346228202735E-7
5.585818019547825E-7
5.427557017544028E-7
5.384241403219956E-7
5.319683649640352E-7
4.7186243285857327E-7
4.600379454823969E-7
4.4626596632010626E-7
4.4318619389240056E-7
4.398666599487496E-7
4.3523683804758646E-7
4.333561676460449E-7
4.320504181170996E-7
4.297892464590085E-7
4.2969851962862605E-7
4.134521865135231E-7
4.0767092692219216E-7
4.053448455529529E-7
4.027482324466681E-7
4.0224792326402406E-7
4.0209908898540976E-7
4.01626434920618E-7
4.014730341256751E-7
4.014560200407926E-7
4.0145313833138956E-7
4.0144314203686885E-7
4.014399712121857E-7
4.0138189148064095E-7
3.959262418112369E-7
3.9439438216926957E-7
3.931486051853097E-7
3.9126423815455386E-7
3.907518481253833E-7
3.9004052223328696E-7
3.8535567085530885E-7
3.7850879910735725E-7
3.7508534326025617E-7
3.7503169377674334E-7
3.7494580822214116E-7
3.748878196764013E-7
3.74675702019771E-7
3.746469985734436E-7
3.745562154923234E-7
3.744993371860738E-7
3.7446391336260817E-7
3.7444202474961716E-7
3.744286421445248E-7
3.744205781630428E-7
3.744158179235163E-7
3.7441309193711677E-7
3.7441160375933917E-7
3.744108564883759E-7
3.744105423652109E-7
3.7441047263058654E-7
3.7438412308417064E-7
3.740498432532173E-7
3.7398359912996275E-7
3.739032539709578E-7
3.7374771221311866E-7
3.607325500015563E-7
3.397836990200004E-7
3.368379272397488E-7
3.0607786190572955E-7
2.9670152031987184E-7
2.739322685538224E-7
2.5661668408592426E-7
2.47081094885434E-7
2.4221542568429175E-7
2.4009108370529796E-7
2.395232538865318E-7
2.1960377915245053E-7
1.9833141036715126E-7
1.9492911752263755E-7
1.9337731611105998E-7
1.9055287066782373E-7
1.9001846769963836E-7
1.815930349841885E-7
1.767981322838575E-7
1.694027659565632E-7
1.641235605723811E-7
1.6129672996025331E-7
1.583028003086547E-7
1.5719584931205462E-7
1.5713473185856905E-7
1.5664770267784864E-7
1.561167186891275E-7
1.5584658057184477E-7
1.557294454851829E-7
1.5569908167643855E-7
1.5561538170631445E-7
1.5545566019494164E-7
1.5533593391117172E-7
1.55245305476366E-7
1.5517610038753595E-7
1.551228468182412E-7
1.5508159468393762E-7
1.5504945743801957E-7
1.5502430089666095E-7
1.5500452974701455E-7
1.5498893944069936E-7
1.5497661222822437E-7
1.549668432790939E-7
1.5495908752513314E-7
1.549529209413844E-7
1.520186906878579E-7
1.5122331507077832E-7
1.5065604177492473E-7
1.502522097505321E-7
1.4996113556288372E-7
1.4974875072915912E-7
1.495919465526716E-7
1.4947488957339665E-7
1.493866112616022E-7
1.4931942366600714E-7
1.4926787202398887E-7
1.4922803770842733E-7
1.4919707073473197E-7
1.491728734621782E-7
1.4915388448023284E-7
1.49138929349779E-7
1.4912711632068157E-7
1.4911776258557353E-7
1.491103414779159E-7
1.491044441952642E-7
1.4909975171536652E-7
1.4909601395303147E-7
1.4909303412497663E-7
1.4909065690689318E-7
1.4908875938481712E-7
1.4908724408868634E-7
1.490860335935609E-7
1.490850663121993E-7
1.4908429320054274E-7
1.490836751678145E-7
1.4908318103385393E-7
1.4908278591370765E-7
1.4908246993728475E-7
1.490822172327507E-7
1.4908201511815015E-7
1.4908185345784689E-7
1.490817241496855E-7
1.490816207160086E-7
1.4908153797729235E-7
1.490814717915835E-7
1.490814188463856E-7
1.490813764923834E-7
1.4908134261056166E-7
1.490813155059875E-7
1.4908129382289337E-7
1.490812764767798E-7
1.4908126260012052E-7
1.4908125149894123E-7
1.4908124261809266E-7
1.4908123551347446E-7
1.4908122982981877E-7
1.4908122528291912E-7
1.490812216454152E-7
1.490812187354223E-7
1.4908121640743452E-7
1.4908121454504844E-7
1.4908121305514228E-7
1.4908121186321904E-7
1.4908121090968152E-7
1.4908121014685217E-7
1.4908120953658926E-7
1.4908120904837916E-7
1.4908120865781124E-7
1.49081208345357E-7
1.4908120809539375E-7
1.4908120789542314E-7
1.4908120773544675E-7
1.4908120760746558E-7
1.490812075050807E-7
1.4908120742317278E-7
1.490812073576465E-7
1.4908120730522543E-7
1.490812072632886E-7
1.490812072297391E-7
1.4908120720289956E-7
1.490812071814279E-7
1.490812071642506E-7
1.490812071505087E-7
1.4908120713951521E-7
1.4908120713072044E-7
1.4908120712368464E-7
1.490812071180559E-7
1.49081207113553E-7
1.4908120710995064E-7
1.4908120710706874E-7
1.4908120710476325E-7
1.4908120710291886E-7
1.4908120710144336E-7
1.490812071002629E-7
1.4908120709931858E-7
1.4908120709856316E-7
1.4908120709795872E-7
1.4908120709747525E-7
1.4908120709708844E-7
1.49081207096779E-7
1.4908120709653152E-7
1.4908120709633347E-7
1.49081207096175E-7
1.4908120709604826E-7
1.4908120709594688E-7
1.4908120709586573E-7
1.4908120709580088E-7
1.4908120709574897E-7
1.490812070957074E-7
1.490812070956742E-7
1.4908120709564762E-7
1.4908120709562639E-7
1.4908120709560931E-7
1.4908120709559576E-7
1.4908120709558486E-7
1.4908120709557612E-7
1.4908120709556919E-7
1.4908120709556363E-7
1.4908120709555918E-7
1.490812070955556E-7
1.4908120709555272E-7
1.4908120709555042E-7
1.4908120709554862E-7
1.4908120709554714E-7
1.4908120709554597E-7
1.4908120709554504E-7
1.4908120709554425E-7
1.4908120709554367E-7
1.490812070955432E-7
1.4908120709554285E-7
1.4908120709554253E-7
1.4908120709554227E-7
1.4908120709554205E-7
1.490812070955419E-7
1.4908120709554182E-7
1.490812070955417E-7
1.4908120709554163E-7
1.4908120709554158E-7
1.4908120709554147E-7
1.4908120709554145E-7
1.4908120709554142E-7
1.490812070955414E-7
1.4908120709554137E-7
1.4908120709554134E-7
1.472789185313127E-7
0.04024948759712239
